114 231 246
142 231 78
50 142 356
74 167 2
68 68 490
48 100 435
90 163 216
12 137 5
41 69 2
132 255 120
68 132 308
161 263 346
79 186 421
142 161 1039
211 249 333
262 263 931
233 234 293
261 261 77
142 237 1725
161 233 548
87 138 168
141 186 268
42 74 123
132 197 57
145 145 237
193 193 183
132 132 740
132 198 45
4 186 49
68 144 182
132 181 147
164 246 509
107 144 220
144 163 129
163 263 227
141 233 462
162 226 28
161 230 1113
107 158 97
90 246 590
186 230 1940
107 186 659
88 148 47
143 162 206
113 164 308
144 249 249
144 229 46
144 161 271
161 164 1568
164 170 837
68 162 308
50 230 400
48 246 832
143 238 931
24 238 438
170 249 283
138 166 81
24 239 340
238 239 2885
138 230 1241
161 231 338
100 230 953
50 263 22
132 261 158
87 112 4
141 236 2264
79 249 370
237 237 2754
170 261 86
114 161 190
141 246 107
137 141 228
74 151 124
151 238 1063
24 141 23
151 151 269
151 237 213
162 239 359
170 234 1384
68 236 154
100 231 172
161 211 239
9 144 1
68 138 222
50 138 56
107 162 581
186 224 77
142 166 260
142 143 1134
33 186 26
87 209 74
138 246 180
226 260 43
90 144 131
45 68 25
236 263 2119
263 263 493
236 262 1781
161 236 1878
132 186 257
138 148 65
132 237 170
68 234 960
158 234 368
158 161 177
132 145 157
26 181 3
132 141 159
142 238 1624
152 231 6
48 225 1
234 237 561
70 163 7
158 164 104
125 246 129
137 233 367
158 246 352
13 261 120
13 79 91
144 234 361
75 236 1011
45 114 27
68 113 327
13 163 163
234 234 477
234 238 98
107 249 268
107 224 119
48 211 79
224 229 35
142 186 398
107 234 615
43 162 371
100 249 165
100 142 316
163 230 928
90 238 58
142 239 2567
142 263 344
114 142 37
246 249 339
151 239 1068
166 238 591
43 164 260
236 238 1887
140 229 948
107 170 1150
100 113 147
137 186 379
137 234 364
230 261 237
236 237 6799
143 163 533
13 170 121
68 158 300
236 239 1776
230 239 495
170 211 159
132 161 652
138 260 94
161 237 2838
50 90 129
163 246 586
141 237 2207
231 233 84
141 170 489
170 170 587
25 190 3
143 151 222
170 186 1126
164 234 904
231 234 430
138 263 175
239 243 30
161 238 322
90 232 21
249 249 248
186 249 392
50 68 353
13 246 334
12 48 7
164 239 145
48 132 504
65 87 19
13 88 145
162 164 709
79 107 688
79 229 174
38 48 1
142 142 769
162 163 918
140 237 1816
231 237 151
132 218 66
162 236 1322
138 249 45
130 132 185
90 130 3
239 239 1138
100 132 295
43 236 1073
143 186 156
79 224 104
141 229 1014
74 75 620
148 232 92
137 142 70
229 262 311
151 263 131
237 238 968
107 229 292
234 262 103
170 262 176
88 161 121
100 140 155
100 236 210
48 162 415
42 152 37
100 234 575
138 181 79
229 237 1192
163 229 444
163 186 994
186 186 195
231 231 452
48 230 629
48 113 107
113 211 314
88 246 59
68 161 655
162 186 1196
162 262 306
41 238 196
79 233 206
144 232 53
48 249 149
48 239 561
42 166 62
41 42 170
28 79 1
166 186 54
132 249 92
113 148 148
162 230 826
61 74 2
132 230 951
13 142 71
142 249 76
234 249 813
215 263 3
13 13 115
144 261 148
231 261 312
113 114 296
79 113 548
79 232 122
88 232 16
164 231 204
79 97 9
140 239 359
100 138 318
152 163 7
161 163 1632
161 234 1557
186 231 415
45 231 101
79 170 457
140 226 24
231 249 474
88 132 68
140 262 957
141 141 804
75 237 454
76 152 1
125 143 12
75 138 79
68 90 819
142 163 1123
107 140 164
140 263 993
141 263 1404
90 114 232
132 228 21
79 142 71
43 249 50
142 151 449
48 142 996
50 100 202
25 25 20
138 162 796
142 230 823
43 230 543
68 88 67
163 233 250
142 158 57
132 171 19
79 114 342
82 215 1
100 163 721
107 107 365
164 230 566
230 234 551
100 186 504
48 140 131
75 226 3
87 170 137
170 233 449
161 170 1474
237 263 1353
162 263 382
142 164 202
74 236 339
74 238 108
142 246 363
140 142 410
162 237 2077
7 162 9
56 132 89
137 170 564
56 226 4
90 132 124
43 163 557
186 233 411
79 161 252
1 79 14
143 236 508
151 244 47
33 164 10
12 164 13
12 79 4
211 232 43
107 233 358
140 141 1106
140 144 36
107 114 222
138 186 261
24 237 69
24 236 112
236 236 3068
162 209 47
140 238 326
112 239 5
61 138 30
164 164 280
35 132 11
132 263 137
137 246 75
132 239 172
68 237 304
48 238 311
237 239 1300
162 229 802
137 162 433
170 263 196
48 263 81
142 234 238
1 88 11
13 48 139
137 262 93
100 263 84
186 229 270
68 164 441
100 162 600
68 75 30
48 231 137
132 231 183
45 239 12
143 239 1503
48 161 771
114 164 140
144 230 170
113 262 47
166 236 241
140 246 61
13 113 98
100 107 228
114 148 107
113 170 413
87 132 180
33 87 12
33 107 5
90 107 376
141 142 562
229 239 178
50 239 248
43 239 720
13 87 162
87 224 13
41 142 89
79 138 129
144 164 157
61 132 100
132 155 36
164 236 284
1 164 51
107 237 325
45 249 32
80 138 34
112 162 20
68 229 101
224 234 119
164 211 178
90 234 635
107 161 566
79 140 92
142 170 337
13 230 297
79 230 119
4 4 11
68 230 645
4 113 85
113 161 402
10 132 278
45 45 17
141 262 738
107 148 165
116 138 39
152 166 106
138 233 253
138 141 205
107 137 550
138 164 511
170 224 107
162 211 112
141 158 44
48 186 783
79 158 134
68 148 103
79 90 226
68 163 434
132 170 444
163 237 1582
43 161 995
161 239 612
151 161 92
163 170 693
229 236 814
211 261 148
148 162 78
116 238 42
41 151 262
162 170 1241
79 162 210
88 100 59
209 229 17
140 162 884
158 211 241
4 144 42
211 246 213
79 137 394
79 148 327
163 211 143
163 239 776
114 234 507
25 66 7
141 162 882
87 114 60
166 239 431
234 239 143
90 231 244
177 231 1
48 164 335
211 231 396
87 211 103
43 237 1082
161 229 781
234 246 717
239 246 252
50 237 146
68 186 657
1 234 44
50 163 320
82 129 9
211 234 385
164 249 230
88 164 77
148 237 41
48 229 142
79 234 554
80 230 4
90 141 78
223 230 7
223 223 34
43 65 5
43 142 829
13 100 125
100 114 100
142 162 599
80 162 7
142 236 1356
141 239 459
143 237 545
158 230 132
13 161 290
107 163 191
186 234 1054
4 234 69
79 246 133
211 230 170
148 231 146
37 138 24
186 239 265
75 148 9
132 236 192
100 164 406
7 74 2
164 186 565
90 113 394
113 144 317
161 249 249
121 216 7
130 216 2
50 246 420
209 246 25
138 261 135
74 162 25
7 186 18
148 249 117
13 137 40
144 231 306
114 132 81
137 243 3
170 236 498
132 262 124
211 256 10
138 142 239
68 107 290
140 236 1554
142 262 262
1 13 53
48 125 38
262 262 259
164 262 57
141 230 223
230 246 952
138 238 143
65 239 3
137 140 179
238 238 814
186 236 333
113 234 760
48 170 431
233 246 81
7 239 6
75 142 158
132 164 516
12 148 11
186 209 39
41 74 205
74 263 358
229 230 224
140 140 500
132 233 254
132 139 28
42 237 36
162 189 6
113 186 396
75 263 611
164 261 111
158 186 223
13 158 229
43 263 264
72 132 25
129 246 3
162 231 222
37 170 7
68 114 206
229 263 478
239 263 422
13 234 180
13 211 166
239 249 57
90 211 212
148 209 39
233 249 57
114 249 310
144 158 162
45 234 34
87 148 84
41 43 119
161 162 1367
141 161 787
100 229 180
107 164 424
140 170 345
48 234 300
12 230 32
88 230 91
48 143 497
42 143 26
163 238 345
237 249 149
79 144 325
143 189 2
230 262 51
50 161 271
138 197 9
48 68 901
186 246 853
68 246 954
42 263 43
163 236 1254
74 74 168
113 113 219
43 246 183
33 209 11
45 79 55
113 132 91
90 186 539
211 237 108
66 144 31
66 189 2
144 263 19
163 231 162
107 142 120
56 107 2
48 141 156
140 161 652
107 236 208
48 50 535
125 181 3
237 262 1148
132 238 136
142 233 136
69 159 2
43 141 321
237 246 319
93 233 6
79 211 238
161 246 807
68 249 468
79 125 97
83 196 2
148 148 97
148 230 67
45 106 2
65 114 8
12 161 19
233 236 226
87 162 121
162 234 696
100 161 1188
75 75 312
87 177 2
48 138 299
87 142 23
232 239 13
143 234 97
100 239 203
202 202 2
90 142 128
132 163 494
1 161 123
68 239 220
145 229 18
246 261 145
100 261 121
170 237 986
151 166 496
148 170 125
100 148 72
140 163 345
74 140 134
79 132 165
52 79 6
164 233 298
229 234 244
137 224 83
75 229 80
66 88 16
43 113 74
249 261 86
90 170 443
236 246 181
61 186 9
142 144 53
132 211 79
52 162 6
95 163 8
114 144 151
48 114 55
43 48 336
24 140 35
92 132 43
186 263 115
113 163 142
163 234 513
90 237 198
229 233 549
244 247 6
138 163 528
114 162 115
68 211 249
13 162 184
13 68 248
48 261 113
48 146 5
75 143 86
186 262 104
107 113 446
48 74 21
132 138 348
48 262 67
24 75 46
45 107 32
114 186 206
74 211 2
138 140 178
87 234 124
114 261 63
121 138 11
50 107 48
132 246 121
132 152 8
186 237 588
113 140 97
68 170 429
79 236 79
79 141 116
48 107 148
48 48 570
161 186 1860
43 261 47
138 143 87
100 170 596
143 143 405
87 161 191
132 133 12
107 211 176
50 144 26
129 141 8
102 132 14
50 186 241
161 262 267
114 163 89
142 229 278
162 246 370
62 113 3
68 140 91
41 263 52
148 161 96
144 186 263
230 233 228
87 233 74
4 148 76
87 231 284
12 100 10
132 140 103
145 161 30
45 162 32
90 158 312
90 162 168
41 116 28
66 230 9
40 66 3
16 237 1
138 170 450
129 196 5
129 260 17
87 100 49
79 164 211
113 233 111
113 261 82
132 216 200
93 132 438
132 219 126
100 219 3
132 162 516
45 144 47
87 246 117
141 238 333
45 148 41
230 230 396
129 138 302
151 255 1
148 261 80
229 261 35
145 146 15
141 223 4
75 161 151
140 233 403
88 237 27
161 256 11
66 246 10
45 87 83
90 230 312
43 170 235
50 50 132
164 229 272
132 243 39
140 234 183
48 233 117
100 144 114
45 230 38
144 148 124
129 132 61
141 143 196
141 234 192
144 162 123
170 230 554
151 186 45
48 158 119
151 236 407
75 163 97
138 161 1078
113 230 160
4 137 47
138 252 31
132 137 65
132 203 69
43 43 515
24 35 1
17 132 63
161 161 1027
48 237 417
143 243 12
238 243 29
161 223 6
22 148 3
1 233 32
143 230 250
100 233 246
100 226 14
132 166 92
100 237 399
66 100 4
75 262 230
238 246 181
79 237 120
41 132 62
224 233 47
224 230 12
39 205 1
72 188 4
43 90 60
48 90 303
41 166 200
75 152 21
24 151 177
100 211 98
132 225 42
107 238 56
113 125 145
49 132 89
224 249 24
13 148 67
43 132 110
80 166 1
239 262 270
42 238 47
45 232 27
75 79 21
230 237 626
107 262 89
17 138 26
48 163 670
74 116 24
90 249 580
158 163 98
107 132 213
10 148 2
43 229 159
90 224 44
138 224 40
43 238 562
144 246 133
48 151 101
226 233 10
75 238 455
138 262 163
119 234 2
90 140 65
144 233 58
233 262 134
7 138 113
79 262 60
45 229 20
41 75 206
232 234 60
132 196 67
45 141 12
13 45 35
50 209 5
137 138 79
138 236 253
68 166 36
211 233 40
90 137 147
68 100 383
87 249 64
138 226 54
45 209 31
141 249 48
223 233 1
50 79 33
45 113 24
162 238 212
97 113 8
66 97 13
88 170 70
87 88 67
69 237 4
229 249 54
45 90 26
74 144 5
90 229 86
24 220 2
74 241 1
113 246 184
116 234 10
48 236 334
132 188 59
75 147 6
132 160 26
43 151 196
88 137 35
79 223 2
50 158 57
209 261 38
211 263 19
113 137 174
140 151 90
107 263 111
25 113 12
144 170 181
43 186 293
246 246 370
68 145 14
186 238 154
48 66 4
141 164 176
229 229 323
132 142 217
66 87 18
87 186 142
113 255 8
170 246 388
42 75 110
125 230 92
125 158 145
89 249 1
138 237 278
97 97 18
209 237 16
113 151 8
138 239 202
137 229 344
158 261 68
145 162 28
233 237 386
113 229 95
88 231 165
90 164 371
209 234 47
238 263 410
88 233 57
25 138 45
141 148 19
148 234 150
88 163 50
234 261 119
64 132 13
181 262 2
162 232 24
74 249 9
163 164 632
144 236 64
144 224 23
74 262 138
74 244 29
100 262 48
163 261 103
25 79 7
4 79 127
48 148 47
37 90 5
132 252 22
79 238 26
68 238 102
12 68 12
170 229 740
162 162 614
113 236 152
142 261 37
79 79 416
234 236 321
132 165 26
41 262 21
68 263 55
95 138 56
48 137 92
55 231 1
230 249 178
230 231 267
43 233 78
202 236 5
151 262 50
45 49 2
40 125 4
52 144 2
50 162 170
140 261 23
13 164 140
138 258 5
75 113 17
66 186 5
158 162 83
170 231 203
141 163 508
29 137 5
116 244 64
48 88 39
50 143 266
66 140 6
132 234 193
4 140 18
89 132 66
113 162 181
231 232 53
4 87 31
12 261 17
100 143 125
100 152 6
24 256 2
237 256 4
75 239 214
164 238 83
137 164 274
28 132 181
68 134 1
91 231 2
79 231 231
113 231 349
164 256 6
48 79 101
100 246 634
87 263 26
162 224 63
162 233 435
4 231 24
1 163 84
114 238 17
13 239 53
45 65 20
1 158 25
75 164 54
42 163 16
41 236 164
75 170 76
50 166 25
90 161 359
90 100 355
236 249 83
13 43 55
1 142 33
4 163 9
45 158 20
158 249 313
132 146 44
226 229 25
48 209 11
7 140 40
209 230 25
42 151 45
79 263 72
83 132 9
4 90 23
224 239 10
13 50 59
114 246 159
119 132 8
132 143 64
100 232 19
236 261 28
93 145 8
17 100 6
68 231 342
48 144 76
7 24 1
7 145 20
1 100 62
209 231 105
13 144 130
233 263 172
141 209 17
88 162 104
113 238 43
113 249 500
114 236 67
41 41 146
33 234 17
13 125 106
45 161 42
138 209 48
90 209 16
50 132 84
43 79 40
114 237 83
1 1 67
43 144 43
17 225 4
14 138 12
61 158 2
243 243 10
107 231 181
146 233 13
79 80 5
141 211 49
43 231 61
137 236 120
113 239 54
234 263 89
13 232 18
232 249 35
45 142 9
138 144 46
4 233 26
125 132 86
141 226 20
68 142 371
143 246 280
68 137 124
13 66 13
36 132 35
137 165 4
93 138 25
114 143 23
113 141 57
148 163 49
82 230 8
54 186 2
50 234 151
114 137 104
107 141 193
7 236 10
142 260 7
100 158 106
186 261 211
43 114 36
79 100 124
113 224 54
1 48 48
68 87 95
164 226 14
43 100 243
65 148 19
12 163 7
65 68 11
162 179 10
148 158 58
49 138 34
125 231 232
129 129 26
151 246 53
65 132 69
24 166 159
75 132 76
223 238 5
68 261 139
68 262 36
74 239 77
29 132 23
90 90 274
75 140 216
90 233 86
87 163 54
125 261 62
68 233 103
43 143 274
90 143 70
107 226 12
88 113 26
144 237 106
143 161 315
52 132 24
140 143 143
114 170 215
13 166 5
13 249 192
216 216 22
33 181 13
107 138 167
68 141 95
107 246 202
151 164 24
7 132 80
230 236 429
158 170 117
113 237 214
79 87 115
138 223 152
113 142 94
209 244 2
75 151 185
186 232 33
125 233 17
48 173 2
13 231 516
161 261 207
238 262 246
4 211 17
4 132 33
12 231 26
1 186 39
88 186 76
138 251 1
209 211 26
112 225 2
88 158 33
13 132 154
97 224 1
224 261 10
224 246 8
12 162 12
4 25 2
75 234 34
42 162 9
138 234 210
133 170 2
114 211 128
151 229 26
100 141 158
43 234 175
148 256 28
158 231 347
137 144 60
239 244 57
17 107 5
68 143 186
1 87 34
41 138 44
87 144 111
138 151 85
112 170 14
14 231 1
231 239 70
13 236 38
43 209 13
40 138 23
137 238 52
143 211 31
137 231 67
140 231 69
70 226 5
43 87 18
125 249 214
239 261 21
25 49 12
142 160 1
88 239 8
140 186 292
100 151 28
100 100 163
138 138 268
100 217 4
161 217 16
1 162 89
116 263 10
43 262 163
42 142 32
232 233 20
148 211 130
132 149 12
33 50 3
162 249 137
158 237 111
151 170 44
13 186 278
50 140 43
148 255 21
186 255 23
90 261 49
4 162 26
39 132 50
24 116 31
66 195 1
66 112 1
209 232 22
97 209 4
132 201 9
164 237 512
148 186 153
21 144 2
21 89 1
138 189 27
230 238 211
137 158 36
1 138 6
208 230 1
13 90 95
45 261 67
112 211 7
132 223 79
112 255 11
71 132 19
137 137 137
75 230 42
137 263 107
112 138 51
209 262 2
211 236 57
42 153 2
144 198 1
66 132 30
42 186 19
75 244 28
114 232 22
12 13 26
181 186 22
21 71 1
71 108 2
1 211 12
166 244 59
202 246 2
24 100 7
42 164 9
113 143 37
231 236 80
87 229 44
125 234 217
137 239 67
33 162 30
25 186 20
1 230 154
4 209 8
66 162 12
66 233 8
124 132 39
163 249 138
74 147 3
151 249 16
42 141 11
43 50 76
88 114 16
33 161 32
125 211 88
161 232 28
148 263 21
161 209 43
43 75 184
170 239 230
113 209 21
79 255 12
151 163 135
66 107 12
66 80 3
50 164 123
1 238 8
145 262 4
66 114 6
62 132 26
114 158 148
141 231 55
65 261 16
179 234 6
43 68 159
80 132 85
100 218 1
7 179 70
1 132 32
37 232 2
181 181 38
88 166 4
24 161 29
144 211 107
24 41 77
87 143 10
29 158 1
146 179 20
13 107 87
114 114 83
170 195 3
130 138 11
43 166 124
113 158 285
68 79 212
10 186 6
230 263 93
140 224 55
91 140 4
125 148 45
148 229 42
1 261 32
89 138 17
145 238 2
41 100 19
224 232 15
68 244 10
116 243 6
37 255 4
231 246 394
158 239 40
93 113 3
4 141 14
39 261 2
65 255 8
138 232 26
50 170 100
148 246 83
138 198 21
186 211 230
142 224 11
7 193 47
45 170 44
163 262 148
107 261 46
43 138 121
43 211 42
138 146 48
209 263 10
13 209 39
24 137 4
97 138 36
43 148 32
138 179 38
4 230 13
42 43 19
88 226 1
231 238 44
209 224 5
50 233 33
132 168 10
40 181 10
162 261 118
70 138 68
129 230 4
50 151 44
43 88 23
68 108 1
50 88 11
50 231 64
186 256 14
52 236 4
229 238 89
76 132 72
5 132 1
100 137 169
226 238 2
12 144 20
12 170 7
97 217 4
130 130 8
140 230 161
162 255 15
14 186 11
137 163 117
38 132 34
143 170 138
42 42 84
138 229 247
24 143 71
65 186 15
75 232 7
66 256 5
18 223 1
143 263 117
13 238 26
114 125 83
7 88 4
36 68 1
132 247 9
144 255 12
97 186 12
40 97 7
40 144 7
164 263 74
1 144 16
42 239 37
13 233 65
75 224 10
1 33 1
114 255 9
49 211 9
132 158 96
132 229 182
43 107 73
37 79 2
158 263 14
107 230 184
50 261 34
141 188 2
106 186 7
50 236 90
74 142 43
137 143 21
36 138 16
50 113 47
209 256 1
82 138 25
68 116 10
236 255 10
10 163 2
12 125 4
127 153 3
42 244 34
116 142 32
4 229 15
141 260 8
231 255 8
7 229 21
171 197 1
68 226 5
148 233 50
112 161 14
229 246 72
12 66 3
151 230 63
148 164 90
45 186 47
53 263 6
112 164 6
82 261 4
88 209 50
65 161 15
43 243 11
88 261 90
215 216 3
88 88 16
144 209 53
45 255 1
45 48 18
160 239 2
26 237 6
238 244 84
12 152 1
125 161 100
152 249 1
24 132 31
100 243 2
50 238 125
41 239 150
166 263 50
244 263 12
107 143 40
1 90 15
65 88 8
116 141 11
116 236 19
132 200 16
233 238 62
107 256 14
42 230 11
143 166 113
1 113 17
95 231 2
132 157 67
230 260 4
48 145 14
132 134 60
114 209 26
137 161 310
7 234 6
224 231 26
138 231 163
138 160 12
145 170 28
132 179 21
87 113 62
87 230 104
33 249 6
138 216 4
151 162 72
33 138 50
140 164 122
24 107 2
1 137 2
88 138 102
87 151 5
74 141 99
125 170 80
13 114 74
100 224 23
163 163 314
95 170 10
41 237 69
66 146 1
82 132 93
125 144 88
132 244 35
142 145 16
132 189 45
65 112 3
173 226 1
7 226 33
25 61 5
45 66 6
74 79 12
42 116 42
164 224 41
7 223 42
33 237 21
138 158 40
65 230 13
36 90 2
75 186 82
152 238 76
90 138 84
68 89 4
80 100 5
170 223 4
69 230 3
138 202 9
1 143 10
1 236 13
143 231 57
4 48 6
132 260 57
45 237 10
101 101 2
166 246 46
233 261 53
33 231 50
141 217 4
17 65 6
151 220 2
50 262 19
88 255 2
95 132 104
142 244 52
41 90 15
125 138 56
140 166 49
17 186 12
66 161 22
1 255 1
112 114 4
76 138 4
12 87 5
48 61 6
129 239 3
114 233 53
7 261 1
181 224 7
47 152 1
48 215 4
48 244 26
50 244 8
132 148 157
125 229 10
74 243 2
125 125 26
138 211 57
141 144 37
1 246 55
20 213 1
54 161 2
75 158 9
52 138 15
87 164 102
25 132 80
36 186 3
86 132 22
114 262 18
68 151 47
4 100 15
75 249 10
1 43 13
231 256 13
151 232 3
50 141 53
90 239 87
7 75 10
107 239 70
66 138 20
12 211 6
90 145 7
37 132 62
91 132 27
1 107 15
82 146 2
79 151 15
132 226 139
181 261 12
34 132 2
247 247 2
137 148 92
98 132 19
142 209 10
100 135 1
65 162 14
33 97 12
107 223 2
158 158 95
33 132 71
74 168 20
80 186 8
4 256 3
163 223 4
127 263 4
1 68 43
146 229 13
114 230 113
10 142 2
181 195 3
45 233 24
74 87 3
49 97 15
125 186 145
88 144 48
40 132 32
41 161 28
43 129 3
132 227 9
146 162 9
140 181 13
65 138 46
97 161 7
10 230 14
70 129 2
7 141 15
7 260 11
7 100 9
61 233 2
50 87 35
113 226 6
141 166 35
48 197 1
132 256 61
125 224 3
170 232 49
116 239 39
232 246 13
236 260 3
113 217 2
14 132 50
7 161 24
42 226 1
170 238 113
68 248 19
45 163 9
74 233 12
233 255 11
260 260 20
161 224 60
33 148 13
75 166 103
146 146 60
133 165 5
216 230 1
75 162 132
137 211 46
87 158 60
88 141 24
11 132 7
87 125 60
54 234 3
24 142 149
43 45 9
233 233 137
4 161 26
166 166 190
166 209 2
88 107 41
78 254 2
136 242 2
41 140 31
127 132 4
244 244 53
65 231 32
132 215 107
41 163 25
138 255 55
65 144 26
163 166 68
43 158 40
143 144 20
148 236 36
79 163 99
230 243 15
90 125 134
237 261 46
75 107 37
66 261 16
158 233 19
140 211 36
22 132 14
132 224 47
12 237 2
151 247 3
138 175 9
65 256 9
132 209 66
61 234 6
125 262 8
137 232 57
21 132 8
142 243 30
25 65 16
41 231 8
151 152 61
162 243 4
68 257 1
45 88 43
95 134 3
224 263 22
7 170 19
45 137 24
68 123 1
87 137 55
114 239 24
113 166 11
75 141 244
138 244 54
24 24 33
233 239 74
107 130 4
132 144 97
41 143 38
25 87 8
74 166 116
129 233 2
87 262 17
236 258 1
137 237 214
66 163 7
66 148 15
97 132 50
124 177 1
37 77 1
79 88 60
13 140 61
106 132 11
82 95 5
41 141 38
1 229 7
83 260 6
68 255 12
163 181 4
152 244 39
116 152 32
55 132 13
100 238 89
157 161 6
88 236 24
12 43 8
125 142 20
1 239 19
10 48 8
164 209 33
166 170 23
162 181 12
116 161 7
107 209 29
144 144 74
4 138 12
69 75 3
112 229 6
145 230 25
87 261 113
13 141 39
211 229 39
1 249 21
137 256 14
12 246 12
70 132 23
163 244 19
7 230 11
243 244 26
4 158 10
7 7 103
129 145 2
33 170 26
209 236 15
132 159 3
246 263 35
45 138 17
179 238 1
4 107 65
224 237 27
114 140 48
161 202 4
112 193 5
65 66 17
43 244 27
106 144 2
27 138 1
125 263 7
166 237 106
1 170 36
140 165 5
66 255 9
181 255 2
74 170 29
63 132 26
132 210 21
137 249 85
65 262 3
89 188 9
161 166 65
50 137 30
24 246 10
132 135 26
168 236 8
146 163 4
143 229 78
140 249 55
66 198 1
106 211 4
88 234 63
140 152 7
236 256 5
132 220 16
33 246 14
146 223 9
257 263 1
143 233 40
119 151 1
160 182 1
50 216 1
88 125 23
13 52 6
138 256 23
82 82 14
114 224 19
66 209 9
50 211 37
35 209 1
238 249 32
43 137 35
130 180 2
13 263 18
138 208 9
43 74 60
82 90 2
47 132 4
226 236 11
217 226 1
202 237 7
170 209 29
100 180 1
12 158 5
45 246 22
43 232 5
145 237 25
65 97 20
52 209 4
88 263 12
70 139 2
145 246 4
88 229 29
101 132 10
45 262 21
37 72 3
226 237 29
7 112 3
10 238 1
45 211 37
48 75 53
24 43 61
152 239 25
48 87 46
37 80 6
24 186 22
74 248 4
140 145 18
24 68 18
138 157 7
14 246 2
22 228 2
87 87 63
71 123 2
33 66 15
165 257 1
135 162 1
229 231 62
15 132 10
181 233 5
161 216 2
7 66 2
48 166 61
79 209 39
36 209 1
50 224 6
13 14 3
79 261 54
90 255 9
112 217 2
68 125 150
90 95 4
144 189 5
181 189 11
92 138 49
136 138 1
87 107 82
75 100 40
140 197 1
14 33 4
87 140 52
112 233 11
25 164 8
65 209 10
107 232 59
137 230 117
112 142 4
74 138 77
4 170 37
138 171 20
143 164 85
7 137 24
160 226 2
132 151 66
142 200 4
100 223 4
116 246 7
116 186 7
43 140 243
50 249 55
236 243 19
137 227 2
42 88 4
197 197 10
33 113 13
196 226 6
45 263 6
112 132 54
125 141 11
48 196 4
138 145 57
48 65 8
72 97 6
226 230 13
24 74 48
56 229 3
25 112 1
113 263 34
90 169 2
40 52 11
39 140 5
4 68 28
116 143 13
7 113 2
114 141 25
13 138 169
151 261 4
88 211 28
67 233 2
33 33 24
80 112 5
132 205 25
107 145 11
164 232 15
13 237 70
65 80 4
95 164 4
74 161 36
106 255 1
163 179 3
17 87 2
4 125 12
140 209 31
87 237 49
152 237 12
90 236 97
24 230 24
226 226 84
24 152 29
188 188 11
90 97 5
132 222 12
100 153 1
113 260 2
1 141 4
161 219 1
223 237 11
95 239 1
26 138 11
79 239 54
132 232 28
50 148 12
41 79 9
113 138 105
246 255 7
4 114 44
1 125 13
227 228 4
132 150 14
144 244 2
125 163 44
48 60 1
164 200 1
60 78 1
65 234 5
70 170 1
141 261 27
138 188 20
53 236 8
87 141 31
107 222 1
33 52 34
163 209 17
47 247 1
55 149 2
24 234 14
60 263 1
161 196 5
243 263 6
45 135 1
138 243 28
138 193 6
75 241 4
186 260 6
116 116 46
125 237 34
157 162 4
113 127 3
28 185 1
33 79 17
114 229 52
45 125 9
20 230 2
65 142 6
1 237 21
129 140 20
13 181 12
97 255 5
87 256 10
123 261 1
12 233 2
142 211 52
92 163 1
16 138 13
64 233 2
12 45 7
66 164 9
211 211 66
43 193 2
71 87 1
97 231 16
69 169 1
98 138 10
10 236 3
97 140 9
145 249 2
45 227 9
144 239 29
127 161 3
37 186 5
7 232 1
74 234 9
41 246 23
226 234 10
13 81 1
90 109 1
50 114 24
140 157 2
69 183 1
79 155 1
141 145 20
166 243 13
66 236 6
138 159 4
168 238 5
87 232 44
48 232 7
17 188 5
71 163 1
76 97 1
87 92 3
125 164 89
162 202 9
193 237 3
132 180 22
7 146 56
202 229 6
121 132 28
85 132 9
142 232 9
40 236 1
74 152 26
51 132 7
12 209 5
123 132 19
152 168 4
170 202 5
151 234 31
132 213 7
179 179 12
41 48 30
75 90 11
33 68 13
33 90 6
127 138 13
100 130 2
17 144 3
237 244 18
50 125 21
165 230 2
160 229 3
137 261 23
70 140 3
125 236 20
152 263 7
74 100 20
249 262 20
25 137 12
25 177 3
40 190 1
186 226 16
41 162 32
90 148 53
86 138 2
141 224 23
56 100 5
28 68 3
100 209 9
158 209 12
7 43 5
25 40 6
116 231 3
24 162 21
232 262 6
74 132 40
33 233 15
42 236 51
49 49 2
170 188 6
179 226 13
134 137 1
56 164 9
48 226 10
132 167 9
58 242 1
107 160 2
236 244 26
117 162 1
132 194 14
145 224 2
148 225 2
17 217 5
67 181 1
12 249 5
163 202 6
97 233 2
56 163 2
87 239 17
88 249 21
55 137 5
145 186 17
68 196 2
140 215 2
37 145 2
10 249 1
181 231 12
162 220 6
50 75 21
93 142 3
140 146 13
65 79 10
211 217 2
114 138 41
41 230 31
127 236 6
40 163 1
157 226 2
21 236 2
47 263 2
68 216 2
148 239 15
42 68 11
76 197 1
186 189 8
4 43 3
42 132 38
136 231 1
141 151 68
255 256 7
100 102 2
138 228 9
226 249 5
163 255 15
42 233 10
28 164 3
142 181 4
100 169 3
43 223 3
125 162 53
1 114 11
137 179 6
132 193 12
25 163 6
112 237 17
25 33 38
74 229 33
230 256 5
50 229 43
162 260 8
88 90 25
188 237 2
92 231 3
1 148 14
62 261 1
53 132 11
132 182 7
28 170 2
186 244 26
45 164 21
82 249 3
132 177 18
32 132 3
151 192 1
178 233 1
148 224 27
246 262 44
65 228 3
129 170 11
7 237 31
43 125 23
93 162 4
49 87 5
69 247 2
168 168 19
207 207 44
80 158 1
74 237 92
4 151 8
138 196 18
97 141 3
100 125 49
90 262 27
68 97 12
52 255 1
53 138 6
92 129 2
45 224 7
70 230 7
133 234 5
24 79 5
179 198 1
1 116 1
68 95 3
129 226 14
41 152 44
90 223 1
140 175 4
231 263 34
58 132 2
116 132 23
71 138 4
68 71 3
42 100 19
98 133 1
236 247 4
33 163 8
17 75 2
42 234 6
158 181 6
4 45 11
52 97 6
87 181 14
68 232 21
75 233 42
45 169 1
138 152 13
211 255 8
138 247 6
166 230 53
129 223 12
137 255 8
97 232 8
45 100 26
166 249 8
69 132 7
113 232 56
45 132 27
146 237 26
97 142 3
37 65 2
4 236 10
151 233 14
95 226 5
37 63 3
141 244 21
26 89 3
54 190 1
17 234 7
42 138 42
90 116 10
34 90 1
179 223 24
24 163 32
14 133 7
137 181 11
194 239 1
97 162 6
116 163 12
106 140 1
17 229 1
97 234 9
33 77 1
186 223 3
49 137 4
61 91 4
72 162 3
244 262 9
82 263 2
42 90 10
209 249 14
67 137 2
120 238 2
37 236 1
12 186 10
13 229 42
181 226 1
161 171 2
137 217 16
123 237 3
52 148 2
25 233 5
26 118 2
55 100 1
87 195 3
132 175 13
223 260 6
80 237 2
83 226 7
52 170 4
132 241 6
50 194 1
186 247 2
67 261 2
25 237 5
138 225 15
40 234 5
209 239 9
11 14 3
106 138 12
170 228 2
162 195 4
77 132 7
195 261 6
181 244 2
161 244 14
166 229 20
24 138 22
75 179 11
141 179 10
7 142 8
37 153 1
162 166 36
89 233 1
41 170 12
74 107 12
90 181 10
25 52 8
33 88 10
107 151 23
75 246 21
96 138 1
43 181 4
10 10 5
10 113 2
227 230 1
68 72 4
25 140 4
4 88 13
170 256 13
255 255 2
179 258 1
13 143 28
19 132 17
142 152 18
7 70 4
12 234 7
52 142 1
233 243 3
1 50 10
25 37 3
24 244 14
92 134 1
48 243 10
97 228 2
157 160 1
69 137 6
13 65 4
138 165 6
157 196 3
49 144 5
66 231 29
127 142 9
71 140 3
1 152 1
196 237 2
55 65 2
132 258 20
49 186 5
41 158 4
43 81 1
195 249 4
158 236 64
195 231 3
163 232 10
14 67 5
209 209 14
77 205 2
7 249 1
116 237 8
74 125 1
93 230 13
232 232 20
155 261 1
4 74 2
100 145 12
56 140 1
164 165 2
33 100 16
41 186 29
196 196 4
113 181 10
25 261 8
88 224 8
146 193 19
112 146 3
127 140 4
43 145 6
82 179 2
51 250 8
42 170 19
90 256 5
132 208 7
102 138 8
65 137 17
65 195 1
49 112 1
145 234 15
17 256 4
197 230 1
181 237 19
25 97 14
137 209 23
166 233 12
1 75 3
33 261 18
89 97 3
83 90 1
100 166 31
52 113 5
125 209 8
74 169 1
24 42 19
98 161 1
50 220 2
10 13 5
193 226 9
41 247 5
68 209 25
24 263 38
181 234 15
141 193 7
25 78 1
36 246 2
43 256 4
50 65 4
51 138 6
17 112 3
75 168 12
80 145 2
74 205 2
24 170 15
122 138 2
26 165 3
132 147 4
127 143 3
231 262 22
144 256 16
50 195 1
135 138 14
4 262 5
140 160 5
134 135 2
100 189 1
74 143 16
102 230 1
132 169 13
93 141 3
42 107 14
74 137 23
234 256 16
179 186 5
79 166 8
233 256 5
256 261 11
145 148 2
188 249 3
228 261 4
25 189 3
42 161 12
87 133 5
95 261 1
127 238 11
14 135 3
132 183 1
87 236 38
232 236 21
76 222 4
69 263 3
227 236 1
143 224 8
68 130 3
42 231 7
97 106 1
26 26 6
69 138 11
69 74 6
107 125 61
75 167 3
10 116 2
186 225 4
141 232 15
87 242 1
88 140 40
220 230 3
48 224 16
33 142 10
82 211 2
16 234 1
143 249 36
49 215 1
100 256 4
140 210 6
17 33 3
40 244 1
74 126 1
138 219 4
146 186 6
166 262 37
40 68 5
90 227 2
68 74 13
4 232 24
145 193 24
144 238 11
146 236 3
138 167 1
211 238 18
82 113 1
127 239 14
37 100 2
117 189 1
138 182 3
20 68 1
157 197 1
138 173 11
112 186 9
134 197 5
124 216 2
107 255 12
48 82 7
230 259 1
140 148 33
152 161 2
171 261 2
148 238 10
48 130 2
82 233 3
151 200 2
48 80 2
119 244 2
170 174 1
10 231 3
100 244 5
40 211 5
138 259 6
24 113 4
224 236 23
114 127 1
141 152 7
10 151 2
33 232 6
83 238 1
17 72 2
33 144 24
33 112 2
233 260 5
100 195 2
132 257 23
129 186 3
24 231 5
149 155 10
100 117 1
33 211 13
10 244 1
143 152 12
137 189 4
42 225 1
145 263 7
161 181 12
163 216 2
64 138 8
162 256 7
50 145 2
223 262 4
49 100 2
40 246 3
119 247 1
261 262 11
186 220 4
193 252 1
100 116 13
116 137 5
95 142 5
190 256 1
230 235 2
141 213 2
97 148 13
163 195 2
52 261 3
8 75 1
163 224 15
37 167 1
144 151 7
95 229 9
132 191 23
25 75 3
211 225 1
1 166 6
97 239 3
45 140 16
226 261 1
90 151 24
152 236 14
126 236 1
66 142 3
61 249 1
10 79 4
223 229 3
140 158 34
66 181 8
40 195 5
232 261 25
107 165 8
25 232 5
116 151 44
190 210 1
140 200 11
75 116 16
12 232 4
139 218 4
42 48 20
170 255 9
107 188 8
93 262 4
95 186 2
82 164 4
52 234 9
146 170 5
25 54 2
30 132 2
12 50 5
143 262 75
40 142 3
158 229 26
66 170 13
114 226 3
168 247 3
132 202 14
130 261 1
42 168 6
116 166 56
12 33 4
158 238 24
140 194 1
24 127 3
232 256 5
125 238 13
164 202 2
7 202 3
160 161 4
52 181 4
61 262 1
144 262 15
52 246 3
151 231 8
50 116 7
140 247 4
40 148 5
80 231 6
145 164 16
163 190 2
146 161 17
161 226 23
7 90 7
235 238 1
68 181 7
143 261 12
55 232 1
238 255 2
13 262 19
7 129 18
144 181 10
170 226 18
256 256 5
179 229 5
49 148 3
132 173 6
161 193 6
143 193 1
143 194 2
249 263 21
66 125 6
79 143 16
74 159 7
83 100 3
45 225 4
211 224 6
75 194 7
188 231 3
75 144 8
154 261 1
33 65 13
7 233 6
61 65 8
138 156 2
33 114 17
108 148 1
112 179 3
244 246 9
223 263 3
112 163 5
202 230 2
17 148 4
129 237 8
92 236 4
125 232 21
114 263 23
7 50 4
260 262 2
24 48 31
162 177 3
112 144 9
48 116 18
79 256 12
132 195 11
133 144 2
48 152 17
24 90 8
112 226 6
4 261 14
186 192 1
33 229 7
87 126 1
70 179 3
4 238 3
33 34 3
52 114 6
47 186 1
144 225 4
137 146 8
40 186 6
33 262 1
41 249 6
41 164 18
48 235 1
143 148 8
12 195 1
181 227 1
7 163 15
65 229 8
220 237 4
229 255 3
25 67 1
41 244 23
138 257 6
195 195 2
122 132 3
74 127 5
43 202 1
16 158 1
41 159 4
42 220 2
61 163 1
209 233 21
68 256 6
230 232 14
40 87 6
232 238 3
41 229 13
211 239 22
239 255 4
190 236 1
145 219 1
19 70 1
7 211 2
87 255 10
230 244 19
232 237 18
80 255 3
48 255 6
88 181 7
61 141 4
114 190 2
49 79 8
28 138 12
39 138 5
145 236 5
20 132 7
25 148 7
55 261 1
78 138 5
79 213 1
66 238 3
33 137 24
25 228 2
100 146 6
146 160 1
152 220 2
107 112 6
13 40 8
61 181 6
188 189 1
202 261 1
29 186 2
66 211 9
13 227 2
61 142 1
164 244 11
146 263 4
52 164 4
61 148 5
25 234 9
13 61 2
37 45 1
17 62 1
10 138 11
7 79 4
50 112 2
164 212 1
164 217 6
220 220 11
113 157 2
8 138 3
33 236 10
12 65 2
213 213 2
31 163 1
43 66 4
130 230 4
148 196 1
79 181 6
74 247 11
79 112 7
135 140 2
146 238 2
50 243 5
40 230 2
66 79 7
66 223 1
140 244 26
90 263 24
88 106 2
210 261 1
90 191 1
12 113 7
79 188 6
130 163 1
74 194 2
25 68 5
129 163 5
12 255 1
1 124 1
142 226 10
223 243 1
137 157 2
89 186 8
76 79 2
127 127 6
93 229 8
40 114 3
113 173 1
132 217 14
151 211 6
25 231 23
83 107 1
8 263 1
75 254 1
211 262 19
90 166 15
16 132 14
145 226 33
167 230 1
93 231 4
66 234 15
114 243 2
68 220 4
97 246 5
74 148 6
42 247 12
123 123 5
36 65 1
36 95 1
25 181 23
82 260 8
82 161 6
169 236 2
79 225 3
230 255 3
10 261 1
74 90 9
49 181 4
87 215 6
33 40 20
29 68 1
23 170 1
65 164 8
17 113 5
3 132 3
48 71 2
10 68 7
42 93 1
50 193 1
4 224 12
82 142 3
33 230 8
98 137 2
61 114 4
127 166 5
66 237 4
165 209 1
112 249 5
116 127 3
75 243 7
10 100 4
130 141 2
61 228 2
169 208 1
4 75 8
60 90 1
65 237 8
230 250 1
79 93 6
33 54 3
31 233 1
45 236 13
49 256 5
41 233 5
49 189 1
97 181 10
140 223 9
4 239 6
148 262 15
194 237 2
65 217 4
41 137 9
13 35 1
232 263 13
12 256 1
129 229 12
83 138 18
69 233 3
37 76 6
9 132 9
180 203 1
90 244 4
188 195 1
7 246 3
61 162 3
24 144 4
128 236 2
223 226 8
202 263 1
234 260 3
70 255 1
65 263 5
136 235 1
163 175 1
17 146 1
43 226 8
95 233 5
89 262 1
37 95 1
50 66 2
149 246 1
138 192 7
4 249 27
69 151 3
146 226 24
12 141 4
125 185 2
47 47 1
200 237 4
10 38 1
90 123 1
112 246 6
4 93 3
10 164 11
90 228 3
60 147 1
9 48 1
220 236 6
125 140 13
25 229 3
137 166 8
135 137 5
14 236 1
41 113 8
43 224 2
68 82 6
66 66 3
65 163 7
74 230 13
93 100 6
25 48 1
200 231 1
232 255 3
37 162 3
73 132 3
65 158 13
42 69 4
4 164 19
68 224 32
74 224 5
65 113 14
229 232 18
185 229 2
37 188 1
7 48 10
45 143 5
49 246 3
146 202 4
237 260 8
68 179 6
217 246 3
35 100 4
229 260 6
140 241 5
162 198 1
93 263 3
116 193 2
61 90 5
65 89 7
33 106 5
144 166 3
28 90 1
13 151 3
223 239 5
244 249 4
95 263 4
226 263 8
61 75 4
142 148 25
152 229 3
12 12 3
135 170 3
82 223 2
65 233 5
25 170 9
141 202 3
113 145 1
152 260 1
16 233 1
22 22 3
159 166 2
7 116 1
234 255 17
14 261 8
61 76 7
179 233 2
48 93 10
90 159 2
152 152 23
75 193 1
100 248 1
170 215 6
249 256 6
148 166 3
140 193 7
67 132 5
226 262 4
90 215 1
50 69 2
92 186 3
69 100 3
200 239 17
43 152 9
143 244 29
100 242 1
41 68 15
145 255 4
129 263 4
80 80 3
74 146 3
80 107 5
25 224 1
10 263 3
68 93 3
36 162 5
181 211 3
4 66 1
68 106 4
33 255 3
130 238 2
10 233 3
74 163 12
25 230 6
36 170 3
7 262 4
3 229 1
7 87 3
69 116 2
144 226 2
25 211 7
10 87 1
28 261 2
66 229 6
92 107 2
193 260 4
13 25 6
13 33 21
65 249 8
116 162 10
25 161 6
75 114 10
65 76 1
19 74 1
193 249 2
52 249 1
28 237 2
49 232 2
33 189 2
33 67 2
114 195 1
60 139 1
194 263 3
62 107 1
142 255 5
52 231 7
97 190 2
78 159 4
41 234 13
93 114 1
126 138 4
151 224 5
145 239 4
236 257 1
93 107 3
66 249 5
83 129 1
10 74 2
194 238 2
132 250 5
24 233 6
43 200 3
193 230 3
65 140 4
75 137 46
62 228 1
132 192 5
56 87 1
45 75 6
125 248 1
74 246 9
7 263 4
148 217 3
151 256 1
49 142 2
175 218 1
25 62 4
125 137 26
26 230 2
55 125 1
75 209 4
76 95 2
108 244 1
79 189 4
47 61 1
138 242 2
77 138 2
168 242 2
140 232 23
219 260 1
14 68 3
168 262 1
72 101 1
24 50 11
87 216 3
65 236 5
82 226 10
170 193 2
95 234 4
1 25 1
163 226 8
150 163 1
61 137 12
107 220 1
186 228 5
93 116 2
97 137 7
141 243 6
88 136 2
61 89 3
80 256 4
52 161 10
215 230 4
213 262 2
4 246 6
140 254 1
72 106 1
55 89 3
87 238 8
89 231 4
56 138 20
130 229 2
22 45 2
41 50 12
166 261 1
97 158 1
169 244 1
87 90 34
88 262 9
148 178 1
14 166 1
138 168 8
185 250 1
132 254 8
35 231 3
159 169 1
233 244 7
121 135 1
112 140 11
56 70 7
196 260 3
243 249 6
34 66 4
227 231 1
100 134 3
35 61 2
26 219 1
20 138 5
170 260 5
3 138 8
159 236 2
50 121 2
80 137 5
142 188 2
138 203 3
49 209 3
168 263 8
90 226 7
100 228 2
181 230 6
75 250 3
34 234 1
61 225 4
25 141 3
7 80 1
216 218 9
144 257 6
33 140 32
75 87 7
80 148 6
126 132 3
186 242 2
132 242 3
163 220 3
138 213 12
106 161 2
228 228 5
130 137 5
143 255 1
186 235 1
140 189 4
42 79 3
141 196 4
138 250 2
25 144 8
140 220 5
92 171 3
140 260 6
20 170 1
87 169 1
42 137 8
92 166 1
163 243 9
42 140 26
93 161 7
74 186 11
159 167 1
209 257 10
80 157 2
161 243 3
33 256 2
80 211 3
127 137 1
140 225 11
79 226 6
14 225 2
95 162 7
244 261 3
36 144 1
23 132 2
80 161 7
13 223 2
217 237 12
138 217 15
70 237 3
144 193 2
25 85 3
33 263 9
145 233 12
49 50 1
93 163 6
188 229 1
159 162 1
42 159 6
55 90 3
112 230 2
137 151 16
141 210 2
52 195 4
160 217 8
39 188 1
61 232 2
36 234 1
14 107 4
35 192 1
87 145 5
97 114 5
70 75 1
48 174 1
17 223 1
132 221 2
136 159 1
9 63 1
130 233 4
65 181 13
144 260 1
14 237 3
93 134 1
90 219 2
48 169 2
141 185 5
93 170 7
138 191 5
101 138 5
129 179 8
217 261 5
132 253 5
230 253 1
90 247 2
131 132 19
62 227 1
40 249 2
200 233 2
65 125 4
228 249 2
61 237 4
43 219 1
43 215 1
55 138 6
136 239 1
148 215 1
132 178 8
149 162 2
17 140 3
234 244 10
164 223 2
13 75 16
21 138 2
130 232 1
28 28 3
98 186 1
181 238 2
48 92 2
224 260 1
21 141 1
35 35 6
93 237 7
45 50 5
127 128 2
138 220 10
138 155 2
33 48 5
14 234 1
43 217 3
88 238 5
78 113 1
112 232 1
66 113 7
246 256 6
144 145 2
162 223 8
107 243 4
145 223 2
39 230 1
49 68 2
116 230 13
29 231 1
88 142 13
143 158 25
82 157 2
82 258 1
63 96 1
82 162 3
179 262 4
98 234 3
13 255 4
34 36 1
97 144 11
196 211 2
140 255 2
112 137 6
22 26 3
145 260 6
116 140 9
225 231 1
89 229 1
141 259 1
136 140 2
137 145 6
73 234 1
67 231 4
147 168 1
77 140 4
159 164 2
125 195 3
161 220 4
146 230 5
112 234 10
233 258 1
1 262 5
7 164 7
121 131 2
107 235 2
26 100 2
195 220 2
95 161 11
55 237 1
113 243 3
177 228 2
229 243 2
166 247 3
133 249 1
88 188 2
80 113 4
1 56 1
65 211 6
107 195 4
217 217 4
47 244 1
127 237 3
1 231 30
67 138 6
50 61 1
49 170 6
208 242 4
95 166 1
75 197 3
163 217 4
32 138 4
100 149 1
93 252 1
136 166 2
79 257 2
89 257 2
33 141 4
75 231 13
45 57 1
15 135 3
108 170 8
70 95 2
48 52 3
82 196 5
95 260 1
12 143 3
12 236 2
170 244 5
80 144 5
55 71 1
237 255 6
28 252 1
1 209 2
89 142 1
170 181 21
125 225 8
220 238 12
49 231 14
140 178 2
138 149 2
54 144 1
33 238 3
43 116 11
70 260 1
17 246 1
65 170 21
17 161 4
186 243 4
38 186 1
4 24 1
125 145 2
25 107 6
100 247 2
227 234 1
37 229 2
112 145 4
75 95 4
138 235 6
106 246 3
140 196 2
17 141 4
85 231 1
170 210 3
119 230 1
143 225 1
69 168 1
43 214 1
166 231 10
12 151 1
169 235 1
107 155 3
6 132 3
28 230 5
100 188 4
17 61 4
179 230 3
120 229 1
119 261 1
33 75 1
14 100 1
198 231 2
152 246 7
88 151 3
193 236 2
17 160 5
10 218 3
48 76 1
21 229 4
41 127 3
140 213 3
75 169 7
170 217 8
28 130 1
138 195 6
92 246 2
33 195 2
18 151 1
216 239 1
168 237 3
12 166 1
75 127 2
182 212 2
242 250 2
132 154 5
33 125 5
137 226 13
28 121 1
100 215 1
37 107 2
68 243 10
143 215 2
112 256 3
83 146 1
47 213 1
81 247 3
75 223 5
42 242 1
7 101 1
138 205 4
76 76 18
148 149 2
210 210 1
53 75 1
25 72 2
170 220 7
106 162 1
137 215 2
82 186 1
186 217 4
181 219 1
75 82 3
66 143 2
79 145 9
193 231 3
126 237 1
129 161 6
10 237 3
14 137 5
43 112 5
10 140 2
124 164 2
170 180 1
160 170 4
52 106 2
106 106 7
130 237 1
220 229 1
116 262 7
112 223 1
26 137 3
26 132 17
18 141 1
164 166 18
28 134 1
189 233 4
3 242 1
7 107 5
75 200 1
74 85 1
49 52 2
40 107 4
129 148 3
35 219 1
41 87 7
95 237 11
189 236 2
61 209 1
166 168 3
142 213 2
148 226 3
188 242 1
152 211 1
194 230 2
146 209 1
28 192 1
33 216 1
95 141 8
80 232 4
131 134 1
166 234 18
49 162 10
49 234 8
41 107 3
75 181 7
37 68 1
129 173 3
70 162 1
80 261 2
40 228 2
95 244 1
68 198 1
125 188 3
106 231 3
87 226 4
42 87 6
117 132 4
21 231 6
141 190 1
87 248 1
162 174 1
14 117 1
12 90 5
95 137 3
134 140 1
107 177 2
25 246 4
17 170 4
193 256 1
129 137 4
13 91 1
14 87 2
137 213 3
217 236 6
40 231 6
76 78 1
69 208 5
189 261 1
132 235 5
155 162 1
82 140 2
79 83 1
45 238 3
29 140 2
10 205 3
14 170 7
29 170 4
189 262 2
79 106 6
10 107 2
225 234 2
39 137 5
112 141 3
14 162 9
18 168 1
42 174 4
65 100 7
54 132 5
130 231 3
33 49 6
33 91 1
42 49 3
17 237 3
75 235 5
28 219 1
234 243 3
129 162 10
142 217 1
100 252 2
145 211 2
161 255 17
13 197 2
141 195 1
173 231 2
7 173 2
140 217 6
47 170 1
247 262 1
167 263 1
228 231 5
223 234 3
42 119 1
193 262 1
10 143 1
158 224 6
22 168 1
65 65 9
106 112 1
141 174 1
149 210 3
42 255 1
164 219 3
18 138 5
151 223 1
43 205 1
93 205 1
10 193 1
82 100 3
106 228 2
151 243 10
196 209 2
33 225 6
90 220 2
125 239 11
52 88 1
29 134 1
114 181 6
24 262 10
195 229 1
71 71 1
71 89 6
197 233 5
181 225 4
66 137 4
51 174 3
188 262 1
94 138 1
41 167 3
130 209 1
64 75 1
127 230 3
24 47 1
146 260 4
45 112 1
74 223 3
95 107 4
158 256 4
95 140 12
142 193 2
118 249 1
179 193 12
20 236 2
166 220 4
97 107 6
33 228 5
34 138 2
14 233 5
75 130 2
166 194 1
56 161 4
160 261 1
12 225 1
45 217 2
80 234 1
75 177 7
56 92 1
170 247 3
193 263 4
14 14 9
51 140 4
212 213 2
26 239 1
41 76 1
121 130 4
157 157 5
216 231 1
81 132 3
4 18 1
10 209 4
196 224 1
112 112 10
138 241 7
163 189 1
71 230 1
49 89 1
52 186 3
68 195 2
140 179 2
212 244 1
18 142 2
159 237 1
159 238 3
106 234 3
50 232 5
17 82 1
1 45 2
200 230 3
76 180 2
138 169 2
62 141 2
29 66 1
123 137 1
41 224 2
4 263 3
141 255 4
54 163 2
116 148 2
160 186 1
140 243 6
73 143 3
70 131 1
174 226 1
138 254 2
75 88 7
83 161 2
130 226 3
12 239 2
125 129 2
28 137 3
114 256 6
88 165 1
42 246 5
7 82 4
73 114 1
143 223 3
163 168 6
7 196 1
91 234 3
220 233 1
123 238 2
164 241 1
76 205 1
97 125 5
75 97 3
14 86 1
12 138 3
40 221 1
137 225 4
140 168 5
17 137 8
107 260 5
23 26 1
73 138 4
40 90 3
32 140 3
157 231 1
74 88 1
26 107 3
26 161 8
229 235 2
217 234 3
145 163 17
162 244 18
68 247 1
75 228 1
14 91 1
100 123 1
138 200 8
124 226 1
234 257 2
14 113 2
255 262 3
87 123 1
41 211 1
139 203 5
75 112 1
119 231 3
72 87 1
28 260 1
49 161 10
52 140 4
44 132 1
102 140 2
61 79 6
47 140 1
25 106 8
225 249 2
47 262 1
200 263 1
157 163 3
107 134 1
141 146 14
95 124 1
61 229 3
170 171 7
80 163 1
22 183 1
95 193 1
180 216 1
236 254 2
174 220 1
62 164 1
180 249 1
24 164 3
107 146 6
74 182 3
151 167 2
48 228 2
17 233 3
56 237 1
239 260 3
3 232 1
92 261 1
97 229 2
13 152 3
13 200 2
141 167 2
65 75 5
112 231 3
87 259 2
25 162 11
76 237 1
179 260 3
76 231 7
43 185 1
49 114 1
49 65 7
137 195 2
8 179 1
152 243 5
261 263 11
142 189 2
170 222 2
179 236 5
62 236 1
61 246 1
166 223 3
121 231 1
126 263 1
130 134 1
100 225 2
181 217 1
134 134 2
79 217 5
238 261 4
213 263 4
228 236 1
163 193 2
164 193 4
91 138 2
147 231 1
68 190 1
143 145 1
4 237 20
69 94 1
70 146 1
66 130 1
42 158 2
163 200 5
49 140 9
56 90 3
225 261 1
63 234 1
107 244 4
68 235 3
182 186 1
74 164 11
56 170 3
137 168 3
102 107 1
132 136 3
10 162 6
91 146 1
100 168 5
48 177 2
140 256 9
88 177 1
82 231 4
90 243 2
164 260 4
97 256 2
130 161 3
164 195 2
181 257 6
219 248 1
82 173 2
29 88 1
159 212 1
151 260 1
129 142 1
34 144 1
164 181 7
191 196 1
60 170 1
97 166 3
145 231 6
106 238 2
72 91 2
70 107 4
82 170 3
39 75 1
70 262 3
18 132 6
171 226 2
192 216 1
76 89 5
72 138 3
61 207 1
53 129 1
93 234 2
220 243 3
28 263 2
49 182 1
83 216 1
93 143 3
54 210 1
76 188 12
224 262 15
189 234 6
152 230 2
149 231 1
107 225 4
126 163 2
133 229 1
236 259 1
116 168 1
75 220 3
195 241 1
48 216 1
46 132 1
36 88 1
161 179 10
34 262 3
88 97 1
127 210 1
193 229 3
63 87 1
31 166 1
94 230 3
68 219 2
194 236 8
72 77 1
14 43 1
82 237 1
45 226 2
45 257 1
100 112 4
41 106 1
42 229 4
61 140 10
13 256 4
120 230 1
132 207 1
51 161 3
28 101 1
161 200 4
52 87 3
15 170 1
35 137 3
196 249 2
97 164 4
151 158 14
220 239 6
231 254 1
224 238 3
116 119 1
166 241 1
161 247 2
66 90 1
162 200 2
116 170 6
65 188 3
35 86 1
67 129 1
54 170 1
125 151 2
138 253 4
61 261 1
243 246 2
51 147 1
25 55 3
80 88 2
37 113 1
222 234 1
146 224 1
182 236 1
17 231 8
62 234 1
140 202 12
42 136 4
17 255 3
45 97 6
93 164 9
75 217 5
42 50 7
130 162 1
127 151 3
14 21 3
143 168 5
68 202 1
66 68 6
17 79 4
20 75 3
24 158 6
75 261 4
77 124 1
65 107 5
198 236 3
178 178 5
79 179 2
29 39 2
100 260 2
161 195 1
56 88 1
43 168 2
212 247 1
75 134 3
45 181 4
102 170 1
13 42 3
142 195 1
186 202 3
43 255 2
114 151 7
239 242 2
224 224 15
33 43 3
48 112 6
95 112 1
182 231 1
161 197 2
124 261 1
16 107 1
127 244 8
97 170 4
70 161 5
40 233 2
76 87 2
34 65 3
155 161 1
61 169 1
58 213 1
87 116 2
138 227 4
65 246 4
17 25 6
149 255 3
134 151 1
168 235 3
160 233 2
137 197 1
3 244 4
68 215 1
224 226 1
72 130 3
141 198 1
229 247 1
123 164 1
141 208 4
89 114 1
7 68 4
181 228 7
160 234 2
33 239 5
15 16 5
169 243 1
166 232 1
15 171 1
90 198 1
80 85 1
90 146 1
67 170 2
188 230 4
40 161 6
32 88 2
39 76 6
40 237 4
54 249 2
152 170 1
4 13 9
34 97 1
4 71 1
40 80 1
70 252 1
168 186 1
29 100 1
4 142 8
68 228 2
40 162 2
146 164 2
29 237 1
13 226 6
19 138 4
181 209 6
40 79 2
34 113 1
45 92 1
12 114 2
93 166 2
174 240 1
70 144 1
70 157 1
1 140 6
62 229 1
141 168 3
202 233 3
144 188 1
74 216 1
208 236 2
144 190 2
148 151 2
112 263 2
79 146 1
7 83 5
24 168 2
65 224 2
49 164 2
195 228 1
140 242 1
158 232 7
37 260 1
12 107 3
173 173 2
7 95 1
28 238 1
48 127 3
241 263 2
137 202 2
80 202 2
49 66 1
200 236 5
35 55 1
145 179 6
83 237 2
220 234 1
11 89 1
63 160 1
108 138 1
81 138 2
49 188 1
61 188 1
61 189 1
55 87 1
75 182 2
114 240 1
181 246 10
74 113 8
82 239 2
37 49 1
51 185 3
118 237 1
116 147 1
220 247 1
48 157 4
93 186 3
34 61 1
106 249 2
32 42 1
47 239 1
42 97 2
163 242 1
95 236 8
144 200 1
254 263 1
97 154 1
132 185 3
145 202 1
60 137 1
196 236 3
13 37 1
249 255 2
157 230 5
108 249 2
80 249 3
54 125 1
202 226 1
122 179 1
196 229 4
56 146 5
83 83 2
42 130 4
100 127 3
12 142 3
13 49 5
27 132 1
24 229 3
66 257 1
41 218 2
80 229 3
48 219 2
142 194 3
65 232 3
141 200 4
188 223 1
148 219 1
162 193 4
63 161 2
129 144 2
50 223 2
160 260 1
135 145 1
210 255 1
171 243 1
129 234 4
146 246 3
107 157 3
157 186 2
208 209 1
34 233 1
185 233 1
65 106 3
41 168 4
229 256 3
90 168 2
142 146 1
7 143 3
94 94 1
85 97 3
40 256 1
76 256 1
34 45 1
42 80 1
61 80 1
75 211 4
89 90 3
71 76 2
68 112 2
54 66 1
152 186 3
66 158 3
145 158 4
28 162 4
164 179 2
37 71 3
74 174 1
36 230 3
65 189 1
25 88 6
49 107 5
49 130 1
97 188 9
50 67 1
10 234 2
89 150 1
95 246 3
71 142 1
145 198 2
38 138 3
14 262 1
17 114 1
189 246 1
194 262 3
42 211 1
68 152 2
89 107 5
17 262 1
28 140 2
80 142 1
41 148 4
50 235 2
39 177 1
116 229 5
35 238 1
70 145 2
132 251 2
93 157 1
164 191 1
192 239 1
89 181 3
89 144 1
18 68 1
95 196 5
74 250 2
97 261 5
17 125 1
14 66 4
51 213 2
50 213 1
4 143 2
25 209 2
28 229 3
49 255 1
65 141 5
163 256 4
158 262 6
28 215 1
52 107 1
152 262 2
97 263 2
141 220 4
13 228 2
69 254 1
61 164 2
41 213 3
43 146 2
193 223 2
10 144 1
70 166 1
134 138 10
58 231 1
197 238 1
32 254 1
181 236 6
150 234 1
100 193 2
66 226 1
112 125 2
78 225 1
97 237 6
138 207 5
62 186 1
152 158 1
129 216 1
83 162 1
67 140 4
137 223 4
42 76 1
18 230 1
61 231 4
4 145 3
97 189 3
32 137 1
108 132 5
10 161 6
13 157 2
163 167 1
228 237 1
124 138 1
39 233 1
66 93 1
90 93 2
138 185 5
97 236 4
129 193 3
79 157 2
66 89 1
65 205 1
40 106 1
56 137 1
93 137 2
170 178 1
167 205 1
49 233 1
82 160 1
196 230 2
200 200 2
40 100 1
43 82 2
181 188 3
63 162 1
52 52 6
33 158 6
158 217 1
186 248 1
82 229 7
57 138 3
40 261 6
145 261 5
68 127 1
100 254 2
49 90 4
79 210 1
160 197 1
80 262 1
134 260 1
42 145 1
74 261 3
68 168 1
11 99 1
28 57 1
66 232 2
170 179 5
87 207 1
132 190 3
134 170 2
49 95 1
162 258 2
134 198 1
85 163 1
170 197 5
93 148 2
10 42 4
74 158 1
195 238 1
47 243 1
153 220 1
82 83 3
137 177 1
1 151 3
231 244 3
130 142 1
210 239 1
227 237 2
168 233 2
106 237 3
69 162 1
42 127 3
17 45 1
83 164 3
107 181 7
147 174 2
134 162 2
52 229 1
78 236 1
229 244 3
232 243 2
260 263 2
151 174 1
112 261 2
66 239 1
61 97 9
20 142 2
15 138 14
209 222 2
138 153 1
141 189 2
100 119 5
196 244 3
161 198 1
132 184 1
138 174 2
213 250 1
189 209 3
129 238 2
49 225 1
136 244 1
142 257 1
157 170 5
52 189 1
142 220 6
209 238 4
152 167 1
131 230 1
66 228 2
193 233 1
228 230 1
123 133 3
24 148 2
138 218 1
33 188 1
123 236 1
13 93 2
112 143 2
29 150 1
62 209 1
48 202 3
27 170 2
82 163 5
142 256 4
48 97 2
95 95 13
92 100 3
162 197 2
169 237 1
142 179 6
215 261 1
53 186 2
106 107 1
134 142 1
128 238 2
18 242 2
34 100 2
70 74 1
186 216 1
151 250 1
159 239 1
61 161 3
17 48 1
152 164 1
138 180 2
170 225 2
220 262 3
8 140 1
52 137 5
181 215 1
50 95 1
28 233 3
165 232 1
10 170 5
89 177 1
183 233 1
88 256 2
217 244 1
56 68 2
173 238 1
35 72 9
148 244 2
114 225 2
51 236 3
97 257 1
209 242 1
75 159 2
13 112 4
82 137 5
163 254 1
79 228 2
37 137 2
142 159 1
134 223 1
49 141 1
82 234 4
93 93 5
130 144 1
89 230 2
120 244 1
42 235 4
223 236 5
155 246 1
162 175 1
71 97 4
208 263 1
39 162 5
138 147 1
166 195 1
107 217 6
168 213 9
131 138 11
24 249 9
93 261 2
69 119 4
126 186 1
126 159 2
146 262 2
107 219 1
117 256 1
70 246 1
219 219 3
89 133 4
92 144 1
127 220 1
135 164 1
114 166 5
70 223 2
140 188 12
4 42 1
41 45 2
62 91 1
63 85 1
196 253 1
25 45 8
17 209 1
127 186 5
45 256 2
37 37 4
106 166 1
239 257 1
45 166 2
248 263 1
166 179 2
133 231 1
137 196 3
161 194 1
35 107 1
138 212 4
159 159 2
33 45 5
186 241 3
190 211 2
164 168 2
86 102 1
116 232 2
62 125 1
88 89 1
69 78 3
182 233 1
112 148 4
18 90 1
87 146 1
69 234 1
113 165 2
11 261 2
100 129 3
61 170 4
13 244 1
48 227 2
217 233 1
146 244 1
219 261 1
130 164 2
89 108 2
28 48 4
89 170 4
234 248 1
130 151 2
198 237 5
198 262 1
160 237 1
257 261 1
40 141 3
43 167 1
35 82 1
72 236 2
125 228 1
95 131 4
89 234 4
66 75 2
127 262 2
29 89 3
164 220 1
130 191 3
164 215 1
130 217 1
4 12 1
51 141 4
134 230 3
220 244 1
133 137 1
28 98 3
89 91 1
28 43 1
148 189 1
5 97 2
22 100 1
168 244 2
228 234 3
146 231 1
107 123 1
152 261 1
4 254 1
92 161 2
43 61 1
87 97 7
140 222 1
188 233 3
89 164 6
188 190 2
190 190 1
137 190 2
93 256 1
130 170 8
28 243 1
162 183 1
185 254 3
143 200 2
163 257 2
170 243 6
22 236 3
17 143 1
191 205 6
54 88 1
42 243 1
25 256 1
40 260 1
95 202 1
10 88 1
232 260 1
216 260 1
28 144 1
193 205 1
163 165 1
38 205 1
250 250 3
25 26 1
93 224 1
41 243 6
40 40 3
226 256 2
160 160 2
135 262 1
237 252 2
62 140 3
158 166 4
89 137 3
66 217 1
97 191 1
91 91 4
14 227 2
67 155 1
25 188 2
33 61 4
159 254 1
170 196 7
35 161 2
71 239 2
6 237 1
163 247 2
193 238 1
88 225 1
13 55 1
60 132 3
85 196 1
113 205 1
100 181 4
137 244 6
83 98 1
97 230 2
137 248 4
22 178 1
165 239 1
146 232 2
92 95 2
78 233 1
107 166 7
98 224 2
1 263 5
226 255 2
74 120 1
239 247 1
51 186 2
26 236 5
14 140 5
48 181 6
48 223 1
135 252 3
41 261 2
13 224 4
87 189 3
152 233 1
92 162 3
141 256 2
42 45 2
26 227 2
79 243 1
51 87 1
90 254 1
161 260 3
95 135 2
21 87 1
193 234 4
64 64 1
113 198 3
89 221 1
136 136 1
142 168 2
52 237 1
74 232 1
69 242 3
127 164 2
62 246 1
1 127 1
87 225 1
97 211 4
66 141 2
92 230 3
34 170 1
26 142 2
137 257 2
181 249 6
70 216 2
212 220 1
133 246 2
74 222 1
9 231 1
189 229 3
39 62 2
137 222 1
35 134 2
137 254 2
17 43 1
157 260 1
142 150 1
109 162 1
144 228 2
48 51 1
25 200 1
113 130 1
98 192 1
49 237 2
106 188 3
134 226 1
158 215 1
129 249 2
252 261 1
40 88 2
47 75 1
1 4 1
10 93 2
125 152 1
68 193 1
25 255 1
193 225 2
137 178 2
26 140 4
51 137 2
20 50 1
113 244 6
68 222 1
152 234 2
226 246 2
159 224 1
32 75 2
10 158 1
50 152 2
177 181 3
10 24 1
4 243 1
17 177 1
25 166 1
1 226 1
10 71 1
61 100 4
65 85 1
13 74 1
36 163 1
89 237 2
121 237 3
170 190 3
194 229 1
148 223 1
35 256 1
102 131 3
4 226 1
4 65 1
155 165 1
86 196 2
14 29 3
87 228 3
25 219 1
69 140 5
68 210 1
200 229 1
60 186 2
10 43 1
173 196 2
92 173 2
37 74 1
40 170 2
123 141 1
25 236 2
25 35 6
196 234 3
10 215 5
203 205 2
48 189 2
29 210 4
1 145 1
14 181 1
95 218 3
46 233 1
134 209 1
52 65 1
7 114 2
231 243 1
40 54 1
106 181 6
137 174 1
129 211 1
107 189 3
22 141 3
138 177 3
26 164 1
18 75 3
147 262 1
70 197 1
100 220 1
216 226 1
166 181 1
106 125 2
43 95 2
13 260 1
83 95 1
135 192 1
39 39 11
26 48 1
35 138 3
170 219 1
141 181 6
42 205 1
83 114 1
48 91 4
14 125 1
165 237 2
49 238 1
119 119 1
13 145 1
12 25 1
95 100 2
137 149 2
57 223 1
80 87 2
37 234 3
64 95 1
14 155 2
62 138 5
146 249 1
161 215 3
129 198 1
46 48 1
10 177 1
26 170 1
137 260 3
223 231 2
130 215 4
123 161 2
181 223 1
107 152 9
83 145 2
39 186 1
186 193 3
3 42 2
220 235 2
7 207 1
79 89 1
25 39 1
142 202 2
37 231 6
186 198 3
40 143 1
39 89 2
61 72 2
158 226 1
61 151 1
18 42 2
12 41 1
107 168 2
159 247 2
30 197 1
189 249 2
61 254 1
49 113 3
143 188 1
228 246 4
79 102 1
96 170 1
87 127 1
13 220 1
26 79 1
134 144 1
91 222 1
107 213 1
113 133 1
177 249 1
100 255 4
93 140 1
74 231 4
88 193 1
182 213 2
237 243 12
46 138 1
41 60 1
168 246 1
33 37 3
14 161 2
92 263 1
219 224 1
38 62 1
158 244 3
206 257 1
75 146 2
40 137 3
56 79 2
218 261 1
72 246 1
142 216 3
140 171 3
127 229 2
43 160 2
131 170 1
42 262 7
64 87 1
119 179 1
18 166 2
215 237 1
70 93 1
49 88 2
41 205 1
42 94 3
133 195 1
254 254 4
86 117 1
86 86 1
216 261 3
14 177 1
89 143 2
232 241 1
72 90 2
35 48 3
231 235 1
82 141 2
166 200 3
14 211 1
31 141 1
130 186 2
77 227 1
107 197 2
80 97 2
97 249 2
200 246 1
24 125 1
39 155 4
94 231 1
45 93 1
188 228 2
89 228 2
71 188 11
68 188 2
198 230 1
78 263 1
26 67 2
113 190 1
112 113 2
65 124 1
92 170 3
89 162 3
83 233 2
56 250 1
220 249 1
98 231 1
77 236 1
140 159 2
74 129 1
86 209 1
61 88 3
137 188 5
63 123 1
164 255 5
88 145 2
93 249 1
133 161 2
195 211 2
7 28 1
166 211 3
95 262 2
167 167 1
212 236 1
246 251 1
132 259 4
74 179 1
173 233 1
45 147 1
14 209 3
51 126 1
132 153 1
168 239 2
79 82 2
33 143 2
62 188 4
49 76 2
186 257 3
238 256 1
1 224 1
144 243 1
114 146 2
164 178 1
140 219 3
37 140 2
32 236 1
67 209 1
40 113 3
31 243 1
72 158 1
128 186 4
89 89 7
88 260 2
79 260 1
50 127 1
148 259 1
9 223 1
142 185 1
18 53 1
4 116 1
67 67 1
70 122 1
72 122 1
107 116 1
10 220 1
148 242 1
144 146 1
106 164 3
147 247 1
69 143 3
112 262 2
82 102 1
171 234 2
5 118 1
75 247 3
68 146 2
138 248 1
227 246 3
7 97 1
136 238 1
152 162 1
100 257 2
85 106 1
164 190 1
34 181 1
14 39 1
219 230 1
62 97 2
62 85 2
107 159 1
22 161 3
13 41 1
188 246 3
72 76 5
80 170 3
45 145 3
36 255 4
66 91 1
37 148 1
54 256 1
77 203 1
241 249 1
52 233 1
11 54 1
108 108 1
45 196 1
164 257 2
50 226 2
231 257 3
17 97 5
61 177 7
41 240 1
128 239 2
50 247 2
43 127 2
138 139 2
7 56 1
49 163 2
161 227 1
93 244 1
61 134 1
89 211 1
48 128 1
43 247 1
52 66 4
96 229 1
40 45 2
224 244 3
76 177 1
39 152 1
72 117 1
40 164 1
85 232 2
31 208 1
10 211 2
26 234 1
150 239 1
41 78 3
60 241 1
90 127 2
74 235 2
157 236 1
13 97 3
125 256 3
143 232 2
48 94 1
79 195 1
100 208 1
41 144 1
17 66 1
56 141 3
17 89 2
41 130 1
200 238 3
76 100 1
3 32 1
67 228 1
49 230 1
161 201 1
33 257 1
37 75 2
88 190 1
190 195 1
90 217 3
13 26 1
28 95 1
113 219 1
48 120 1
42 62 1
43 97 2
36 193 1
136 233 3
97 226 1
237 257 1
53 142 1
125 257 1
40 232 1
82 209 2
24 243 2
88 168 1
159 186 1
87 179 1
13 146 1
148 202 1
66 151 1
125 220 1
82 101 1
119 235 1
231 260 1
14 141 1
25 244 3
14 239 1
151 182 1
31 239 1
106 148 2
21 26 1
138 194 5
9 68 1
42 249 3
37 249 3
40 48 3
17 90 1
29 138 2
132 212 3
35 230 1
142 223 5
62 74 2
146 234 8
130 236 2
92 215 1
10 41 1
48 256 1
200 243 1
191 218 2
68 129 1
74 93 3
13 243 2
74 92 2
148 181 1
134 229 1
37 141 1
82 236 4
135 237 1
189 230 5
193 202 3
100 126 1
217 255 1
157 234 1
10 262 3
79 116 5
17 261 5
43 241 1
21 76 2
143 226 2
56 260 1
32 162 1
85 256 2
114 179 1
82 139 1
50 52 2
83 157 1
88 146 1
36 260 1
37 233 1
24 226 1
25 263 1
170 200 4
137 193 3
116 247 3
17 180 1
123 140 2
133 138 1
28 141 1
125 193 1
143 216 1
51 51 5
218 246 1
157 233 2
100 165 1
77 89 1
148 174 1
143 178 1
160 262 1
62 133 1
82 144 1
226 239 4
73 141 1
72 257 1
134 219 1
112 158 1
136 213 2
116 211 1
61 255 2
20 234 1
13 62 2
29 141 3
186 200 2
41 81 3
116 136 1
10 226 2
131 237 1
31 68 1
7 135 1
54 211 1
92 140 3
17 190 1
170 212 1
56 230 2
10 75 2
157 202 4
15 140 3
41 89 1
97 143 1
135 144 1
66 133 3
75 210 1
28 158 1
83 97 1
68 189 1
210 246 1
157 235 1
74 209 4
160 164 1
70 229 4
41 125 2
120 120 1
1 219 1
49 106 1
28 135 1
216 258 2
7 231 4
82 107 2
33 76 1
7 252 1
53 93 1
14 22 4
14 26 1
71 91 8
56 129 3
40 140 2
123 144 1
17 63 1
130 260 1
128 244 1
205 215 1
179 237 7
45 116 1
143 260 1
139 237 1
95 249 1
130 203 1
168 170 1
36 79 2
25 108 2
25 222 2
60 75 1
145 157 1
179 235 1
170 257 4
164 247 1
162 228 1
53 92 1
87 213 1
26 210 3
167 193 1
205 230 2
14 144 1
119 211 1
49 236 2
25 123 1
169 202 1
162 217 3
76 232 1
217 231 5
157 164 1
148 155 1
82 193 1
28 249 2
82 114 1
116 144 1
150 238 1
151 168 3
75 259 2
42 185 1
61 145 1
45 174 1
192 209 1
233 250 1
75 188 3
62 87 1
47 74 1
161 257 2
84 87 2
63 76 4
131 238 1
255 261 4
13 70 1
97 219 3
225 237 3
80 263 2
142 210 1
141 215 2
140 212 1
63 207 1
107 196 6
51 220 1
145 216 1
97 100 2
120 142 1
107 210 1
83 249 1
161 188 1
40 65 2
20 100 1
181 239 3
50 168 1
85 85 2
38 131 1
68 259 1
48 117 1
112 157 1
36 232 1
80 233 2
95 203 1
116 233 2
237 247 1
31 242 1
1 24 1
76 217 2
129 192 1
76 150 1
198 234 3
123 174 1
80 140 1
53 70 1
21 75 3
168 231 3
167 236 2
77 258 1
39 48 3
26 91 1
95 198 2
162 257 1
55 186 3
25 74 1
14 228 3
134 141 3
52 230 1
65 70 4
12 88 2
7 64 2
42 169 2
10 239 3
252 252 2
82 219 1
72 140 2
168 230 1
83 141 1
53 173 1
7 171 1
18 163 1
63 141 1
80 188 1
47 238 1
25 76 4
141 225 3
3 74 1
161 213 3
146 261 2
136 179 1
140 192 1
78 213 1
39 71 3
69 114 1
162 188 1
43 56 1
4 255 1
60 68 1
178 231 1
178 211 1
226 231 1
181 229 4
127 200 1
113 256 6
17 142 1
33 217 1
41 131 1
43 195 2
115 186 1
47 168 1
134 158 1
76 207 3
137 169 1
10 224 2
43 62 1
155 234 1
95 223 1
12 262 1
100 179 1
26 55 4
76 261 1
97 163 2
112 238 1
149 178 1
205 212 1
195 256 1
79 130 1
209 217 2
60 74 2
94 161 1
143 235 1
164 228 1
67 186 1
13 189 2
144 217 1
41 93 1
208 213 1
29 161 1
161 208 1
72 75 1
135 238 1
79 159 1
95 113 2
137 180 1
70 173 1
17 37 3
12 263 1
45 244 1
129 151 1
178 232 1
106 114 2
71 101 1
19 173 1
217 256 2
132 206 1
35 237 1
89 232 1
140 227 1
168 224 1
71 170 8
140 218 1
57 132 1
137 210 1
132 174 2
28 244 1
88 143 5
200 261 1
135 263 1
182 263 1
212 237 2
129 236 7
88 112 2
41 97 2
53 53 1
162 168 1
33 226 3
1 12 1
25 90 4
195 234 2
127 163 6
127 243 4
137 152 3
34 161 1
138 201 1
183 242 1
126 147 1
3 107 1
41 223 4
113 116 4
111 163 1
75 260 1
123 138 3
32 161 10
72 137 2
24 153 2
85 234 1
54 107 1
75 129 6
45 193 1
136 230 1
196 258 2
38 161 2
90 260 6
42 232 2
41 179 1
49 61 2
1 216 2
117 181 1
70 249 2
36 48 2
136 236 3
48 168 3
76 226 5
163 215 2
37 61 5
161 165 3
228 239 1
248 261 1
49 146 1
183 186 1
197 216 1
106 169 1
22 261 1
256 263 1
21 108 2
138 150 1
100 157 1
52 90 2
69 167 1
100 210 3
43 179 2
93 246 1
129 218 1
54 87 1
72 89 3
147 186 1
174 241 1
70 100 1
134 238 2
48 260 1
145 215 1
74 203 1
232 244 1
78 100 1
72 164 1
226 244 1
35 163 1
45 195 1
79 244 1
100 147 1
54 148 1
136 263 1
49 217 2
24 69 2
125 133 1
76 124 4
3 262 1
34 231 1
140 252 1
78 140 1
102 112 1
14 89 3
28 161 1
25 142 2
43 182 1
135 196 1
168 229 2
75 91 1
62 137 3
90 195 9
14 123 1
7 124 2
49 261 5
173 236 1
140 147 1
29 61 1
136 246 2
92 226 1
142 205 2
74 212 1
37 224 1
140 174 2
71 88 4
9 141 1
82 194 1
78 168 6
171 186 1
41 88 1
83 142 1
68 122 1
183 225 1
171 192 1
113 189 1
46 242 1
33 129 1
68 223 1
239 240 1
39 183 1
159 231 4
80 139 1
78 78 1
77 177 1
91 161 1
82 88 2
76 179 1
14 40 2
14 97 1
18 236 1
87 188 1
19 168 1
146 239 1
75 174 1
48 242 1
90 129 1
79 212 1
168 252 1
45 223 1
80 246 2
91 249 1
82 224 1
13 257 1
32 192 1
123 249 1
22 234 1
208 231 1
79 98 1
24 159 2
37 163 2
226 252 1
18 18 3
106 261 1
88 147 1
49 249 1
56 246 2
75 215 3
25 43 4
130 131 2
67 161 1
208 239 2
231 258 1
60 79 1
13 126 1
88 133 1
157 237 3
90 189 4
22 43 1
145 209 1
22 231 2
71 161 1
163 196 1
217 243 2
95 192 2
25 80 1
146 207 1
70 261 1
61 196 2
43 70 1
135 135 2
125 255 1
90 225 5
160 238 1
14 114 1
164 243 3
74 226 2
20 186 1
114 197 1
219 236 1
160 236 2
69 236 7
102 226 2
3 185 1
192 211 2
54 231 1
78 208 1
220 246 3
141 257 2
82 238 1
79 215 2
49 262 1
106 236 1
69 238 1
20 141 1
189 257 1
78 230 1
113 225 1
129 146 2
151 181 1
92 233 1
159 168 5
140 182 1
35 68 4
14 163 2
79 160 1
235 239 1
37 88 1
41 146 2
215 233 1
48 63 2
249 260 1
130 249 1
4 33 1
76 216 2
145 232 1
50 97 1
223 246 2
16 140 1
127 223 1
253 253 1
113 152 3
14 154 1
12 97 1
28 231 1
85 138 1
225 233 1
97 254 1
116 248 1
62 68 1
74 225 1
61 62 2
124 165 1
54 246 1
132 187 2
67 163 1
127 162 1
138 215 2
128 246 1
119 138 1
90 258 1
42 188 3
78 107 1
68 177 2
52 54 1
33 145 3
215 262 1
24 181 1
48 134 1
106 263 1
186 227 1
52 211 1
89 106 1
152 200 1
42 139 1
181 220 1
48 188 1
151 189 1
37 177 3
23 138 1
90 106 1
51 81 1
125 190 1
90 185 1
13 22 1
18 92 1
79 152 2
82 158 1
24 129 1
179 263 3
93 129 1
141 194 1
36 113 1
37 193 1
76 141 3
101 114 1
50 219 1
244 260 1
131 246 1
189 189 2
260 261 1
78 239 1
114 260 1
79 193 2
42 70 1
119 166 1
225 226 1
95 130 2
66 67 1
246 257 1
148 220 1
97 262 1
88 93 1
116 182 1
107 202 1
12 94 1
11 210 1
20 136 1
133 211 1
24 248 1
180 258 1
164 216 1
166 224 1
70 263 1
4 193 1
220 231 1
56 56 2
164 196 2
26 232 1
3 168 1
215 236 2
7 238 1
106 195 3
61 195 1
71 124 1
100 212 2
17 164 1
151 226 1
127 246 2
37 82 2
119 186 1
144 194 1
197 219 2
50 181 1
50 80 1
215 215 1
10 70 1
17 74 1
28 100 2
82 87 2
91 229 1
167 168 2
124 230 1
85 107 1
88 159 1
25 153 1
198 263 1
48 119 1
83 163 1
211 216 1
114 202 2
40 229 2
173 182 1
85 188 4
211 215 2
93 209 2
102 137 1
39 242 1
166 178 1
49 151 1
121 162 1
77 142 1
86 232 1
82 98 1
100 196 1
181 263 2
102 233 1
21 61 1
139 197 1
142 228 1
36 229 1
118 132 1
100 174 2
39 113 1
134 186 1
95 197 2
25 143 1
17 236 2
90 174 1
144 227 1
85 162 1
10 145 1
85 211 1
54 261 1
36 97 1
48 208 1
22 140 2
65 238 1
147 233 1
24 261 1
61 87 1
25 195 1
22 142 1
136 183 1
61 236 3
140 155 1
10 208 1
3 68 1
48 69 1
17 123 1
89 261 2
130 145 1
34 165 1
60 164 1
70 141 2
56 232 4
162 225 2
8 237 1
121 196 1
133 162 1
14 257 1
25 130 1
90 136 7
83 231 1
78 182 1
14 25 1
13 89 1
41 215 1
36 37 2
52 125 2
167 238 1
4 196 1
121 121 3
68 260 1
74 242 1
211 218 1
48 95 1
91 165 5
28 82 1
49 133 1
83 137 1
79 196 1
48 200 2
101 163 1
88 228 1
76 170 2
26 90 1
94 132 1
158 220 1
70 143 1
81 244 1
92 148 1
53 226 2
41 47 2
215 238 2
48 257 1
10 229 1
124 135 1
215 229 2
45 189 1
189 256 1
45 74 6
61 123 3
3 208 3
211 220 1
45 119 1
116 164 2
13 216 1
51 163 1
74 145 1
114 145 1
215 249 1
87 106 2
78 132 2
102 236 1
88 257 1
7 45 1
48 213 2
71 75 1
17 70 1
40 43 1
36 142 1
159 170 1
92 229 1
32 50 1
215 218 3
217 238 1
228 241 1
202 262 1
137 160 1
165 244 1
248 249 1
39 106 1
26 261 1
7 151 1
22 170 2
87 166 1
147 237 1
17 230 2
90 150 1
136 223 1
231 252 1
141 175 1
3 169 1
20 259 1
57 186 1
127 211 1
74 76 3
143 209 1
13 190 1
100 213 1
92 137 4
48 70 1
68 70 1
161 192 1
23 151 1
193 239 1
62 162 1
19 231 1
67 230 1
26 50 1
41 226 1
56 75 1
89 165 4
25 100 2
88 160 1
216 236 1
163 197 1
48 180 2
16 161 1
129 252 1
61 113 1
28 45 1
216 225 2
138 190 1
76 85 1
54 138 1
63 197 1
63 225 1
163 260 2
28 211 1
69 147 1
92 92 2
26 162 2
9 237 1
213 242 3
63 138 1
209 241 1
112 236 1
47 230 1
131 139 1
49 56 1
235 235 2
143 179 1
76 129 1
76 161 1
35 87 2
113 247 1
151 248 1
26 257 2
139 244 1
132 156 1
243 262 1
141 219 1
51 74 1
69 244 3
50 241 1
66 155 1
81 100 1
136 158 1
80 125 1
142 177 3
162 216 1
58 161 1
119 254 1
210 236 1
15 236 1
76 91 1
114 257 2
77 170 4
136 207 1
16 196 1
51 226 3
39 231 2
100 258 1
136 174 3
29 149 1
130 166 1
47 138 1
89 123 4
45 151 1
186 196 1
26 231 2
101 140 2
43 212 1
167 243 1
70 234 2
195 239 1
36 261 1
196 246 1
83 234 1
37 246 1
51 237 1
257 257 1
168 212 1
119 137 1
113 146 1
91 219 1
37 209 2
196 239 1
50 74 3
161 189 3
190 239 1
142 167 2
117 117 2
13 106 1
174 237 1
163 252 1
22 67 2
159 235 1
146 148 1
106 149 1
87 182 1
21 140 1
173 237 1
70 92 2
37 53 1
26 133 4
10 45 1
129 262 1
141 169 1
26 249 1
60 143 1
81 242 1
127 152 1
169 203 1
49 165 1
222 225 2
35 155 1
35 181 1
45 179 1
51 100 1
30 124 1
82 130 1
80 226 1
76 233 2
36 145 1
70 125 1
107 156 1
17 22 1
86 231 1
90 173 4
18 100 1
61 143 1
100 155 2
61 263 1
62 189 1
36 148 1
75 212 1
93 152 1
25 257 1
91 228 2
43 220 1
196 263 3
173 228 1
65 225 1
89 161 4
16 137 1
92 192 2
42 71 1
98 121 1
45 67 1
149 209 1
171 231 1
91 233 1
91 155 3
97 225 4
219 233 1
50 256 1
50 185 1
106 170 1
107 241 1
26 229 1
113 223 3
7 144 1
47 217 1
55 88 2
77 79 1
182 244 1
89 125 1
164 225 3
39 163 1
93 243 1
71 158 1
58 138 1
186 254 1
108 181 3
13 129 1
34 51 1
133 233 1
222 227 1
7 158 1
1 223 1
212 212 2
113 216 1
18 137 2
35 188 1
68 227 1
18 74 1
188 232 1
68 217 1
93 125 1
94 167 1
192 226 1
65 218 1
216 237 1
117 236 1
32 51 1
157 261 1
121 186 1
79 222 1
255 263 1
24 247 1
25 34 1
195 224 1
42 144 1
87 257 1
153 243 1
80 164 1
77 85 1
195 246 2
12 140 1
143 256 1
195 232 1
134 161 2
177 186 1
32 174 2
37 190 1
3 233 1
94 195 1
142 215 1
43 93 1
14 164 2
163 250 2
205 205 7
39 244 1
127 158 1
26 65 1
86 137 3
26 87 2
186 195 1
74 78 2
14 151 1
242 243 1
88 129 1
162 203 1
148 260 1
121 236 1
15 137 1
69 69 1
151 209 1
146 211 1
35 195 2
80 90 1
151 179 1
40 158 1
48 220 1
13 80 1
61 61 5
114 215 2
9 35 1
61 125 1
17 49 1
97 244 2
41 119 4
149 232 1
33 223 1
23 261 1
242 244 1
131 225 1
93 239 1
11 141 1
85 141 1
12 133 1
51 244 1
161 225 6
134 152 1
170 252 1
17 88 1
102 229 1
92 146 1
37 256 3
231 241 1
138 222 1
92 260 1
111 138 1
100 235 1
46 61 1
213 248 1
95 102 6
80 95 1
81 248 2
78 260 1
164 214 1
8 114 1
231 247 5
98 226 1
161 218 1
102 237 1
11 140 1
74 215 2
10 137 1
135 161 1
39 65 1
223 232 1
68 213 1
87 98 5
97 117 1
188 234 3
141 218 1
63 163 1
171 254 1
151 159 1
70 82 4
108 141 1
141 157 1
7 117 1
102 129 1
26 106 2
22 123 1
41 193 1
92 149 1
136 224 3
48 102 1
56 203 1
254 262 1
82 246 1
90 131 1
64 122 1
212 240 1
78 188 1
75 78 1
18 65 1
149 216 1
76 244 1
56 147 1
168 254 5
16 42 1
235 244 1
225 225 6
14 223 1
117 217 3
38 53 1
63 72 3
18 263 1
33 149 1
183 229 2
90 188 7
67 210 1
72 212 1
21 164 1
49 219 1
39 219 1
108 123 1
21 210 12
55 155 5
101 260 1
119 183 1
71 234 1
90 122 1
74 213 1
3 141 1
35 233 1
85 210 1
130 140 2
166 254 1
235 254 1
15 40 1
238 257 1
122 205 2
76 102 1
22 55 1
191 234 1
32 242 2
119 200 1
185 244 1
106 117 2
224 228 1
196 252 1
61 166 1
31 51 1
51 254 2
48 191 1
117 170 1
89 236 3
29 227 1
131 141 1
135 205 3
35 37 1
77 198 1
148 203 1
36 39 1
92 198 1
37 112 2
139 209 1
208 250 1
39 165 4
10 130 9
35 76 3
70 218 1
61 126 1
55 150 2
28 64 1
37 198 1
182 250 1
130 250 1
39 97 1
137 220 1
101 152 1
71 229 1
177 208 1
155 203 1
75 227 1
86 124 1
19 91 1
139 139 5
107 191 4
48 135 9
76 80 1
87 218 1
19 98 1
39 181 2
50 258 1
179 242 1
3 142 1
72 231 4
28 224 1
165 188 1
14 76 1
69 141 1
196 203 1
56 81 1
41 225 1
155 231 1
35 168 2
71 233 9
114 123 1
101 117 1
74 89 1
76 181 1
155 228 1
200 250 2
185 242 2
39 139 1
78 244 1
18 148 1
40 168 1
37 225 4
15 121 1
163 188 1
213 216 1
62 230 1
121 215 2
124 215 1
81 213 1
37 130 1
28 92 2
51 107 1
117 177 1
71 227 1
182 197 1
92 238 1
26 188 1
14 150 1
74 228 1
91 129 3
85 140 1
14 108 3
25 216 1
17 35 1
17 228 1
78 237 1
88 180 2
75 256 2
86 95 1
185 248 2
216 232 1
33 95 1
143 182 3
45 210 1
77 208 1
76 213 1
49 74 1
19 197 1
41 232 1
51 75 3
62 71 3
75 173 1
26 108 2
131 165 1
86 210 1
17 77 3
35 77 1
42 78 1
51 166 1
116 212 1
90 133 1
241 247 2
42 227 1
39 55 1
89 225 3
112 216 1
52 119 3
17 28 1
60 60 1
67 227 1
174 242 3
147 250 3
55 257 1
116 165 1
149 154 1
78 232 1
17 55 3
17 36 1
75 225 1
61 82 1
37 116 1
133 135 1
17 91 1
182 230 1
61 200 1
85 89 1
74 189 3
91 122 1
131 191 1
225 232 4
133 146 3
178 227 2
69 213 4
37 62 5
117 130 8
29 55 3
175 175 4
33 72 2
51 242 6
98 160 2
181 210 2
56 193 2
43 69 2
177 232 4
106 257 2
70 137 2
123 170 3
29 29 4
181 247 2
133 163 2
25 210 2
38 141 2
162 247 4
76 162 2
14 149 2
140 167 2
51 136 2
41 121 2
56 121 2
51 90 2
76 209 2
198 258 2
45 78 3
75 208 2
81 159 2
32 68 2
35 162 2
48 218 3
40 75 2
45 165 2
9 129 2
72 234 2
140 191 2
119 233 4
22 90 4
102 196 2
49 159 2
35 71 2
47 234 2
123 165 2
39 61 3
123 149 2
18 247 2
62 150 2
85 149 2
149 189 2
62 219 2
140 216 4
17 232 2
10 139 3
81 137 3
130 219 2
242 242 3
101 175 2
48 72 2
26 29 4
17 189 2
89 227 2
43 133 2
131 171 2
72 155 2
20 53 2
71 177 2
125 243 4
22 227 2
160 198 3
165 165 3
80 130 4
65 182 2
136 220 2
181 216 2
89 151 5
51 212 3
62 231 2
183 185 6
21 155 2
122 216 4
11 162 3
91 170 4
135 173 2
162 235 2
135 179 2
170 208 4
218 231 2
145 169 3
76 149 2
62 123 2
52 247 3
159 188 2
82 135 2
83 258 2
85 227 3
62 88 2
16 38 2
41 188 2
53 86 3
76 234 3
88 101 7
16 92 2
16 102 2
42 146 2
116 226 2
9 191 2
205 218 6
38 135 2
98 171 6
95 177 2
137 167 2
123 181 2
28 139 2
48 89 5
16 56 2
14 260 2
35 232 3
39 148 2
86 126 2
131 140 3
28 107 5
14 45 4
122 131 2
100 139 2
107 129 3
25 129 2
33 127 2
55 162 3
39 237 2
37 48 2
25 243 2
158 216 9
127 170 3
131 218 4
42 209 6
102 241 2
107 169 4
106 225 2
74 130 3
91 188 5
117 196 2
131 177 2
179 183 2
119 163 3
107 117 5
170 198 2
177 188 4
89 131 2
88 216 6
46 234 2
11 137 3
17 198 2
102 157 2
35 222 3
22 25 4
64 121 4
170 203 3
74 177 2
43 63 2
21 170 3
73 162 2
165 210 2
162 208 3
65 191 2
28 191 3
77 141 2
140 228 2
126 238 2
126 213 2
7 19 2
29 164 3
142 178 2
3 87 2
81 162 5
162 171 5
47 141 3
123 210 4
89 209 2
108 233 2
89 159 2
76 215 2
37 161 3
35 152 2
161 168 3
36 41 2
19 121 6
168 193 2
19 218 2
42 147 2
41 136 2
37 237 2
45 64 2
169 246 2
90 197 2
131 205 5
72 222 2
162 185 2
123 143 2
165 181 3
64 101 2
80 239 2
39 72 5
22 61 2
10 188 2
149 159 2
91 123 3
224 256 2
179 231 2
38 148 2
113 213 2
3 51 2
91 164 2
53 78 2
216 233 2
189 231 2
39 91 2
20 174 3
76 147 2
124 198 4
35 124 2
185 263 2
166 213 2
39 222 2
82 188 2
161 228 2
63 95 2
210 233 2
41 242 2
51 145 2
89 212 2
122 197 2
174 174 2
68 133 4
18 25 2
92 130 4
168 240 4
79 198 2
78 161 2
97 167 2
41 174 4
95 114 2
35 39 3
42 125 2
31 41 2
39 218 3
89 148 2
91 196 2
79 177 2
62 205 2
72 210 2
15 252 3
218 237 2
95 148 2
42 60 2
152 193 2
15 186 2
39 77 5
100 185 2
122 145 2
71 85 2
26 186 2
21 100 2
148 210 2
92 249 2
81 168 2
188 205 2
55 225 2
31 181 2
42 72 2
72 85 2
49 72 2
39 85 2
17 154 2
69 191 2
169 223 2
160 205 2
74 97 2
121 173 2
17 17 2
72 217 2
33 51 2
167 183 2
32 259 2
112 205 2
213 230 3
7 195 2
41 51 3
123 186 2
137 159 2
42 167 2
51 241 2
76 165 4
61 92 2
95 181 2
35 174 2
7 155 2
3 75 2
74 254 2
76 140 5
100 136 2
42 208 2
43 123 2
177 215 2
50 136 2
48 222 2
81 133 2
51 119 2
155 222 3
92 119 2
35 41 2
63 177 2
93 196 3
186 218 2
60 191 2
119 194 2
75 119 1
50 179 1
165 208 1
39 101 1
39 227 1
15 56 1
137 242 1
9 70 1
150 170 2
98 175 1
63 237 2
35 148 1
79 206 1
155 188 2
101 205 1
79 240 1
92 98 1
15 45 1
21 49 1
155 229 1
16 162 1
14 263 2
10 82 1
41 134 1
162 240 1
63 107 2
165 178 1
91 141 1
86 164 1
146 191 1
55 177 1
61 155 1
119 161 1
88 102 1
77 86 1
69 125 1
222 242 1
17 222 1
147 248 1
9 73 2
16 170 1
91 162 2
169 263 1
179 197 1
91 134 1
174 247 1
36 91 1
36 87 1
123 188 1
55 164 2
178 237 1
168 241 2
179 196 1
14 210 1
10 128 1
167 234 1
165 231 1
166 225 1
121 168 1
150 210 1
72 196 2
170 182 1
64 188 1
69 250 2
77 231 1
143 165 1
191 225 1
108 155 3
242 259 1
78 142 1
9 16 1
137 240 2
90 175 1
56 236 1
175 215 2
209 223 1
89 140 4
18 40 1
123 155 1
149 188 3
69 185 2
123 222 2
79 171 1
95 149 1
160 230 1
71 196 1
86 174 1
159 174 1
163 222 1
124 170 1
205 236 2
186 191 1
122 136 1
63 124 1
91 181 1
75 216 1
174 208 1
180 236 1
4 189 1
21 165 1
101 230 2
60 69 1
91 107 2
170 227 2
47 209 1
129 167 1
73 92 1
165 217 1
139 188 1
78 90 1
43 177 1
89 205 1
38 196 1
95 121 2
39 234 2
4 70 1
55 140 1
150 155 1
182 238 1
101 131 1
210 224 1
200 220 1
150 178 1
26 135 1
108 162 1
68 218 1
38 215 1
121 161 1
70 71 3
81 116 1
28 75 2
45 82 1
48 86 1
133 227 1
21 123 1
162 252 1
69 107 2
205 249 1
95 215 1
197 258 1
165 186 1
56 196 1
141 227 1
136 137 2
108 225 1
61 256 2
95 209 1
71 155 2
39 142 1
101 219 1
72 190 1
19 134 1
181 190 1
15 160 1
116 205 1
195 226 1
74 221 1
131 131 1
213 238 2
33 89 1
62 233 1
3 186 1
78 209 2
39 79 1
71 143 1
210 232 1
14 229 1
100 205 1
70 231 4
29 123 2
108 165 1
33 130 1
235 261 1
51 182 1
195 244 1
61 71 1
117 124 1
150 249 1
167 185 1
69 161 1
202 223 1
92 196 1
133 188 2
117 191 1
3 246 1
19 124 1
69 259 1
42 113 1
45 102 2
22 137 1
71 141 1
35 69 2
116 225 1
133 239 1
67 162 1
19 161 1
121 151 1
188 227 1
39 107 3
135 197 1
9 135 1
11 155 1
47 119 1
86 122 1
90 178 1
62 203 1
156 170 1
89 210 2
55 210 1
209 260 1
116 209 1
149 165 2
22 125 1
20 42 3
213 259 1
91 97 2
136 234 3
28 35 1
55 263 2
86 181 1
26 143 1
15 64 2
42 106 2
37 215 1
98 140 2
35 254 1
124 134 1
11 21 1
89 239 1
19 131 1
136 170 1
59 242 2
10 131 1
155 237 1
21 148 1
49 155 1
38 107 1
92 121 1
82 252 1
62 181 2
4 22 1
68 92 1
71 222 1
119 167 1
55 238 1
119 168 1
158 188 1
47 174 1
56 198 1
56 233 1
81 263 1
117 136 1
48 167 1
41 255 1
133 174 1
134 179 1
35 123 1
143 220 1
15 95 1
107 257 1
97 116 1
66 153 1
48 203 1
28 145 1
71 216 3
95 165 1
137 191 1
92 218 1
41 182 1
17 39 1
36 76 1
153 238 1
167 244 1
130 263 1
74 200 1
42 61 1
51 130 1
165 228 1
130 135 1
76 260 1
71 106 1
32 238 1
61 63 1
197 225 1
17 218 1
35 119 1
113 182 1
42 254 1
46 254 1
21 195 1
208 238 1
191 191 1
51 116 1
136 228 1
41 114 1
136 225 1
47 69 2
37 91 1
28 106 1
17 238 1
135 215 1
205 216 2
86 186 1
232 235 1
82 127 1
234 235 1
91 100 2
220 254 1
115 262 2
231 242 1
39 170 2
51 209 1
247 254 1
139 248 1
33 123 1
148 169 1
15 93 1
15 192 1
173 232 1
19 191 1
62 224 1
90 179 2
51 208 1
196 215 1
67 90 2
133 261 1
39 90 1
91 230 1
94 145 2
61 218 1
79 182 1
126 151 1
169 220 1
83 88 1
96 236 1
83 126 1
65 226 1
139 140 1
238 254 1
73 130 1
170 216 1
197 237 2
81 231 1
35 164 1
171 171 1
225 229 1
131 197 2
240 241 1
18 174 1
136 260 1
123 233 1
10 102 1
97 150 1
203 213 1
150 150 1
26 155 1
65 215 1
169 234 1
37 222 1
126 195 1
180 205 1
225 228 1
13 165 1
6 97 1
224 235 1
127 234 1
185 185 1
29 196 1
42 148 1
43 258 1
85 170 2
127 261 1
28 80 1
197 215 1
130 196 1
220 261 1
197 261 1
69 174 1
33 196 1
159 209 1
69 182 1
16 175 1
19 226 2
22 226 1
140 198 1
113 129 2
45 213 1
14 165 2
4 179 1
35 234 1
169 229 1
52 151 1
117 164 2
72 233 1
208 233 1
33 222 1
47 143 1
254 261 1
205 226 1
88 258 2
63 216 1
63 137 2
172 244 1
22 165 1
39 100 1
22 33 1
102 250 1
78 262 1
75 76 1
117 209 1
87 89 2
229 257 1
19 189 1
82 151 1
130 225 1
126 143 1
49 75 2
11 17 1
167 223 1
47 60 1
72 88 2
124 188 1
71 228 1
124 160 1
35 106 1
242 254 2
170 177 1
43 89 1
28 218 1
142 169 1
28 188 1
14 49 1
153 242 1
208 208 1
95 117 2
128 137 1
121 258 1
55 161 1
166 226 1
162 182 1
55 108 1
162 242 1
21 234 1
37 97 1
29 133 1
28 198 1
42 47 1
188 236 1
119 212 1
3 250 1
150 260 1
34 89 1
254 259 1
36 133 1
88 248 1
87 235 1
55 135 1
80 241 1
71 197 1
101 171 1
92 101 1
102 171 1
63 236 1
113 134 1
4 198 1
16 121 1
21 161 1
14 188 1
86 191 1
70 112 1
178 188 1
55 76 2
41 70 1
149 261 1
51 235 2
81 88 1
10 196 1
192 218 1
65 250 1
161 182 1
130 197 2
165 170 1
39 225 1
165 234 1
79 117 1
42 261 2
133 226 1
149 170 1
66 136 1
32 185 1
96 161 1
203 203 1
123 150 1
173 229 1
35 177 1
157 198 1
139 231 1
101 261 1
155 155 1
13 155 1
7 157 1
76 77 2
88 150 1
72 72 1
212 242 1
159 248 1
39 88 1
210 231 1
77 88 1
141 182 1
122 237 1
92 247 1
7 130 1
107 212 1
130 193 1
96 177 1
51 256 1
167 186 1
147 167 2
21 55 1
61 216 1
218 225 1
61 139 1
37 205 1
29 262 1
47 254 1
35 225 1
74 136 1
7 216 1
14 80 1
63 74 1
133 181 2
21 232 1
157 222 1
35 91 1
102 146 1
25 42 1
7 244 1
140 205 1
69 164 1
179 256 1
45 62 1
61 107 1
141 171 1
20 244 1
107 201 1
77 137 1
11 165 1
200 234 1
9 175 1
145 218 1
121 218 1
39 49 1
14 55 1
39 164 1
39 238 1
24 95 1
79 119 1
173 263 1
74 77 1
140 150 1
55 181 1
154 163 1
42 51 1
123 191 1
82 131 1
203 230 1
175 262 1
170 205 1
160 252 1
172 232 1
125 244 1
62 63 1
26 86 1
7 92 1
133 149 1
85 228 1
205 237 1
164 188 1
33 35 1
87 220 1
47 125 1
82 145 1
77 233 1
11 11 1
155 210 1
170 242 1
43 198 1
197 255 1
72 170 1
32 219 1
170 189 1
191 231 1
71 164 1
38 237 1
98 114 1
217 260 1
107 247 1
33 74 1
56 135 1
69 246 1
78 151 1
20 246 1
63 140 1
136 254 1
167 241 1
81 127 1
31 140 1
116 241 1
29 48 1
47 185 1
77 229 1
29 257 1
213 236 1
98 141 1
210 229 1
18 209 1
47 233 1
241 244 1
239 248 1
17 241 1
188 263 1
48 98 1
71 225 1
32 170 1
161 210 1
195 202 1
181 191 1
49 91 1
72 125 1
65 166 1
3 24 1
9 138 1
95 122 1
94 97 1
78 235 1
72 262 1
170 241 1
15 142 1
35 165 1
51 162 1
173 186 1
10 242 1
55 144 1
43 260 1
52 168 1
170 213 1
46 218 1
150 246 1
91 137 1
182 242 1
63 261 1
250 262 1
141 155 1
100 131 1
37 226 1
65 203 1
142 248 1
17 136 1
81 250 1
28 37 1
147 242 1
79 91 1
73 243 1
131 233 1
68 258 1
