107 162 28
45 230 2
158 228 3
61 177 4
4 49 3
75 231 3
90 229 8
148 263 30
68 217 1
48 107 52
161 170 20
144 148 94
237 246 7
148 148 156
48 234 66
79 125 32
186 186 51
164 186 104
50 246 71
87 231 50
68 68 156
68 87 45
137 164 59
164 231 32
231 234 16
166 238 29
42 166 13
181 181 8
182 246 1
148 244 12
152 238 15
132 170 55
95 95 5
236 263 72
129 132 20
236 262 24
45 261 4
87 114 11
7 100 19
68 148 114
48 246 144
170 233 47
79 211 54
107 151 7
79 148 346
13 68 6
162 263 51
107 137 60
170 238 5
158 234 15
14 79 10
14 22 1
148 238 13
142 239 43
239 239 20
211 256 3
43 211 1
74 162 23
42 116 20
41 151 28
79 142 27
79 262 35
238 239 34
164 229 42
142 211 2
107 142 7
50 233 7
151 164 11
164 262 14
161 164 50
231 256 11
24 164 9
50 142 9
48 116 91
181 186 8
211 231 29
239 263 19
229 249 15
243 249 13
68 79 137
68 249 107
220 243 2
28 48 2
62 107 1
50 68 99
13 90 4
137 170 69
90 100 37
230 243 8
132 230 87
142 163 15
79 239 30
7 223 43
140 263 61
140 229 28
140 166 1
140 170 11
141 263 145
137 141 23
200 238 1
43 262 2
233 238 1
186 246 131
145 186 3
151 238 38
7 263 21
229 260 7
137 137 23
90 186 76
90 238 17
48 68 310
48 48 296
37 80 11
90 171 1
142 186 23
37 163 3
49 256 3
181 188 5
48 220 5
75 230 20
114 140 5
74 140 15
74 229 19
127 132 2
17 48 7
79 137 133
137 260 9
79 223 19
48 238 73
138 143 27
164 234 50
162 170 58
4 107 23
4 79 159
4 68 26
246 249 41
238 249 14
79 231 111
41 113 3
125 148 31
148 249 81
146 146 11
145 146 3
132 219 8
246 246 55
137 233 33
66 148 10
113 246 13
79 188 18
166 246 3
166 244 12
80 225 7
88 246 5
100 228 1
181 256 3
7 48 77
7 196 1
162 229 22
107 107 56
68 224 11
142 230 45
79 114 96
45 231 12
49 55 1
116 246 7
68 141 31
74 174 3
68 225 11
45 79 32
144 229 9
43 164 4
50 179 5
50 158 11
79 107 165
141 170 31
238 243 5
42 246 14
107 186 80
129 234 6
113 224 5
68 107 73
42 233 3
243 244 11
88 90 5
79 90 107
48 79 113
135 161 1
97 149 1
48 89 7
166 230 10
75 255 2
41 141 13
132 132 61
132 234 26
50 129 2
168 263 7
37 144 5
79 234 82
68 162 50
170 230 51
137 229 62
4 137 11
4 100 2
100 237 19
186 239 34
92 226 2
48 161 154
231 232 15
114 144 44
144 211 34
37 244 1
50 247 3
68 234 60
87 234 10
88 261 4
90 114 49
143 238 13
229 236 16
229 230 47
164 237 22
41 239 9
36 37 3
37 162 2
7 148 19
33 79 8
33 132 9
89 91 2
24 256 1
234 248 1
148 228 12
4 113 6
79 237 20
140 237 40
80 112 13
148 163 22
87 211 6
41 68 20
37 232 6
37 37 8
125 249 26
7 193 12
97 145 1
68 164 129
186 227 1
151 161 7
48 170 71
163 236 10
114 249 54
107 234 61
138 163 107
114 164 25
164 175 1
4 148 70
79 170 137
113 225 3
137 234 44
158 263 12
24 244 8
151 239 11
162 262 4
229 237 32
132 236 33
4 80 5
162 249 30
162 236 26
37 97 1
114 263 24
162 186 60
25 112 1
225 231 5
50 170 17
48 243 40
234 262 10
140 140 36
170 224 5
79 106 2
25 125 2
132 161 76
142 144 8
231 249 67
144 179 2
141 249 20
97 114 1
1 239 5
48 210 1
246 262 9
107 232 12
148 261 44
82 170 5
129 129 50
229 231 13
226 233 4
144 231 69
113 231 20
113 137 8
233 262 5
188 249 6
125 161 2
141 162 62
56 233 2
68 256 16
107 114 42
224 246 9
4 48 21
4 141 12
50 90 34
162 210 1
107 233 41
74 74 62
68 186 122
36 68 6
61 80 5
226 260 22
129 226 21
148 202 2
114 137 17
14 263 2
7 79 52
43 237 19
48 132 52
48 249 120
61 164 3
61 188 1
231 246 31
90 179 4
79 79 280
107 263 26
41 42 38
14 48 6
148 232 73
40 232 1
144 162 9
29 164 1
7 179 37
263 263 67
196 229 1
107 231 26
37 40 2
37 231 4
37 217 3
209 256 3
50 230 67
140 141 64
231 231 44
48 148 69
163 263 18
125 186 17
13 249 7
48 231 28
79 158 53
4 75 2
244 249 20
116 152 21
116 166 24
48 50 150
141 230 28
48 146 14
134 249 1
226 230 54
140 213 1
170 229 53
79 229 71
79 97 14
87 244 2
116 244 21
75 193 1
50 163 8
61 234 5
89 125 6
256 256 10
17 256 8
37 198 5
79 146 12
65 181 6
49 61 11
112 162 2
79 116 10
42 152 10
24 74 3
42 161 10
4 158 11
137 179 7
50 249 43
61 255 4
79 256 49
75 239 14
48 230 195
114 148 63
114 170 18
170 237 18
7 7 68
162 234 10
75 75 54
137 148 56
79 236 28
262 263 37
224 234 9
114 231 29
68 144 43
114 230 19
95 186 1
170 263 38
87 170 9
238 238 24
79 244 21
25 68 2
33 68 6
1 163 25
18 234 2
75 236 46
148 186 52
179 229 6
112 198 1
50 244 13
237 237 19
223 237 6
170 170 45
164 225 5
48 144 22
79 232 66
41 148 12
129 249 7
50 79 58
48 129 21
79 87 59
4 7 1
88 186 12
116 141 5
48 263 39
48 260 23
107 170 70
107 144 40
144 151 5
148 161 16
87 246 24
24 238 20
75 238 44
50 234 22
68 100 55
100 132 43
45 148 41
148 224 20
36 148 40
36 186 2
68 90 143
152 246 5
50 226 2
145 233 7
97 112 2
48 229 40
48 186 198
186 229 31
75 263 91
234 263 11
17 217 4
79 255 41
114 255 9
107 164 55
100 164 53
107 140 20
24 141 9
32 161 1
141 236 36
7 140 4
141 229 62
48 100 95
90 181 8
41 186 19
79 143 20
143 186 14
7 186 24
82 132 17
141 148 26
129 148 11
230 263 30
50 164 33
48 164 137
4 249 25
42 79 20
90 90 42
144 144 23
48 114 34
164 256 6
68 211 24
97 249 11
25 114 6
7 129 29
179 223 23
224 229 7
4 179 1
137 144 22
42 143 4
68 137 44
80 230 2
161 239 44
107 113 18
107 229 26
181 231 5
148 170 74
166 237 6
158 209 5
67 234 2
90 125 15
186 249 62
113 164 13
37 249 16
137 158 15
68 163 47
114 141 9
170 223 16
164 232 12
37 61 8
68 161 72
161 232 10
74 79 39
33 100 1
33 36 1
107 249 55
107 189 2
80 181 2
148 226 38
54 148 3
164 230 54
238 246 19
45 88 1
74 80 1
36 114 14
68 223 9
127 242 1
90 263 9
13 137 3
13 232 2
79 238 11
48 244 82
116 140 7
90 249 85
18 262 1
17 164 2
148 211 57
114 246 28
145 249 8
146 233 9
145 179 4
41 163 9
148 246 35
79 140 44
239 249 12
90 113 15
41 90 9
15 233 1
130 229 1
224 249 12
74 137 9
142 237 30
48 137 42
158 177 2
100 223 4
138 141 70
114 186 35
79 164 80
75 164 18
211 263 3
233 234 16
231 237 9
107 145 5
107 256 10
80 238 1
113 158 12
90 234 54
68 246 151
48 239 53
132 163 65
79 152 7
161 161 20
48 168 12
79 113 58
74 159 4
74 263 83
170 232 9
148 256 56
112 255 14
56 173 3
232 238 1
196 226 1
114 114 32
24 173 1
79 88 25
79 151 8
7 107 15
79 263 67
68 236 19
74 163 20
25 148 13
24 235 1
144 255 16
79 144 103
164 164 52
140 164 16
138 236 70
141 233 30
168 250 1
112 141 4
4 4 16
249 263 25
164 209 4
107 132 40
88 229 6
232 232 10
48 90 107
48 173 5
138 202 2
79 224 41
224 224 5
21 246 1
163 223 7
193 223 1
65 148 11
65 66 1
37 79 50
142 238 18
119 166 1
143 163 13
107 239 10
107 174 1
196 234 4
161 231 16
48 113 14
51 233 1
90 246 82
68 170 72
7 170 25
24 90 8
236 238 21
48 236 17
90 162 14
95 258 1
48 141 68
234 237 20
49 68 3
49 79 12
142 142 25
232 249 16
83 129 6
48 142 91
79 163 24
43 68 7
41 140 5
48 223 46
141 164 24
48 221 1
79 249 132
13 116 1
126 126 1
79 162 33
162 260 8
238 263 30
170 234 31
161 186 155
82 229 12
68 114 42
90 170 28
181 249 18
87 148 71
114 143 6
50 141 9
233 263 16
74 233 5
90 224 14
141 186 37
13 132 17
116 238 28
158 255 6
229 234 25
36 231 6
138 186 28
151 246 3
50 50 26
90 158 27
158 246 18
142 151 7
79 246 54
49 148 20
95 230 6
223 223 14
61 148 25
90 144 25
48 226 42
226 252 1
79 166 6
24 246 4
223 229 24
68 97 3
186 231 47
119 231 1
141 141 84
142 229 11
49 107 14
50 162 20
48 138 91
45 249 11
158 170 14
25 257 1
33 249 2
123 233 1
163 211 1
163 244 18
224 230 7
42 142 5
48 151 54
48 74 36
157 260 8
162 162 25
33 255 1
87 144 34
50 114 17
138 230 163
42 140 14
48 162 79
158 238 9
37 50 1
112 112 12
146 179 5
75 224 2
114 224 7
90 164 49
186 232 6
162 246 16
68 166 8
90 141 13
42 48 55
13 13 10
148 231 96
79 82 4
229 263 45
48 152 24
132 142 48
4 230 8
163 170 28
164 170 67
17 158 6
148 262 15
132 252 4
141 143 16
162 239 9
100 238 7
95 148 2
24 142 9
95 113 1
17 79 52
4 186 9
189 249 7
100 230 102
174 230 1
90 142 6
61 79 33
61 68 6
132 151 16
80 148 40
87 164 26
162 164 27
179 224 1
179 179 18
49 90 2
97 256 2
148 233 33
36 129 1
162 163 25
148 158 41
35 132 4
234 234 35
230 233 26
88 164 3
88 263 4
42 238 18
87 138 17
42 239 8
7 226 28
42 75 19
132 153 1
74 107 14
28 36 1
48 143 67
237 262 9
125 137 3
107 230 27
142 162 26
48 232 8
239 244 16
41 166 21
79 186 87
186 209 1
164 179 12
50 235 2
137 262 13
7 233 9
113 186 27
146 229 10
163 224 4
68 142 29
28 28 1
141 255 1
79 228 11
101 137 1
138 164 49
143 239 11
61 186 6
79 129 12
54 164 1
75 148 33
69 223 4
145 148 15
41 162 4
107 211 17
198 225 5
50 148 21
100 239 12
237 260 2
186 262 14
186 230 142
75 163 16
140 262 52
244 244 22
151 244 8
113 232 5
166 239 8
43 239 7
129 170 10
90 137 9
48 145 27
79 181 19
7 249 26
68 261 14
75 116 2
37 90 13
164 233 31
113 144 23
68 239 31
48 75 55
80 256 11
79 210 1
209 211 1
144 230 13
49 114 5
230 231 15
17 230 5
152 166 20
41 74 37
125 234 8
158 249 34
170 226 9
45 164 8
45 49 1
68 125 17
125 236 1
234 249 54
22 234 2
161 168 5
68 263 28
90 163 20
50 228 1
41 50 10
114 226 8
53 129 1
230 234 43
7 161 15
7 142 7
68 80 7
68 140 16
41 170 4
100 236 14
37 211 5
132 148 18
163 246 19
24 42 4
87 163 3
186 224 15
68 230 85
127 230 1
143 164 12
144 249 32
79 141 57
79 226 30
140 238 13
138 238 41
50 75 8
36 36 7
157 186 2
48 127 14
68 229 33
161 263 27
61 125 3
107 161 15
65 164 8
7 163 35
249 256 14
164 228 4
54 181 1
229 261 3
236 239 23
4 87 3
88 236 1
79 175 1
161 230 71
75 229 17
141 146 8
142 166 5
255 256 19
148 230 30
161 234 22
79 100 34
186 234 59
41 246 15
65 65 8
80 87 4
229 229 22
161 229 53
113 263 6
79 233 53
40 181 1
113 170 8
161 249 24
223 249 10
74 230 32
81 238 2
75 249 23
87 90 16
125 144 20
137 230 24
79 80 61
170 236 29
68 237 11
80 90 6
74 164 21
74 244 4
211 223 2
145 163 5
112 170 4
80 227 1
141 161 86
75 161 28
138 263 63
230 230 111
48 157 8
107 148 108
26 48 1
223 230 26
75 142 5
163 230 61
161 226 28
79 193 5
179 193 7
74 249 10
148 177 7
132 263 33
138 162 116
230 249 46
186 261 9
186 243 4
228 249 9
87 125 8
36 258 1
43 230 11
74 114 8
41 211 1
112 231 5
144 262 4
116 148 12
170 179 5
90 169 1
47 169 1
74 142 4
161 236 19
17 148 43
42 42 28
166 166 17
112 166 1
113 146 1
79 179 17
102 230 1
4 231 9
107 223 7
163 262 14
4 52 1
80 80 21
162 244 7
166 263 4
161 223 7
48 209 5
129 173 26
260 260 21
143 143 7
79 173 6
144 181 3
22 48 1
125 231 22
68 231 39
123 148 2
13 143 2
170 231 16
49 170 4
144 158 14
107 158 9
43 158 2
140 246 3
7 246 10
90 148 69
90 112 4
249 261 18
37 49 2
83 260 16
56 129 19
70 143 1
239 246 15
132 226 16
25 52 2
74 75 104
4 114 12
148 217 16
80 263 1
7 145 13
107 236 11
114 179 13
179 236 2
170 262 15
236 249 18
230 238 28
17 246 6
173 243 1
144 163 9
56 80 1
36 157 1
36 142 1
161 233 20
230 237 14
48 255 5
83 166 1
132 250 1
24 239 17
78 151 1
74 224 2
80 140 1
169 230 2
164 246 43
134 164 1
90 140 8
113 114 18
127 186 6
37 148 43
80 255 9
80 91 1
142 234 8
113 148 39
148 223 7
14 230 4
87 233 5
4 129 1
246 261 11
16 68 1
72 181 2
74 151 4
142 263 15
43 234 6
33 90 3
234 256 7
68 129 4
148 164 46
140 239 5
163 163 28
7 50 7
68 113 35
100 113 10
154 164 1
132 223 9
114 234 30
165 231 1
68 75 19
76 179 5
90 232 11
146 163 9
80 95 1
41 249 14
164 243 3
48 158 30
234 246 32
162 230 69
80 114 13
87 87 7
87 162 2
87 229 5
144 246 15
42 162 3
145 230 22
83 193 1
229 262 11
237 238 7
25 37 1
82 143 1
74 226 2
151 151 15
1 238 8
75 170 20
116 230 21
244 246 16
148 188 12
79 161 55
7 144 3
114 159 1
89 112 1
36 48 11
68 254 2
140 236 20
80 249 23
80 142 1
158 166 1
163 243 7
4 90 12
92 163 2
186 256 5
13 113 3
75 233 10
82 129 39
42 148 12
80 166 1
50 143 30
148 209 17
43 148 8
43 142 13
56 234 4
234 244 4
80 107 13
225 234 2
92 256 1
148 239 14
85 107 3
185 185 1
112 226 2
166 255 2
141 179 12
141 202 2
50 193 3
4 37 5
146 234 1
186 263 25
68 233 18
68 158 44
114 260 5
1 43 7
114 181 10
37 164 6
148 255 46
211 229 3
7 229 32
113 237 3
56 113 2
17 68 6
217 225 2
7 137 14
37 246 3
7 237 7
100 233 20
36 113 6
127 243 1
48 163 99
100 186 46
170 211 5
14 88 1
87 107 17
151 234 3
100 162 31
100 229 19
7 158 7
144 261 6
232 257 1
69 79 4
7 230 49
144 234 27
70 82 1
62 162 1
36 181 2
127 151 2
160 249 1
229 233 22
214 231 1
127 263 3
112 148 43
43 161 10
56 230 5
249 249 55
48 140 32
132 186 30
141 144 15
170 249 29
37 256 10
136 244 3
75 141 38
61 246 5
223 231 8
163 237 25
113 244 6
116 249 15
100 146 8
160 234 2
36 234 5
107 188 6
100 100 34
7 68 20
68 243 6
163 249 15
88 230 10
41 263 11
33 97 1
7 90 16
164 238 10
137 142 3
79 230 64
24 116 10
229 257 1
125 158 11
141 231 17
24 79 3
90 211 15
116 239 8
45 233 1
50 61 5
158 162 10
48 237 32
144 263 3
43 87 1
114 257 1
148 236 15
230 246 41
129 229 8
236 236 31
107 246 27
225 256 6
137 163 17
233 237 7
88 144 5
37 255 4
33 65 3
152 239 12
125 143 3
36 255 7
36 80 14
164 181 6
50 100 34
75 79 27
161 244 2
114 232 14
79 243 10
142 249 19
74 138 6
232 256 9
75 90 20
42 151 16
129 164 6
129 230 14
29 79 1
227 255 2
181 230 5
49 246 2
178 225 1
87 263 2
164 249 39
7 113 4
45 256 2
75 140 30
186 241 2
129 232 2
228 231 2
198 231 1
90 257 3
129 263 5
41 161 2
133 234 1
164 244 6
143 230 37
143 161 4
90 231 25
129 260 31
138 138 44
134 151 1
48 213 3
87 249 21
49 144 4
158 230 10
87 161 4
42 50 9
231 263 3
170 186 76
100 114 9
4 234 17
151 186 13
233 244 2
132 239 41
142 236 30
92 246 2
173 173 4
163 226 29
74 148 15
144 164 20
186 208 2
114 142 6
137 246 14
24 41 5
140 162 32
113 145 4
25 170 1
97 97 3
116 116 14
100 234 26
22 132 4
129 137 5
233 246 9
233 236 9
137 140 11
75 107 18
237 249 5
224 233 6
161 162 31
50 186 66
230 239 43
145 164 17
82 141 3
41 233 1
159 170 1
74 168 22
100 261 3
61 249 17
49 229 1
24 249 3
137 209 5
37 186 4
41 107 5
4 255 5
141 246 20
161 179 6
151 236 11
209 246 11
68 262 7
114 188 5
17 25 11
116 263 7
141 262 51
7 146 26
7 197 1
41 116 14
127 244 3
112 239 1
50 133 1
41 137 5
256 262 2
74 141 28
14 229 1
100 231 14
50 185 1
141 237 27
68 74 20
114 125 19
113 249 24
4 224 7
36 249 15
68 244 13
112 249 11
158 181 3
141 234 17
198 246 2
68 238 32
17 114 8
246 256 6
82 146 4
79 225 32
48 82 10
40 186 2
4 63 1
7 63 1
131 230 1
79 138 20
132 249 16
50 126 1
161 163 23
262 262 11
144 170 17
68 132 33
19 68 1
170 246 27
163 164 40
4 162 4
132 141 27
162 256 2
146 170 7
79 168 1
113 129 12
142 168 1
79 85 9
25 79 11
17 198 1
62 114 7
88 107 9
20 230 2
158 189 4
61 189 2
246 263 8
42 74 36
68 112 6
114 237 6
93 157 1
90 107 43
107 138 33
114 261 8
107 198 2
1 132 3
42 68 31
125 257 2
17 249 24
140 249 7
144 233 10
25 107 1
151 162 5
79 261 21
160 161 2
132 162 68
158 158 24
13 239 6
4 211 10
142 173 3
100 249 12
93 145 1
140 231 6
48 70 2
40 97 1
65 85 1
116 161 5
55 234 1
89 148 12
90 161 32
132 164 70
37 68 6
62 100 1
152 244 13
7 234 7
74 246 13
80 232 5
89 209 1
82 173 11
129 244 2
68 255 11
209 231 8
7 87 5
7 260 16
137 186 34
119 244 2
137 161 18
68 226 13
7 75 4
107 237 11
17 112 4
112 256 8
43 137 1
41 234 9
50 208 2
48 65 6
19 95 1
211 234 16
144 209 5
163 186 63
24 234 7
90 236 8
79 202 2
48 196 2
41 229 3
24 162 2
87 256 1
129 233 2
249 255 5
170 239 29
66 246 1
50 181 3
75 152 8
69 143 1
107 141 26
141 152 9
13 158 7
65 189 3
198 255 4
87 145 2
80 100 2
90 244 11
24 48 18
45 144 12
45 263 3
41 152 8
50 262 1
87 88 11
145 236 2
113 255 5
79 132 26
4 177 1
229 246 27
1 100 11
26 249 2
148 234 54
167 186 1
49 234 2
50 243 7
114 239 11
36 107 3
62 249 4
61 62 3
148 189 4
80 231 6
37 181 1
138 181 3
114 161 8
226 226 37
48 189 1
181 255 1
80 170 2
151 163 10
61 107 5
137 138 17
112 164 4
14 158 5
65 80 1
41 238 17
50 107 16
79 198 12
100 143 5
74 238 9
148 181 20
148 206 1
43 140 7
146 230 10
146 157 3
113 209 2
42 244 8
211 239 4
140 234 4
87 228 1
145 229 16
82 231 2
230 244 21
35 37 2
49 263 1
17 49 4
129 211 2
232 261 1
247 249 4
148 229 44
28 229 1
4 189 3
236 237 26
223 263 5
79 195 4
40 90 1
79 217 4
163 239 15
132 244 8
186 223 7
41 48 44
17 65 5
113 262 3
129 258 2
33 186 2
186 237 30
129 223 11
144 145 2
1 261 4
32 79 1
75 237 20
13 186 15
138 161 96
36 256 6
48 202 1
75 202 1
37 145 1
17 189 3
168 189 1
36 41 1
50 87 8
158 164 12
45 107 10
209 232 5
37 100 4
17 209 1
61 100 3
62 234 3
37 123 1
42 137 6
226 236 1
34 255 2
36 79 29
230 236 15
158 179 4
82 216 2
43 186 7
140 163 11
177 230 2
68 227 4
125 246 9
113 238 4
16 234 1
25 188 2
151 249 6
125 164 4
232 237 1
162 238 13
41 244 6
153 244 2
157 161 1
50 237 32
34 79 2
4 244 1
173 198 1
163 229 29
145 226 19
145 255 3
17 163 2
7 141 13
42 168 11
40 249 3
13 144 10
76 100 1
148 151 9
37 257 1
129 161 8
225 230 2
41 41 22
141 142 15
145 260 3
89 234 4
90 132 15
226 246 7
213 246 1
41 142 4
90 116 11
166 231 7
114 129 7
100 145 4
230 247 3
79 209 27
50 209 4
248 249 1
173 263 1
37 112 5
173 255 1
107 127 2
158 232 5
68 143 17
220 238 3
144 232 15
113 163 3
68 181 5
163 234 12
163 260 5
146 237 7
16 79 1
148 203 1
107 165 1
25 256 2
74 100 10
50 161 25
48 80 10
21 233 1
231 261 14
112 217 2
33 148 6
186 188 6
114 198 5
100 148 24
140 232 4
143 231 3
65 137 3
52 164 1
12 68 1
26 114 1
97 234 7
236 246 15
261 263 2
41 69 3
50 238 11
90 243 7
100 137 26
43 100 4
80 198 4
114 238 7
161 238 19
56 56 1
161 261 7
107 262 17
83 164 2
260 263 7
173 260 6
116 212 2
164 263 16
88 145 2
4 232 4
79 174 1
45 142 3
90 127 1
66 256 2
113 142 4
185 263 1
18 243 1
125 232 4
49 89 1
48 261 7
142 143 20
239 243 4
179 217 1
145 145 34
163 212 1
177 211 2
75 234 10
62 132 6
17 17 7
225 225 6
40 255 1
170 193 2
56 141 4
132 216 24
7 162 14
188 226 1
148 260 4
14 114 3
88 148 15
90 237 2
114 211 17
161 260 13
228 237 2
50 250 1
142 226 7
82 186 3
25 186 3
107 146 1
33 141 4
138 142 56
75 168 8
18 244 1
142 262 5
65 68 4
144 168 1
132 233 49
21 158 2
24 158 3
48 216 2
143 170 4
123 164 1
75 151 14
24 170 1
37 225 3
48 228 3
188 211 1
42 249 17
17 52 1
42 163 9
107 143 8
211 246 9
88 234 3
145 256 2
68 182 1
42 234 4
7 42 1
126 189 1
140 211 2
87 224 2
56 157 1
80 261 3
164 226 42
142 152 2
144 238 5
79 254 3
100 244 4
90 233 11
79 130 1
152 164 4
74 262 11
82 140 4
125 125 13
83 113 4
24 50 3
209 249 6
158 186 26
231 233 5
161 237 31
151 230 31
170 209 3
66 249 2
37 48 12
177 177 2
202 263 1
148 198 12
114 262 13
68 232 18
168 186 2
107 125 6
24 168 1
137 244 2
65 107 2
61 97 3
7 95 3
1 161 26
113 230 10
52 125 1
163 232 3
45 211 3
45 232 7
113 234 25
90 256 5
137 162 22
127 231 4
48 126 2
7 56 1
52 249 2
114 158 21
43 170 6
198 256 1
141 226 19
50 231 9
43 141 7
89 256 1
20 193 1
83 145 1
1 186 14
100 107 26
48 69 21
17 234 6
7 255 2
100 173 1
143 148 10
112 114 5
158 260 5
107 255 7
24 68 9
24 243 2
49 115 1
50 125 3
7 80 2
133 161 1
113 181 2
17 50 1
61 89 2
42 230 9
41 75 13
74 186 9
152 230 9
80 234 3
48 233 37
68 208 1
41 243 4
22 114 5
100 225 2
226 234 9
13 246 7
69 226 1
170 173 1
177 209 2
75 181 6
18 161 1
226 229 11
238 262 6
141 238 13
22 141 1
90 255 6
158 231 17
231 255 7
68 123 1
163 209 2
62 113 1
90 230 51
43 143 3
18 50 1
68 83 1
49 87 2
48 193 1
114 152 5
137 211 3
1 13 11
100 161 89
71 79 2
182 209 1
36 244 1
209 263 3
41 79 13
42 209 1
40 170 2
45 80 1
88 100 3
107 181 6
54 230 2
164 239 13
87 141 10
76 90 1
79 133 4
162 233 17
35 74 1
18 137 3
75 211 3
97 125 1
89 249 8
197 197 6
126 164 2
41 212 1
168 212 2
168 168 19
4 65 1
80 143 1
42 236 7
17 232 9
74 181 1
48 224 4
39 79 1
186 225 6
88 262 2
100 226 32
17 145 1
4 74 5
42 147 2
13 148 15
90 166 7
4 164 12
4 170 8
140 186 27
170 260 6
107 212 2
88 170 2
90 145 5
107 224 24
79 189 7
37 107 8
232 234 8
106 228 2
24 75 3
90 262 5
79 145 13
50 132 18
237 239 15
68 88 11
17 88 2
4 33 1
168 234 2
48 247 3
7 15 1
7 16 1
119 249 1
249 262 11
95 236 1
107 112 8
137 261 4
116 229 3
195 234 2
145 246 5
48 200 2
7 232 1
80 243 1
223 226 5
137 228 1
229 241 2
42 158 5
68 151 15
68 178 1
17 257 1
56 249 2
33 107 1
138 229 43
33 234 2
36 90 9
75 100 16
48 166 6
69 230 4
87 209 4
163 233 11
116 127 3
79 89 9
90 261 14
88 129 1
87 158 14
146 249 5
97 107 4
13 263 2
132 145 24
151 158 2
33 113 2
133 158 1
226 255 1
74 144 4
74 223 4
7 151 1
113 226 1
7 225 2
89 211 2
75 119 1
152 232 1
157 239 1
88 189 1
234 257 3
54 114 2
114 244 6
43 132 21
68 260 5
114 116 12
143 144 3
35 79 4
61 229 2
164 236 9
4 66 1
127 164 8
79 86 1
106 256 2
166 249 6
79 127 4
188 190 1
7 133 1
17 90 5
226 249 13
188 231 6
114 228 3
42 263 14
107 163 12
68 214 4
225 249 13
79 257 7
141 163 21
179 209 3
49 113 2
43 60 1
13 209 4
13 48 17
45 48 5
182 233 1
26 226 1
88 89 2
76 161 1
230 248 2
163 261 7
114 149 1
107 134 1
234 247 3
35 61 3
35 76 2
117 142 1
79 123 1
186 255 2
143 249 8
209 261 2
50 239 21
148 179 15
41 262 1
48 125 23
135 234 1
145 237 3
50 263 5
87 132 22
88 137 8
230 242 1
7 198 1
181 263 1
143 233 2
233 233 18
68 179 6
238 244 9
167 168 2
43 249 14
83 88 1
36 164 7
41 230 13
49 230 4
89 255 1
116 237 2
100 256 2
67 256 1
68 241 2
66 79 2
162 237 37
74 90 11
100 262 8
35 155 1
48 188 3
43 163 7
213 216 3
112 246 1
190 249 1
125 129 1
161 243 2
158 229 10
143 235 1
235 240 2
90 223 1
100 246 48
78 141 1
4 41 2
68 130 1
148 225 38
148 166 9
74 166 12
75 136 1
17 179 1
140 255 2
61 144 6
36 257 1
48 120 3
41 43 5
191 256 1
163 231 8
40 114 2
141 239 21
68 257 1
80 163 1
75 144 7
116 224 1
113 116 4
100 254 1
195 249 1
79 112 39
43 45 1
179 233 2
88 249 3
45 246 4
48 61 18
17 113 2
100 123 1
13 87 5
69 229 1
148 168 3
137 249 19
83 226 9
36 209 1
142 161 21
144 186 12
79 136 2
68 258 2
83 211 2
225 246 3
158 188 1
42 170 7
42 107 7
88 233 4
107 155 1
37 261 1
78 116 1
140 233 10
113 228 1
168 242 1
17 231 1
127 158 2
158 161 6
224 236 1
144 161 5
98 249 1
114 223 11
11 170 1
107 238 6
55 79 2
17 61 5
78 234 2
131 131 5
36 161 3
158 261 5
74 170 17
79 196 2
142 213 1
14 181 3
37 114 11
68 228 5
232 263 1
68 259 1
42 69 5
118 230 1
82 82 22
42 144 5
164 169 2
125 263 2
80 246 2
50 144 17
211 230 5
42 186 11
74 239 3
152 161 2
83 146 2
112 186 3
38 107 10
37 234 8
143 246 22
164 260 8
68 138 22
67 230 3
35 48 10
132 197 21
241 241 2
107 226 6
198 216 1
25 113 1
255 255 7
73 260 1
35 225 1
13 230 6
211 249 27
116 169 1
25 65 4
24 107 2
211 232 5
1 1 10
69 75 3
166 186 5
141 223 12
230 261 7
74 116 4
142 170 5
4 256 8
4 50 4
88 238 3
32 238 2
183 250 1
1 230 37
152 223 1
145 158 2
45 61 1
141 211 5
164 171 1
132 237 28
17 132 4
159 163 1
116 159 3
39 48 1
132 258 11
82 137 2
95 226 2
141 151 4
127 249 4
25 61 10
233 249 11
138 262 78
100 138 43
151 231 5
75 132 23
100 170 49
13 100 7
138 239 49
83 186 2
233 261 3
114 132 6
87 261 9
28 163 3
100 163 28
49 164 12
138 233 55
50 113 7
24 138 1
130 132 20
132 143 15
132 138 51
56 226 4
37 229 4
83 137 1
164 250 2
129 256 2
243 257 6
138 140 49
127 236 1
87 142 6
51 162 1
179 260 3
70 163 4
48 88 7
135 233 3
132 158 8
114 243 9
140 230 12
158 211 10
132 209 8
173 239 2
125 138 8
75 129 3
1 107 7
1 65 1
65 125 4
179 249 11
132 179 7
141 145 29
100 142 6
75 145 12
7 121 2
162 226 10
18 141 2
43 107 5
132 238 28
82 226 11
132 211 9
191 215 1
61 132 18
1 170 10
193 193 30
100 125 10
8 158 1
230 254 1
76 132 12
145 263 4
145 262 14
113 161 10
123 249 1
7 35 1
41 158 3
151 152 5
79 93 1
61 113 3
13 138 21
43 138 26
120 132 1
137 217 6
33 231 7
114 138 7
226 263 12
93 132 45
168 173 1
140 161 18
125 132 3
100 263 11
66 113 2
4 246 5
132 261 16
138 148 6
71 132 4
100 224 1
146 162 10
202 229 3
132 135 9
43 152 2
82 83 9
76 223 1
3 230 1
17 137 5
145 161 6
186 233 29
50 211 2
10 132 51
1 142 12
7 132 16
114 236 9
113 140 2
28 132 20
1 249 4
138 237 46
137 248 3
26 26 3
61 61 18
28 226 1
79 208 1
97 238 2
134 197 1
132 203 33
132 160 2
95 132 13
13 50 4
1 162 16
138 261 12
132 134 12
100 168 3
132 215 6
132 190 1
21 132 4
163 238 18
132 137 11
151 166 18
24 24 5
89 100 7
31 50 1
100 232 4
17 229 1
25 25 8
236 243 3
90 254 3
132 191 4
129 138 16
48 52 1
162 166 12
79 241 3
50 116 10
112 232 1
97 246 2
49 132 11
68 167 1
140 224 5
168 230 6
237 263 25
90 239 8
37 170 4
159 239 1
43 151 9
4 166 1
107 209 9
74 161 10
45 114 11
36 229 3
231 244 5
45 239 3
146 236 4
63 125 1
90 123 1
132 262 19
1 48 22
1 141 8
43 146 2
132 166 13
82 148 10
129 162 6
226 237 9
75 166 6
124 132 3
142 246 17
13 107 11
138 226 2
132 227 5
24 229 3
143 162 9
113 261 8
25 144 4
43 238 9
100 144 6
132 139 7
257 257 1
12 114 2
74 234 4
132 144 5
114 225 16
43 236 7
87 186 24
114 162 9
39 132 8
168 244 1
107 216 2
77 79 3
143 159 1
74 153 1
75 186 15
34 97 2
82 107 9
217 249 6
24 143 3
3 50 1
132 140 24
13 142 3
47 239 8
43 229 8
41 242 3
113 132 17
146 164 6
68 209 13
129 145 4
114 189 1
36 95 1
138 151 12
36 170 2
87 237 2
102 130 2
25 106 2
137 263 28
138 231 15
36 232 3
95 246 2
181 234 5
116 151 11
16 122 1
74 231 3
137 247 3
116 236 4
25 49 3
114 256 16
79 203 3
1 233 9
125 225 3
48 256 4
24 230 4
137 181 3
24 82 1
88 151 1
90 260 6
145 232 3
220 246 1
170 256 3
33 181 2
90 143 5
68 198 3
76 76 1
13 95 1
209 230 3
43 226 2
146 260 17
132 255 11
186 212 2
234 236 4
48 71 2
125 170 7
141 232 4
52 79 6
74 113 3
186 238 15
158 237 7
18 132 1
13 125 10
13 231 20
140 198 1
100 193 1
157 157 2
140 146 11
49 75 1
90 227 1
67 233 1
126 132 1
223 233 4
113 227 2
138 249 17
97 164 6
226 254 1
42 125 3
48 112 5
132 202 1
233 250 4
14 162 2
161 246 17
72 246 1
68 70 1
51 231 1
189 256 1
211 224 2
68 116 9
125 163 6
132 232 4
142 164 11
189 246 3
25 48 1
119 246 2
92 132 20
100 260 6
107 179 4
50 151 6
198 229 1
138 234 25
138 170 60
88 224 1
146 186 9
1 234 3
174 247 1
173 186 1
100 140 15
36 211 2
52 148 10
142 208 1
87 137 11
133 170 1
1 138 3
100 152 2
1 231 5
40 107 4
17 107 6
4 138 3
78 107 2
42 141 12
125 233 8
95 249 4
48 211 12
164 223 22
42 100 5
61 230 7
188 234 2
148 235 3
37 161 5
148 173 7
85 132 5
3 146 3
82 211 5
24 144 5
129 163 5
17 141 6
14 246 2
236 248 1
25 249 6
50 140 5
61 231 5
20 48 4
63 256 1
160 260 1
45 255 2
114 168 3
37 230 18
190 211 1
24 166 6
42 229 4
97 186 7
148 258 1
164 168 3
114 229 9
90 133 1
1 148 3
48 95 7
129 198 1
95 114 1
50 157 2
42 114 3
62 148 6
17 80 3
7 36 2
162 223 11
217 232 2
45 160 1
7 164 27
136 249 1
24 161 5
116 164 2
70 263 1
146 202 5
18 75 1
65 195 1
48 192 1
198 198 6
186 236 9
164 211 10
33 143 1
48 160 2
152 249 3
41 132 7
65 262 1
226 262 1
17 144 4
257 263 2
7 231 4
7 138 8
48 87 17
234 238 5
136 148 3
157 256 1
10 166 1
129 141 9
79 177 2
68 127 1
137 231 11
45 132 4
112 234 3
146 226 13
42 145 1
137 232 9
79 247 2
141 193 1
152 186 3
1 229 4
70 260 5
28 237 1
145 170 7
52 261 1
113 233 8
91 148 1
113 162 9
52 230 3
63 79 1
95 141 3
231 238 4
75 223 2
45 90 4
65 114 7
148 162 27
230 260 12
177 249 3
136 170 1
140 148 24
244 263 9
36 158 4
75 173 1
190 231 1
155 229 1
90 168 3
48 83 8
45 141 4
134 170 1
82 260 18
169 233 1
145 223 6
80 137 7
75 262 15
140 202 1
162 173 2
91 123 1
11 114 2
141 244 3
113 190 1
69 74 3
148 193 3
145 193 7
28 114 3
211 227 3
243 263 13
132 218 13
162 211 4
43 43 3
49 52 1
100 243 5
119 226 1
236 244 4
69 159 3
50 152 4
228 228 4
146 211 2
151 262 2
145 225 2
164 261 10
77 161 1
17 255 7
141 173 2
61 77 3
129 237 7
42 181 1
83 234 1
148 237 8
66 214 1
230 262 30
143 151 4
56 90 5
230 256 3
148 160 4
74 235 1
114 242 2
97 230 1
169 263 1
75 137 8
82 234 2
116 234 6
246 260 3
100 166 3
74 237 7
90 228 4
125 211 6
132 229 24
79 213 3
13 114 3
216 216 6
95 107 3
95 135 1
124 258 1
41 112 1
48 179 11
65 246 3
133 261 1
1 224 1
75 138 5
116 129 2
92 148 1
152 243 5
10 100 1
32 166 1
101 132 4
113 125 7
141 247 12
82 142 9
112 137 3
116 168 3
146 161 4
163 256 2
24 236 3
155 181 1
75 179 1
12 246 1
33 48 1
138 179 4
7 177 1
88 232 2
74 209 2
225 229 4
112 146 2
95 157 1
158 233 10
140 228 1
170 227 2
234 239 5
162 232 1
216 255 1
87 262 4
43 48 10
164 224 9
148 152 5
50 138 9
50 136 1
97 131 1
167 230 2
152 170 2
144 244 2
48 258 1
4 213 1
41 138 4
164 196 2
140 168 3
77 132 1
50 166 6
62 79 4
79 95 3
230 232 9
4 233 1
144 239 5
66 231 2
132 159 1
261 261 5
4 263 3
125 261 7
70 132 10
74 152 8
129 246 3
25 87 2
4 238 3
224 232 2
7 112 2
80 152 1
13 79 6
49 231 7
78 132 1
41 167 3
189 231 9
87 100 4
75 247 2
90 146 1
90 97 3
17 97 8
141 225 5
132 224 5
41 153 1
237 244 5
137 237 6
141 158 6
66 164 2
202 249 3
43 90 2
78 263 3
65 79 8
88 88 3
33 158 3
146 193 5
140 145 15
137 239 1
79 190 4
133 246 2
4 144 15
148 227 3
113 141 5
14 164 3
234 260 5
100 121 1
90 209 8
18 116 1
193 261 1
43 75 7
42 43 3
174 186 3
74 236 14
243 246 5
144 189 1
74 132 8
125 255 7
137 146 2
90 173 4
164 258 1
107 260 5
4 40 1
186 257 1
68 168 3
80 233 1
100 129 3
4 243 1
76 148 1
24 186 4
141 259 1
11 144 1
97 225 8
106 158 1
141 159 2
107 244 7
69 69 2
88 140 2
1 90 8
45 212 1
79 147 2
211 261 2
47 164 1
97 148 19
76 232 2
41 164 8
181 189 1
158 256 6
54 158 1
256 261 1
85 89 1
70 129 4
87 89 1
41 100 11
61 90 2
48 49 7
160 226 3
15 68 1
68 220 1
113 211 6
198 249 5
45 213 1
132 198 6
164 193 1
227 234 3
209 226 1
114 123 2
82 160 2
100 211 3
129 193 1
138 158 10
68 152 6
64 230 1
160 263 2
252 262 1
45 113 4
74 232 5
161 217 2
100 141 11
186 202 1
158 217 1
48 131 1
142 244 2
68 177 3
65 249 3
22 249 3
125 162 4
151 216 2
48 147 1
231 236 9
36 112 2
17 239 1
168 262 2
44 44 5
143 237 5
74 126 1
51 164 6
115 117 2
125 190 1
43 162 7
92 141 1
4 112 1
69 232 1
63 129 1
76 188 2
88 125 3
106 137 1
4 42 2
88 188 2
100 119 2
168 170 4
79 260 9
87 140 3
116 137 5
107 160 1
212 248 1
42 247 2
142 233 2
48 136 2
89 114 5
68 188 2
116 143 3
189 255 1
56 97 1
24 43 2
152 163 4
33 164 3
147 213 1
42 248 1
143 234 2
7 114 11
80 97 2
45 68 7
55 148 2
223 246 3
112 233 1
65 227 1
217 230 3
68 76 1
69 167 1
69 119 1
50 232 2
75 162 15
114 146 3
158 224 5
140 143 5
211 211 7
43 79 7
3 142 1
13 141 7
45 45 3
82 161 3
58 58 1
158 202 1
62 90 1
36 132 7
224 255 5
158 236 2
37 146 2
159 161 1
35 162 1
116 163 6
138 166 4
142 146 3
133 249 2
4 209 1
209 233 3
147 159 1
33 261 3
40 231 5
33 106 2
113 157 3
137 236 8
168 238 3
179 226 6
90 248 1
161 193 8
142 261 7
151 226 3
102 132 2
186 260 2
116 138 4
146 223 6
132 173 3
114 126 1
192 192 1
162 231 7
152 152 7
146 246 2
132 225 5
146 263 2
116 226 1
76 225 1
15 132 2
213 233 1
116 262 3
25 181 4
89 181 3
65 231 2
137 188 1
122 129 1
49 125 2
107 173 1
50 146 3
132 251 1
113 257 1
145 197 1
42 235 2
142 243 3
83 148 1
90 226 7
116 209 1
48 106 1
97 161 4
241 261 1
135 170 18
125 166 3
125 146 1
142 148 15
142 231 8
66 97 4
113 138 20
163 258 1
90 225 8
194 210 5
67 249 6
43 231 2
181 225 1
161 181 8
116 186 6
189 237 2
37 158 3
76 107 3
48 78 4
116 170 3
1 80 1
129 227 1
33 230 1
230 259 4
113 229 3
132 243 1
14 90 6
71 244 1
40 100 1
132 222 1
132 181 14
126 239 2
80 141 6
43 129 1
34 140 1
223 260 5
63 132 6
162 202 5
145 173 1
48 225 10
65 132 11
114 127 2
83 162 1
56 132 18
45 100 2
13 161 4
48 252 1
25 45 1
75 254 1
74 146 1
148 257 2
89 144 5
129 160 1
138 146 3
7 28 3
137 182 2
49 257 1
140 179 4
163 213 1
91 132 5
146 244 1
163 168 1
161 225 6
26 230 2
168 249 1
179 231 2
151 247 2
91 163 1
91 225 1
87 230 19
70 138 4
19 101 1
132 205 6
143 225 1
7 244 1
73 132 2
194 241 5
50 65 3
166 229 8
114 163 8
137 226 13
1 79 7
88 114 6
12 162 1
68 136 4
90 138 19
141 260 11
4 88 1
140 215 6
151 170 2
88 132 5
170 177 1
82 249 5
54 231 1
106 113 1
61 232 3
41 82 1
1 87 11
80 132 2
151 168 1
132 256 5
25 161 2
82 228 1
100 127 3
18 20 1
186 211 13
158 225 1
230 240 2
42 237 2
75 139 1
12 158 1
101 216 1
95 152 1
24 152 5
137 238 4
78 246 3
21 100 1
28 211 1
60 107 1
72 132 3
41 236 11
100 112 2
166 243 6
116 146 3
116 243 2
132 174 2
92 107 1
80 186 5
168 237 1
143 213 1
24 132 7
189 234 1
53 132 3
193 234 3
93 186 1
161 167 1
64 132 2
25 132 7
93 233 1
141 189 5
66 132 5
42 132 3
19 132 1
164 227 4
140 216 9
220 239 1
70 142 1
194 238 1
24 263 4
19 230 1
70 148 2
33 50 3
137 223 4
142 155 2
127 143 1
236 260 1
141 168 6
61 173 1
51 132 3
82 233 1
34 181 1
45 235 2
132 165 4
244 254 1
132 246 3
88 225 2
25 40 3
43 263 1
162 168 1
48 94 5
106 230 1
161 262 15
146 152 1
168 246 1
142 224 9
7 82 9
255 263 2
66 95 1
32 229 1
138 246 6
212 213 6
47 47 3
14 168 1
141 160 3
158 239 2
56 140 1
56 83 1
140 151 9
40 234 2
12 113 2
80 224 4
194 236 1
200 239 1
87 236 4
114 145 7
94 249 1
159 229 3
67 90 4
106 164 3
83 229 5
1 236 5
159 174 1
126 236 2
113 113 12
4 163 1
48 217 1
208 244 1
25 230 2
108 166 7
7 236 7
13 164 8
95 100 2
37 141 4
166 193 3
17 181 3
1 164 14
179 262 2
13 140 2
60 144 1
143 152 4
50 236 7
138 144 5
193 226 2
89 162 5
28 82 2
75 226 1
211 212 1
85 186 2
168 231 3
4 217 1
40 148 5
38 132 4
4 51 1
212 212 1
48 92 4
48 174 2
151 200 1
145 162 5
138 209 5
70 141 3
132 152 2
169 169 1
18 18 2
142 223 3
143 229 3
164 255 4
243 243 3
225 233 2
108 231 4
50 121 1
56 137 1
42 255 4
119 141 1
49 100 1
231 257 1
39 230 1
69 163 2
155 233 1
74 94 2
197 262 1
74 169 1
153 231 1
127 153 1
174 238 1
147 238 1
79 220 1
41 114 6
48 262 9
70 94 1
129 186 5
85 144 4
173 230 4
70 249 1
186 244 8
173 233 1
128 163 1
132 147 1
169 261 1
137 193 2
162 177 2
132 260 4
148 212 1
37 132 4
106 249 5
65 138 4
48 167 3
50 248 2
132 169 2
170 181 2
146 151 1
132 231 9
100 158 6
97 100 1
25 168 1
82 164 6
7 173 9
126 137 1
87 121 1
17 186 4
14 163 2
50 82 2
89 231 2
75 212 4
163 167 2
229 238 6
42 90 11
119 174 4
186 193 1
66 170 1
177 232 2
19 79 3
14 231 2
58 242 1
225 232 7
89 149 1
62 232 1
186 226 9
97 231 1
163 200 2
112 211 3
74 88 2
69 114 2
198 234 3
42 138 3
25 164 2
198 232 1
121 132 2
1 68 9
36 138 1
129 261 2
239 262 5
113 198 2
50 160 2
108 144 1
151 235 2
235 249 2
162 255 3
100 247 1
144 225 4
1 140 1
18 48 2
100 179 1
157 263 4
82 144 1
55 68 1
90 177 3
24 148 5
236 247 2
12 116 1
151 263 2
41 144 4
90 189 8
158 190 1
1 113 3
75 213 6
74 136 4
17 170 5
95 142 1
129 144 3
166 224 2
230 255 1
159 167 4
211 262 1
226 261 1
123 141 1
141 243 4
56 79 2
68 98 1
8 144 1
90 152 3
225 261 1
10 10 3
140 212 1
89 246 1
80 164 5
95 224 1
68 95 1
61 170 2
138 188 1
1 246 6
100 252 1
100 217 1
136 174 1
82 196 3
24 237 2
114 227 2
42 127 1
126 174 1
3 174 5
232 246 4
225 238 1
220 235 1
4 198 3
238 247 1
146 243 1
75 146 2
41 127 3
72 77 1
25 89 2
49 249 8
231 251 1
144 165 1
14 148 1
61 82 1
181 232 2
26 255 1
79 119 1
114 195 3
53 170 1
61 74 1
137 256 7
241 244 2
45 159 1
77 144 1
133 230 2
33 246 3
50 127 1
28 249 2
33 256 1
51 78 1
36 125 5
21 140 1
152 241 1
50 188 1
116 119 1
145 261 1
45 87 7
50 258 1
152 231 2
39 74 2
25 80 2
36 246 3
48 72 1
224 231 6
82 157 3
226 244 1
33 163 1
48 97 3
45 181 1
24 151 9
83 170 1
49 255 3
72 188 1
113 235 5
48 54 2
1 210 1
177 256 1
40 79 3
137 255 2
144 185 1
119 162 1
90 129 5
82 255 2
88 143 1
7 70 1
91 188 1
188 230 2
4 261 2
80 146 1
155 225 4
41 168 3
152 263 2
46 185 3
137 145 6
68 82 1
83 263 1
53 260 1
159 159 4
90 136 1
94 168 1
65 161 1
114 233 7
161 166 1
146 171 1
4 236 3
211 225 1
36 100 2
82 162 4
143 263 4
36 49 1
18 230 1
3 229 1
3 254 1
61 256 3
40 164 3
4 229 3
171 237 1
188 257 1
144 237 6
87 112 1
176 229 1
65 239 1
41 237 2
145 211 2
248 254 1
158 243 2
170 196 2
25 100 1
50 137 5
83 132 4
137 196 3
72 79 5
109 109 2
141 157 1
246 255 3
211 237 2
41 145 2
162 196 1
79 157 5
21 39 1
140 158 4
148 165 1
106 148 1
65 186 4
144 149 1
89 163 2
1 145 1
97 132 3
166 170 2
65 234 3
7 211 3
37 113 3
42 185 1
141 166 7
68 145 6
196 233 1
237 248 1
33 144 4
140 256 1
112 163 2
90 220 1
14 255 3
235 235 1
45 170 2
87 238 5
102 148 2
85 116 1
65 144 6
60 74 1
22 148 1
56 181 1
157 237 1
144 223 1
18 114 2
170 228 1
61 66 1
160 230 1
87 232 2
144 226 1
1 137 1
132 157 5
136 263 3
90 102 1
107 225 2
51 213 3
213 242 1
51 141 2
45 74 1
208 208 1
159 234 1
50 51 1
50 205 1
144 188 2
114 235 1
220 234 1
236 255 1
125 209 3
173 234 6
170 243 4
52 181 2
56 82 5
69 162 1
223 238 1
7 83 5
89 97 1
212 229 3
61 141 4
7 157 3
74 211 4
76 249 1
157 230 2
71 158 1
14 14 2
114 215 1
127 148 1
61 225 9
168 169 1
32 169 1
229 256 1
21 144 2
4 125 3
4 262 2
142 232 2
166 174 1
143 236 6
4 228 2
61 228 1
227 231 2
97 244 1
217 256 1
145 231 3
259 263 2
67 186 1
155 231 1
189 230 2
4 143 1
4 45 4
211 255 1
163 179 3
140 144 4
141 178 1
43 113 2
113 136 2
247 247 3
239 248 1
225 226 1
213 247 1
75 143 3
45 209 2
162 193 4
68 89 4
193 229 2
80 260 1
7 143 1
52 114 1
132 253 1
116 132 2
158 163 4
200 236 1
4 161 2
50 95 2
202 238 1
143 193 1
148 200 1
49 163 1
4 25 1
61 114 1
114 147 1
77 114 1
73 186 1
68 169 1
37 157 1
157 225 1
40 113 1
90 247 2
87 189 1
116 158 3
162 165 1
116 142 4
148 243 2
100 159 1
63 225 1
125 179 1
186 228 1
148 175 1
229 244 4
37 209 1
90 106 1
163 225 1
152 211 1
112 237 1
12 148 1
48 169 5
141 147 2
153 230 1
36 106 1
95 255 1
11 67 1
123 125 1
125 145 1
179 255 1
107 152 3
202 246 2
202 226 1
170 220 1
36 163 1
26 142 1
21 79 2
39 77 1
182 234 1
4 17 3
68 92 1
82 230 3
101 140 2
97 232 2
78 164 1
78 254 1
75 114 6
36 144 6
142 209 1
116 185 1
141 252 1
228 232 1
13 238 1
134 246 1
24 114 4
24 100 3
165 229 1
43 168 1
174 239 2
14 68 3
71 249 2
85 249 3
137 157 1
83 83 1
50 80 2
157 249 1
52 170 1
144 198 3
51 148 2
81 81 1
179 230 3
56 75 1
125 188 1
169 239 1
51 51 3
33 232 1
167 247 1
80 189 1
148 213 1
141 181 4
45 50 2
75 113 6
164 188 1
185 229 1
50 197 1
114 209 3
114 151 4
144 166 2
48 251 1
188 232 1
129 171 1
49 97 5
80 158 5
234 255 5
80 82 1
12 186 2
179 246 3
35 215 1
144 224 2
152 162 1
231 260 1
86 145 1
17 91 2
68 146 3
57 129 1
114 136 1
211 228 2
62 181 1
158 226 2
210 263 1
101 230 3
163 188 1
45 186 2
78 137 1
254 254 2
42 97 1
13 74 1
145 234 2
75 158 5
11 162 1
141 209 2
132 188 6
226 247 1
41 247 1
7 74 2
71 90 1
61 88 1
140 188 8
71 148 2
79 235 2
121 255 1
136 186 1
148 157 3
144 260 2
7 238 2
144 146 1
7 256 2
146 168 1
132 193 2
80 161 1
137 151 3
17 87 1
141 256 2
17 33 1
116 144 1
142 260 2
138 224 1
112 230 6
159 263 1
114 166 1
90 130 1
40 132 2
74 81 1
148 195 3
25 162 1
86 132 2
89 137 1
71 141 1
72 85 1
158 215 1
113 143 3
133 164 3
250 256 1
89 90 2
45 229 1
45 76 1
148 247 3
62 231 5
145 202 1
92 230 3
226 259 3
17 36 2
140 152 8
140 226 2
65 230 1
116 162 1
50 212 2
121 142 1
83 163 2
229 247 1
50 169 1
77 232 1
79 227 2
97 211 1
137 191 10
114 167 1
88 141 1
106 132 2
10 230 2
88 138 5
21 186 1
56 114 1
12 48 3
43 125 1
143 158 2
98 132 3
28 137 1
134 242 1
25 229 1
80 144 1
151 237 2
209 215 1
48 180 2
161 257 1
57 162 1
132 133 1
43 93 1
11 141 1
52 106 2
89 132 2
132 194 1
34 65 1
55 230 1
209 209 2
4 132 2
138 211 4
88 244 3
100 116 7
82 193 2
122 130 1
75 232 1
62 233 1
13 237 1
7 152 2
13 234 4
100 157 1
226 239 1
70 164 1
92 186 1
28 162 1
233 239 3
61 138 3
7 43 2
135 226 1
113 248 1
50 221 1
63 164 1
35 86 1
162 179 3
132 146 6
74 112 1
74 167 4
21 48 2
75 78 3
82 116 1
1 75 1
230 235 2
144 228 3
220 244 1
38 148 1
7 167 5
163 196 2
131 135 1
43 232 1
92 129 1
129 140 1
25 189 2
100 108 1
70 93 1
93 134 1
237 256 1
28 209 1
196 238 1
14 249 11
69 244 4
213 213 6
243 254 1
25 29 1
132 171 3
132 155 1
132 189 4
61 137 1
132 180 3
143 244 1
19 219 1
121 234 1
163 197 1
132 200 2
100 196 2
49 186 4
143 262 2
49 141 2
142 197 2
41 125 2
146 256 1
28 95 2
134 233 1
213 229 1
80 125 1
43 82 2
4 140 5
234 261 3
37 87 2
25 33 2
185 238 3
52 132 2
231 243 3
113 223 2
188 188 2
88 231 10
52 61 1
7 33 1
228 230 1
18 83 1
133 262 1
112 132 3
229 239 1
164 254 1
140 147 2
223 224 1
78 161 1
9 48 1
42 240 1
36 225 1
151 242 2
114 247 1
140 142 7
247 254 3
106 195 1
158 257 1
14 261 2
165 237 1
48 254 2
116 247 2
97 138 2
48 55 3
133 133 2
56 164 1
113 188 2
56 107 2
112 144 3
168 248 1
129 231 1
147 230 1
148 149 1
93 230 1
168 247 1
71 263 1
1 158 4
140 193 1
79 159 1
125 230 5
41 71 1
92 164 2
224 256 1
13 70 1
163 166 2
65 90 3
37 65 2
113 239 3
88 113 2
82 246 1
141 167 1
1 262 2
12 263 1
95 164 2
7 52 1
71 230 2
75 244 1
140 182 2
42 200 2
37 137 2
113 200 1
114 185 5
56 138 1
238 261 1
43 50 3
127 170 2
47 163 1
170 198 1
24 163 3
22 68 1
193 260 2
48 121 2
75 246 3
162 261 2
138 145 1
215 236 1
1 50 3
136 220 2
225 255 2
132 204 1
164 241 1
157 231 1
24 181 1
93 170 1
45 95 1
134 137 1
14 144 2
20 244 1
179 263 2
136 229 2
13 163 2
164 197 1
17 140 1
4 239 1
107 182 2
135 162 1
112 142 1
88 260 1
24 93 1
113 149 1
138 223 1
132 168 2
144 227 1
43 243 2
90 196 2
26 181 2
80 138 1
42 243 3
127 152 1
1 151 2
45 162 3
70 162 1
129 157 1
138 256 2
181 246 3
102 164 2
166 234 2
162 180 1
37 233 3
169 235 1
24 226 1
14 26 4
129 146 4
36 116 1
36 87 1
1 143 3
38 137 5
45 236 1
179 239 1
69 238 1
106 144 2
75 159 2
70 239 3
141 224 5
48 241 3
200 229 1
82 258 1
14 150 1
150 150 1
164 189 1
202 202 2
69 256 1
74 194 1
170 254 1
100 202 2
33 114 2
62 85 1
232 241 1
32 242 1
33 138 1
90 202 1
57 132 2
129 167 1
100 151 3
158 212 1
4 14 2
63 162 1
247 262 1
88 157 2
47 166 1
159 231 1
106 152 1
123 234 1
113 195 1
48 248 2
234 243 2
50 145 1
7 239 4
39 61 6
36 50 1
90 208 1
98 170 1
179 234 2
151 233 1
217 217 1
164 202 1
36 177 1
133 255 1
37 226 2
61 72 1
83 181 1
137 225 1
17 37 1
107 261 3
87 113 2
80 160 2
130 249 1
148 196 1
132 257 3
34 90 1
79 160 2
95 196 1
237 261 2
45 158 1
235 244 1
70 261 1
13 195 1
43 233 2
31 94 1
232 262 1
41 119 2
165 230 1
179 205 1
90 149 1
140 210 2
50 229 8
48 198 3
68 248 1
169 247 1
83 230 1
65 97 1
47 229 1
61 211 2
42 231 7
25 82 1
47 232 2
74 143 2
235 262 1
22 246 1
196 249 1
73 100 1
65 113 1
68 210 3
85 114 2
113 169 1
113 256 1
107 190 1
209 221 1
249 260 2
28 170 2
205 215 1
36 198 5
67 148 1
137 189 1
161 211 2
80 83 1
129 130 1
231 262 3
169 242 1
37 77 1
48 218 1
90 198 1
97 188 1
135 236 1
49 203 1
82 114 1
121 229 1
66 114 2
229 232 4
35 39 4
19 141 1
224 237 1
137 227 1
129 252 1
133 144 1
54 54 1
92 260 1
257 262 1
42 51 2
87 151 1
102 163 1
171 186 1
237 254 1
167 234 1
160 198 1
39 232 1
90 241 1
230 250 1
52 158 1
47 148 1
145 167 1
28 164 1
47 75 1
93 142 1
137 224 7
61 198 1
22 79 1
60 231 1
10 261 1
41 241 1
188 217 1
146 232 1
121 163 1
209 227 1
75 241 1
14 132 2
215 230 1
62 144 2
189 198 1
129 239 1
4 151 1
95 231 1
198 230 3
173 249 1
77 113 1
97 113 1
52 107 1
163 173 1
36 230 2
144 236 2
37 129 1
56 95 1
163 259 1
132 136 1
100 167 2
163 255 1
173 226 2
65 261 1
66 87 1
163 185 1
136 166 1
61 181 6
79 212 2
119 147 1
107 116 4
49 142 1
163 180 1
142 158 2
97 144 1
60 151 1
102 160 1
78 144 1
160 186 3
143 211 1
45 198 1
48 257 1
179 186 3
85 255 1
148 153 1
17 40 1
157 246 2
42 232 2
50 219 1
25 225 2
71 144 1
137 259 1
88 187 1
159 166 2
55 255 1
15 260 1
68 157 1
18 90 1
87 255 2
48 175 1
25 41 1
35 256 1
219 230 1
188 225 1
36 239 1
126 244 1
126 220 1
72 114 1
249 250 1
95 232 1
39 231 1
222 230 1
114 173 1
146 148 1
232 255 2
22 229 1
166 194 1
151 229 2
7 227 1
91 140 1
152 229 1
129 179 2
125 229 4
52 246 1
79 83 1
234 241 1
1 256 1
136 262 1
137 152 1
61 112 1
106 229 1
158 198 2
173 231 1
13 88 2
130 231 1
255 257 1
133 257 3
7 41 1
39 148 1
68 134 1
134 148 1
33 170 2
12 79 1
17 263 1
11 246 1
47 48 1
125 140 1
36 260 1
80 145 2
48 73 1
132 195 1
255 262 1
69 186 1
56 229 1
74 125 1
83 237 1
37 101 1
97 151 1
68 200 1
181 195 2
52 186 1
39 100 1
193 230 2
159 162 1
95 163 2
68 193 2
50 83 1
68 196 1
250 263 1
137 166 1
91 234 1
45 237 1
132 247 2
134 226 1
65 100 1
138 232 1
38 205 4
133 145 1
144 252 1
95 138 2
11 249 1
151 243 1
129 209 1
115 132 1
162 212 1
125 141 4
14 125 1
70 79 2
25 227 1
80 188 1
125 224 1
74 254 1
70 173 2
112 125 1
97 146 3
14 138 1
127 137 2
74 173 1
50 220 1
186 189 1
50 223 1
42 169 1
114 210 1
173 229 1
153 249 1
197 214 1
48 76 6
76 177 1
119 237 2
75 194 1
135 230 2
40 61 1
69 169 1
4 223 2
169 248 1
113 250 1
160 173 1
80 157 1
52 68 1
94 141 1
65 83 1
107 252 1
95 129 1
56 238 1
61 193 1
11 148 1
80 262 2
65 87 1
125 238 1
152 262 2
68 153 1
141 216 1
157 226 1
68 126 1
126 141 1
74 133 1
87 143 4
56 100 1
42 130 1
151 167 1
140 159 1
61 151 1
137 168 3
76 226 9
63 236 6
6 142 1
4 152 1
42 119 1
28 83 1
95 137 2
174 208 3
12 249 1
1 237 3
13 233 3
32 137 1
37 88 1
87 93 1
144 256 4
14 107 1
140 244 1
79 126 1
238 260 1
214 214 1
25 138 1
119 167 1
40 40 1
171 226 1
70 70 1
51 137 2
21 114 1
16 132 2
137 250 5
76 211 1
117 205 2
112 229 2
159 164 2
40 144 2
92 237 1
16 16 1
119 230 1
159 169 1
6 234 1
20 185 2
1 152 1
70 256 1
132 149 1
93 263 1
141 208 1
42 164 1
186 259 1
177 186 2
7 53 1
164 173 2
164 208 2
22 137 1
1 263 2
61 76 2
1 114 1
244 247 1
74 82 1
78 179 1
28 146 1
70 230 1
22 231 1
129 197 1
106 112 1
140 157 1
76 231 1
171 179 1
28 135 1
121 135 1
14 186 1
80 226 1
218 219 1
205 205 2
205 218 8
219 219 2
16 197 1
52 161 1
83 107 2
48 177 1
58 249 1
25 146 1
89 233 3
14 170 1
90 118 1
164 200 1
68 119 1
18 168 1
146 166 2
48 119 3
89 129 1
226 232 1
106 107 1
24 242 1
97 170 2
89 158 1
113 243 2
82 237 1
239 260 1
141 205 1
157 234 1
160 164 2
100 242 1
50 198 2
114 191 1
128 143 1
21 75 1
141 261 1
70 233 1
114 217 1
205 249 1
61 158 1
82 108 1
98 164 1
158 262 2
70 179 1
48 85 1
56 260 1
14 24 1
42 78 2
119 119 1
14 137 1
134 134 1
108 132 1
88 160 1
151 260 1
71 177 7
90 119 1
90 92 1
13 229 2
106 181 1
40 252 1
157 164 1
55 76 1
75 126 1
112 161 1
168 233 1
4 89 2
132 210 1
69 213 1
48 204 1
9 132 1
42 159 2
122 193 1
63 249 1
17 225 3
141 174 1
66 161 1
116 233 1
50 189 1
74 248 2
61 65 1
140 160 1
118 141 2
146 255 1
22 100 1
125 127 1
88 161 1
88 221 1
129 192 1
170 225 3
45 163 1
74 212 1
33 61 2
41 47 1
168 232 1
185 230 1
130 130 1
171 246 1
37 86 1
45 137 3
233 260 1
202 230 1
132 208 1
56 161 2
93 126 1
132 177 1
146 167 1
39 39 2
48 191 1
61 85 11
90 217 1
164 213 1
74 196 1
55 100 1
21 129 1
21 232 1
198 209 1
39 68 1
41 200 1
69 259 1
137 143 2
88 227 1
4 168 1
88 211 1
83 161 1
25 234 1
25 228 1
163 198 1
112 225 2
144 173 1
125 223 1
148 185 1
106 209 1
121 249 1
228 256 2
193 232 1
106 125 1
31 186 1
47 233 1
125 142 2
82 90 1
62 246 1
232 258 1
164 242 1
76 114 2
140 185 1
7 130 1
41 254 1
235 254 1
13 211 1
200 249 1
67 79 3
48 53 2
50 225 1
140 220 1
45 138 1
191 226 1
71 107 1
7 37 1
45 97 1
135 163 1
25 237 1
28 130 7
125 243 1
170 255 1
177 181 3
134 144 2
80 217 1
227 233 1
7 243 1
129 202 1
144 197 1
82 163 3
50 260 2
177 198 1
223 234 2
25 76 5
146 239 1
21 227 1
17 142 1
106 260 1
112 158 1
7 181 1
125 217 1
35 117 1
125 256 1
65 88 1
146 218 2
52 113 1
9 148 1
100 241 1
50 261 1
21 67 4
146 198 1
17 226 1
68 133 3
48 153 1
164 166 2
12 151 1
10 218 14
17 26 1
26 68 1
85 188 1
11 237 1
158 244 1
43 145 1
173 211 1
114 218 1
107 129 1
52 162 1
22 113 1
37 125 1
64 148 1
155 163 1
127 220 1
232 233 1
212 230 1
224 244 1
90 134 1
89 113 1
235 247 1
45 125 2
37 102 1
80 129 1
90 151 2
75 131 1
36 216 1
106 161 1
69 141 3
127 141 1
148 180 1
129 134 1
80 113 2
216 239 1
41 235 1
49 158 1
49 49 1
166 232 1
114 187 1
82 224 1
69 236 1
140 243 1
123 211 1
186 250 1
131 132 1
72 113 1
157 170 1
20 246 1
41 143 1
106 232 1
238 248 1
168 211 1
100 209 2
14 211 1
185 241 1
24 136 1
106 262 1
79 120 1
72 76 6
10 76 1
81 132 2
68 106 1
70 114 1
77 158 1
121 263 1
28 260 1
69 113 1
180 255 1
180 180 1
180 258 1
129 142 1
186 198 1
200 263 1
163 250 1
42 256 1
90 221 1
3 186 1
100 195 1
213 234 1
97 195 1
96 107 1
82 100 2
170 188 1
66 144 1
125 237 1
70 145 1
45 65 1
231 239 3
69 100 1
69 235 1
152 247 1
82 145 1
4 36 1
68 250 1
13 25 1
62 137 1
119 170 1
52 231 1
75 260 1
80 211 1
4 61 1
125 181 1
226 256 1
7 262 1
152 158 2
43 166 1
65 233 1
163 189 1
144 257 1
125 152 1
78 230 1
82 256 1
129 196 1
155 230 1
48 67 1
48 227 1
45 224 1
50 255 1
68 150 1
161 224 1
50 88 1
87 179 1
125 254 1
106 170 1
232 260 2
193 202 1
113 236 1
201 209 1
95 162 1
129 158 1
136 235 1
65 170 1
60 232 1
80 239 1
158 223 1
166 236 1
7 20 1
131 146 1
51 152 1
114 241 2
50 177 1
211 238 1
107 177 1
42 93 1
196 246 1
145 224 1
188 238 1
55 141 1
142 145 1
127 144 1
74 147 3
195 229 1
142 215 1
100 205 6
54 132 1
1 45 1
66 138 1
247 260 1
170 241 1
43 114 2
51 68 1
22 108 1
157 223 1
79 258 1
96 258 1
95 161 1
48 130 1
141 241 1
21 89 1
21 161 1
29 141 2
147 161 1
107 130 2
211 233 1
132 196 1
108 108 1
182 213 1
146 231 1
213 249 1
114 200 2
7 24 1
48 235 1
128 166 1
97 237 1
212 236 1
113 179 1
3 48 1
193 244 1
212 262 1
1 166 2
140 260 1
140 223 2
95 145 1
88 95 1
37 223 1
42 113 1
13 42 1
38 38 1
38 203 1
228 261 1
227 228 11
40 75 1
230 252 1
107 126 1
28 79 1
82 179 1
72 249 1
228 234 1
82 102 1
93 231 1
157 162 1
1 125 1
131 141 1
40 48 1
228 246 1
144 212 1
138 255 1
147 236 1
9 137 1
143 209 1
69 161 1
57 260 1
41 129 1
179 222 1
95 140 2
130 135 1
94 230 1
21 231 1
135 135 1
62 142 1
170 250 2
68 180 1
138 152 1
97 141 1
89 210 1
120 143 1
21 230 1
169 234 1
67 231 1
90 157 1
24 87 1
117 132 1
7 160 1
50 74 1
138 247 1
34 238 1
68 247 1
186 247 2
168 229 1
163 220 1
26 132 1
49 211 1
116 231 1
138 171 1
95 234 3
4 181 1
78 186 1
97 181 4
41 159 1
10 160 1
93 93 1
93 95 1
141 196 1
87 97 1
260 261 1
25 214 1
35 231 1
138 168 1
182 186 1
18 237 1
100 181 1
224 263 2
140 184 1
119 164 1
13 261 1
22 149 1
66 162 1
166 241 1
65 188 1
49 189 1
160 170 1
102 144 1
82 95 1
72 237 1
88 223 1
125 262 1
76 106 12
88 228 1
143 168 1
45 234 1
170 247 6
18 164 1
43 179 1
93 246 1
121 230 1
137 173 1
114 212 1
28 143 1
138 215 1
127 142 1
12 90 1
4 241 1
18 242 4
170 244 1
62 68 1
79 259 1
259 259 1
50 92 1
92 249 1
13 193 1
196 237 1
93 161 1
88 158 1
13 170 1
89 189 5
181 224 1
18 138 1
134 162 1
196 230 1
14 236 1
226 231 1
1 255 1
85 97 1
132 192 1
90 174 1
74 213 1
43 101 1
171 263 17
68 218 1
76 213 1
35 102 1
60 203 1
76 244 1
90 180 1
17 51 1
87 98 7
71 228 5
89 178 1
32 174 4
62 140 28
43 198 1
35 100 6
130 215 3
89 107 1
71 71 1
39 188 5
163 254 5
39 91 2
97 222 10
205 217 1
9 56 6
51 236 1
76 97 13
82 217 14
70 157 4
9 191 11
101 261 7
92 263 5
16 171 6
9 215 17
9 38 11
73 192 1
75 203 2
85 106 4
61 150 4
81 242 5
10 205 6
16 38 11
107 117 1
76 181 3
93 196 2
130 216 5
32 32 1
93 242 1
131 216 8
208 213 16
17 216 1
106 191 11
75 117 1
242 248 6
51 185 9
89 150 6
35 237 1
73 226 9
39 170 2
76 155 8
101 163 1
10 226 9
75 205 1
66 186 1
162 257 1
149 154 2
121 161 1
124 216 7
126 138 1
188 218 9
130 218 2
87 101 1
55 235 2
86 261 1
201 245 1
153 220 2
149 155 2
61 91 5
97 106 6
61 178 3
51 169 2
183 193 3
197 209 2
205 216 4
102 196 7
16 92 2
3 62 1
141 212 1
10 139 2
91 193 1
74 220 1
14 42 1
76 142 1
162 225 6
28 64 2
86 139 3
71 117 6
51 139 2
186 222 2
49 222 3
35 133 5
10 188 4
61 94 2
140 219 11
62 165 6
121 130 5
89 123 5
61 106 11
45 62 10
234 235 5
43 222 3
13 139 18
17 106 7
89 106 6
139 236 7
89 230 4
26 61 3
124 180 2
207 242 2
106 218 2
28 171 5
35 191 2
127 238 2
37 126 2
32 143 5
159 247 4
39 72 5
72 225 10
61 222 8
73 93 2
191 191 2
25 205 3
87 259 4
88 203 2
56 121 6
9 122 2
19 205 3
88 101 4
96 213 4
63 237 5
10 108 2
68 216 2
75 243 8
136 242 7
35 72 4
218 226 8
130 139 5
66 237 2
190 222 2
73 121 5
72 74 5
11 55 2
14 123 2
212 235 2
209 259 2
10 71 2
35 137 4
136 213 7
64 130 4
136 236 3
215 215 2
56 162 3
35 186 4
18 151 2
61 123 3
71 89 4
35 85 2
76 154 2
198 258 2
9 92 5
74 195 2
139 237 2
77 198 3
85 117 2
39 152 2
102 241 2
70 216 2
9 10 1
39 123 3
61 226 1
39 233 1
28 76 1
137 258 1
124 124 1
119 233 2
41 76 1
151 254 3
203 215 1
14 35 2
41 258 1
139 231 4
10 145 2
11 228 2
62 89 1
71 91 1
197 201 4
97 130 2
72 97 1
186 215 1
3 185 2
119 137 3
94 185 5
10 215 1
154 194 4
92 173 1
108 228 1
35 216 2
10 197 3
162 171 6
173 179 2
9 253 1
20 242 3
39 76 1
39 155 2
121 205 4
10 246 2
165 189 2
10 203 1
122 205 1
107 139 1
35 106 1
63 140 6
55 55 2
89 228 2
141 235 1
42 146 1
170 218 2
51 65 2
135 186 1
76 130 1
136 142 1
55 106 1
89 165 4
26 97 1
25 191 1
182 249 2
85 155 4
45 136 2
205 230 1
18 152 1
106 177 2
94 132 1
157 179 1
130 193 2
87 167 1
72 222 4
122 175 1
28 216 1
161 247 1
75 95 1
49 76 1
36 74 1
91 228 1
17 188 1
43 76 1
42 205 1
94 157 1
35 174 2
101 117 1
83 173 1
19 218 4
203 263 1
35 181 2
117 162 1
113 218 3
135 164 1
85 181 2
71 197 1
117 181 1
210 216 1
158 182 1
75 80 1
218 218 1
29 55 1
38 226 1
35 258 1
170 216 1
36 97 2
39 69 1
37 45 1
225 228 1
75 222 1
91 137 2
242 254 1
45 188 1
35 82 1
87 203 1
75 97 1
79 185 1
122 239 1
147 182 1
112 140 2
181 222 3
102 258 1
218 249 1
36 65 1
11 22 3
10 171 1
73 146 1
21 29 1
81 159 1
39 216 1
39 150 2
28 244 1
108 155 1
93 140 2
32 197 1
98 215 2
151 185 2
33 205 1
106 257 1
19 28 1
162 247 2
140 247 1
159 213 1
136 250 1
220 236 1
19 226 1
14 127 1
11 11 2
62 65 1
194 194 1
27 71 1
242 260 1
9 205 1
134 198 1
67 228 1
241 242 1
94 174 1
130 205 1
213 218 1
65 205 1
67 68 1
87 149 2
25 140 1
210 229 2
236 257 1
165 165 1
39 75 1
90 235 1
26 67 1
75 188 1
86 207 1
