113 230 25
137 263 45
163 233 15
137 234 48
48 48 360
125 230 11
79 186 140
68 186 145
148 263 96
7 170 20
168 230 7
231 261 17
164 262 17
7 226 40
68 246 292
144 249 120
79 161 49
164 223 14
236 239 55
145 146 4
7 7 75
145 145 26
193 193 21
88 89 1
140 164 21
236 236 34
141 141 80
159 168 5
47 60 1
157 249 1
162 177 2
79 129 25
142 263 36
95 95 6
146 152 2
263 263 84
79 231 194
56 249 1
170 234 88
113 162 5
75 239 10
40 52 2
145 164 22
144 256 23
39 181 6
42 166 14
79 170 288
75 262 16
66 114 3
42 43 4
41 239 9
116 166 22
75 249 19
75 263 104
75 148 38
151 262 5
238 239 65
148 170 236
48 211 15
164 229 38
164 170 114
87 148 184
148 148 253
148 262 44
79 249 341
68 158 130
107 114 91
107 148 246
48 68 407
68 68 236
68 227 3
4 211 7
25 188 3
79 140 68
79 224 96
79 144 221
74 263 57
202 263 2
137 246 31
231 239 9
17 148 46
107 170 109
107 137 119
42 244 22
41 50 10
24 48 19
24 41 18
112 189 1
112 148 38
148 239 40
48 186 185
164 230 121
48 166 20
129 129 57
75 260 3
145 263 4
107 224 26
114 137 65
137 186 34
87 246 42
36 37 14
37 246 7
10 132 36
80 246 8
87 170 16
87 100 6
141 146 9
148 238 28
107 230 48
107 263 66
163 236 18
4 79 204
4 226 4
50 68 128
48 49 7
74 75 106
41 75 12
48 50 214
48 152 23
100 140 8
142 239 50
48 161 90
48 229 61
141 229 105
145 163 15
144 243 1
229 263 71
161 164 80
49 234 7
107 246 65
61 230 8
68 164 143
165 249 1
148 226 18
148 255 69
39 255 1
112 255 37
42 42 30
48 239 91
68 179 13
223 223 15
49 190 1
75 166 7
137 164 51
170 170 69
148 151 18
229 230 58
226 230 53
48 246 300
41 107 10
113 186 24
141 230 64
114 262 23
114 233 41
75 151 21
14 68 6
233 262 14
162 236 28
50 163 49
100 107 21
90 107 85
114 263 41
144 170 45
68 113 53
145 246 17
132 205 4
79 79 517
79 87 138
74 87 3
79 162 77
132 198 7
229 234 33
48 237 45
90 186 72
75 186 15
90 263 18
50 233 16
107 232 18
80 211 5
211 263 8
137 229 48
4 148 156
42 114 6
90 262 15
224 226 1
141 159 4
138 163 31
114 231 82
229 229 42
162 229 45
119 170 1
142 236 10
137 142 6
129 226 18
137 163 24
107 234 89
144 238 3
88 246 5
170 239 9
43 237 20
43 163 12
246 249 87
68 148 180
79 229 145
211 238 5
125 231 49
45 211 5
142 164 17
164 225 3
74 116 17
40 263 2
79 107 397
107 237 21
100 132 10
170 186 60
68 170 124
144 147 1
141 263 200
87 233 8
114 170 71
50 125 7
45 125 7
25 45 3
97 138 1
237 262 22
262 262 13
48 238 62
68 244 24
114 249 136
114 239 28
151 239 37
79 146 15
48 148 146
80 256 20
79 141 127
1 234 2
68 140 19
80 249 24
238 256 3
144 255 27
79 114 295
79 157 4
129 145 5
144 236 13
132 263 14
48 244 113
87 151 4
158 262 8
89 112 1
49 246 3
230 234 67
246 263 12
167 238 2
162 170 73
162 263 30
170 249 78
170 233 64
137 233 52
79 148 776
226 260 12
223 226 2
179 179 13
75 244 9
141 237 50
234 237 21
50 246 128
230 263 35
148 246 92
68 79 272
90 249 177
141 249 37
140 170 17
55 66 1
41 42 54
243 263 1
24 239 21
116 152 13
152 240 1
75 229 17
236 238 29
151 151 20
48 163 136
48 100 113
163 223 12
164 246 95
68 141 54
237 237 21
140 237 21
140 263 79
37 181 3
186 230 130
143 186 13
4 143 6
148 249 251
4 17 2
90 255 7
33 181 2
25 89 4
143 211 5
13 158 17
148 211 121
137 162 21
88 161 2
79 210 1
107 141 49
21 161 1
132 258 18
68 237 21
107 164 68
48 234 74
50 162 23
79 233 123
162 233 28
238 249 28
42 142 5
132 236 16
162 186 26
116 147 2
164 263 29
79 100 50
137 217 3
4 97 3
170 246 56
48 164 198
37 48 10
50 244 26
237 256 1
107 231 52
114 162 26
162 234 31
113 157 2
164 238 11
142 161 13
79 236 63
226 226 30
74 256 2
90 148 140
211 232 17
37 249 20
37 68 13
37 211 5
68 87 77
256 261 4
7 160 2
79 238 40
79 164 159
141 164 40
158 236 14
80 198 4
80 148 80
13 164 15
211 249 74
79 211 86
112 112 10
255 255 15
239 255 2
231 231 62
162 231 10
90 260 6
125 249 72
48 263 74
79 258 6
164 236 27
48 141 73
87 181 4
1 211 2
4 107 41
79 239 47
143 151 7
32 249 1
107 247 2
143 163 26
7 48 73
75 107 19
233 236 12
114 181 16
163 237 43
130 230 6
36 256 12
113 137 16
107 239 15
129 237 5
74 179 1
170 263 66
17 36 2
135 226 1
188 188 5
50 148 58
137 236 15
140 236 17
186 229 25
68 116 13
79 263 131
79 163 54
237 239 6
164 164 79
4 224 15
170 236 29
229 249 30
37 97 3
211 262 5
142 186 23
149 186 1
113 170 22
48 113 24
200 230 1
87 90 14
80 87 5
138 193 1
12 158 4
161 261 4
164 233 34
230 258 1
24 152 5
141 148 81
148 198 23
83 186 1
140 186 13
83 234 2
75 256 3
75 75 61
236 263 73
24 230 12
68 239 31
68 107 102
80 209 2
68 137 78
107 249 98
234 256 14
75 230 26
141 236 47
186 231 30
125 142 3
100 249 39
4 249 49
107 107 94
107 211 23
45 246 11
45 239 3
144 148 229
79 90 201
231 249 137
231 234 36
164 186 125
166 234 4
164 231 32
45 90 9
45 158 9
158 239 18
146 249 4
143 234 8
107 181 10
79 143 33
37 148 62
79 113 112
90 166 5
229 262 17
88 113 4
140 262 41
50 208 2
163 230 81
141 163 45
170 229 66
144 164 47
145 249 13
48 80 8
141 170 66
146 226 4
202 229 5
158 249 116
121 158 1
145 186 18
112 249 15
48 170 99
48 90 183
50 50 46
100 100 32
48 107 91
24 247 1
75 140 21
41 43 5
113 249 63
41 263 14
137 166 2
36 132 8
4 36 5
68 231 91
144 158 51
164 249 67
143 143 14
25 36 1
75 142 9
48 224 15
79 137 303
137 144 41
137 249 41
1 87 8
144 209 12
42 87 1
75 164 18
148 261 46
249 249 149
48 249 177
48 143 84
24 113 1
68 114 99
68 249 211
89 234 2
107 162 40
43 79 17
141 251 1
209 231 23
209 228 1
145 161 9
90 145 5
68 263 32
142 162 14
137 141 44
41 41 37
41 238 19
186 239 28
97 186 5
143 164 21
79 262 73
114 148 181
148 234 131
90 90 64
255 256 30
68 255 12
170 226 13
90 114 84
68 90 184
80 263 6
74 239 10
36 249 17
249 261 20
79 246 104
7 246 17
140 143 4
48 142 114
48 188 5
12 79 3
146 261 1
40 65 1
33 65 3
186 256 10
262 263 45
7 229 27
50 142 37
170 231 19
152 238 14
234 249 98
82 132 25
57 129 1
113 158 35
125 158 35
233 249 33
107 233 45
230 233 50
36 255 8
231 262 7
113 141 17
29 163 1
4 162 2
162 162 27
7 144 8
7 95 2
68 233 37
107 229 61
90 226 18
83 255 1
186 211 12
145 230 14
186 224 9
4 41 1
157 217 1
195 256 1
74 152 5
151 237 7
42 239 15
238 238 43
164 244 12
61 256 7
148 189 11
75 90 14
48 236 30
143 236 6
100 137 14
79 181 31
186 246 125
100 246 52
90 246 154
141 162 57
74 74 54
43 236 8
239 244 20
116 244 49
137 170 83
7 131 1
100 236 7
186 236 8
74 114 15
146 164 13
162 163 35
21 91 1
37 144 19
79 125 67
148 223 8
130 196 1
28 134 1
75 114 15
50 263 18
179 249 11
36 74 1
49 79 35
45 79 57
230 230 110
68 144 74
87 144 43
90 261 8
80 144 20
114 234 79
144 227 3
86 163 1
113 114 61
233 263 31
42 247 6
247 247 7
107 158 59
75 137 9
68 162 46
107 260 4
162 224 3
161 170 60
161 256 3
80 112 13
36 231 4
80 181 1
114 158 34
114 224 17
137 137 43
239 239 33
114 188 7
145 256 2
45 261 5
113 148 82
188 256 3
162 164 40
88 170 5
137 255 2
74 246 9
75 152 6
7 164 41
74 90 16
4 232 13
107 165 3
148 233 124
114 230 45
158 234 46
45 232 9
50 164 44
48 233 46
40 141 2
127 236 1
127 169 1
112 181 7
107 144 62
13 249 24
50 234 29
80 255 23
69 162 3
13 79 28
13 107 8
87 107 18
140 162 10
74 140 14
164 260 19
68 224 24
68 100 79
127 220 2
182 220 1
148 236 53
144 234 58
48 137 40
151 246 11
226 239 5
48 158 86
163 179 4
225 234 9
116 254 2
7 230 61
4 231 14
141 186 40
79 256 75
50 79 58
48 243 30
113 143 5
164 239 16
24 116 11
68 82 3
107 116 4
68 238 22
68 220 4
48 256 15
224 234 14
129 260 34
236 237 45
161 225 10
68 129 7
68 161 50
142 243 5
125 234 15
87 186 18
196 209 1
246 246 85
231 237 11
113 263 15
224 224 9
79 112 54
80 231 10
48 116 78
79 151 24
114 164 50
113 233 6
50 230 87
125 151 2
230 239 70
48 151 43
234 248 2
163 243 9
75 168 11
65 249 12
144 145 9
224 238 1
4 112 4
25 170 2
226 246 10
116 142 9
48 230 272
50 90 49
140 243 1
129 229 6
133 217 1
114 125 32
132 170 24
41 229 4
107 166 5
100 138 11
114 114 65
90 100 47
129 189 1
260 260 17
82 129 35
70 129 6
107 143 7
198 255 6
113 232 5
90 224 17
4 90 28
236 249 18
107 262 27
143 238 8
48 179 33
141 262 40
68 262 17
114 238 12
67 246 1
87 231 55
125 148 72
148 158 88
79 158 119
37 229 3
234 246 55
151 249 16
24 140 9
140 148 52
14 114 4
79 237 42
189 249 11
138 186 9
17 225 4
80 80 14
127 144 2
45 186 6
148 163 46
229 236 22
148 229 103
14 144 3
50 74 21
50 243 10
164 173 2
85 107 3
164 198 6
68 211 45
48 140 26
95 148 4
15 163 2
43 143 5
48 262 29
87 162 6
113 152 2
40 137 2
224 249 17
230 262 24
79 80 39
24 164 11
50 138 2
82 179 3
83 160 1
82 226 6
100 170 36
79 179 24
66 113 2
145 148 20
100 145 6
242 244 1
42 151 15
239 246 25
7 163 32
114 246 49
80 239 3
142 237 23
146 162 8
141 224 8
16 114 1
163 164 47
163 262 23
142 146 3
125 238 4
164 232 13
117 234 1
1 186 9
41 164 10
198 229 2
231 256 15
79 261 23
132 197 24
132 227 1
42 234 6
50 186 51
166 186 7
24 151 13
151 238 43
238 263 40
137 231 12
7 263 21
141 233 46
107 113 45
43 211 4
202 249 2
161 262 11
161 163 37
50 141 15
163 246 43
186 234 48
177 246 4
143 262 5
170 262 14
100 255 3
49 72 1
234 238 21
170 238 6
141 238 21
88 263 4
234 234 63
186 249 81
102 164 2
24 143 10
211 230 11
7 260 14
202 230 4
79 255 64
48 74 36
42 74 27
141 161 58
68 142 43
88 186 5
87 89 1
129 179 4
236 262 29
198 256 3
243 249 11
48 79 199
113 164 29
80 170 8
7 179 31
202 237 3
112 230 8
7 168 2
181 186 2
114 211 49
79 166 18
238 246 17
89 164 3
243 246 14
246 260 4
87 230 19
87 244 2
249 263 32
70 146 1
126 126 1
229 256 7
170 211 13
229 233 42
229 260 5
89 189 3
65 181 4
179 186 3
127 152 2
163 170 28
48 114 80
7 137 11
144 246 39
25 227 2
230 238 33
230 237 42
56 211 1
41 166 29
140 229 51
80 90 8
137 223 2
181 234 7
161 234 41
7 161 37
114 145 11
113 239 8
232 234 20
132 157 8
175 249 1
90 158 84
158 244 7
261 263 8
239 263 24
158 246 94
163 238 20
114 144 100
25 231 7
79 226 22
143 246 27
164 234 74
50 107 21
107 151 3
116 246 21
71 225 1
144 229 21
144 211 50
95 107 2
4 48 23
7 236 3
244 247 2
7 158 7
234 260 6
79 227 2
230 232 8
232 262 4
74 170 15
18 74 1
114 256 38
106 238 1
48 123 2
162 249 25
20 162 1
24 238 42
236 246 14
107 142 13
129 160 2
132 161 12
146 170 11
90 230 67
48 83 16
106 228 4
88 114 6
65 90 7
48 157 3
17 113 3
17 181 5
161 161 35
41 224 1
90 170 38
62 231 2
87 114 44
24 163 6
41 48 70
141 227 1
107 261 16
148 231 212
148 164 113
4 164 12
151 163 13
7 140 5
161 193 2
80 137 4
112 256 22
107 255 7
50 249 60
68 235 1
48 162 100
37 186 4
163 239 20
143 226 3
49 209 2
125 209 10
211 233 8
211 229 9
45 68 10
90 234 82
48 261 12
232 249 31
79 145 21
112 133 2
4 113 17
140 239 16
4 229 7
237 238 13
234 243 11
132 230 41
67 79 5
142 226 3
163 232 7
40 170 2
90 229 22
148 232 132
65 79 26
100 144 14
88 137 6
173 196 1
82 95 2
17 186 8
4 181 5
80 173 2
13 231 24
186 261 6
107 238 8
145 234 10
100 263 10
100 163 25
163 228 2
107 209 9
87 229 6
140 234 14
151 263 12
161 186 34
90 209 11
231 244 1
85 89 2
65 228 1
170 181 4
114 186 48
179 229 6
179 223 7
137 243 1
50 100 44
87 158 48
87 87 18
75 236 51
138 141 6
7 146 20
7 74 3
75 161 18
17 80 7
249 255 14
116 234 8
173 246 1
13 148 34
138 164 19
75 141 23
114 243 14
163 247 2
144 233 21
116 161 9
42 75 18
42 116 23
116 243 6
42 243 1
43 107 5
228 233 1
74 183 2
141 231 17
48 231 43
163 263 22
1 164 3
137 244 2
112 170 5
48 89 5
158 209 15
65 256 3
91 158 1
61 79 44
61 133 1
126 164 4
79 198 10
33 79 27
33 224 1
148 162 51
54 164 2
7 79 56
170 232 15
144 186 37
90 151 9
164 237 18
144 163 13
162 230 81
36 76 1
75 79 41
79 116 20
148 186 69
48 225 10
89 186 4
14 90 2
76 112 1
13 125 4
45 145 1
145 166 2
161 229 29
182 229 1
100 230 87
132 132 50
42 48 66
148 256 87
151 158 6
237 263 48
142 230 59
82 102 1
24 141 12
65 261 5
65 65 6
142 143 23
244 262 3
132 142 12
100 209 2
113 144 49
114 163 18
152 249 10
68 75 21
90 247 2
82 229 4
162 262 9
68 234 111
41 151 17
4 186 16
41 161 8
74 142 10
82 234 5
42 158 20
160 262 1
164 179 7
87 249 45
62 148 2
142 151 12
170 261 4
4 18 1
166 238 28
90 239 14
152 246 10
150 163 1
146 158 4
142 158 10
7 83 10
37 255 14
158 237 10
41 244 7
127 238 2
42 144 8
166 170 3
41 209 1
33 68 7
33 90 3
41 79 23
74 168 24
75 233 8
186 228 2
161 237 20
17 230 7
42 238 11
41 90 16
100 116 6
41 116 24
37 80 17
36 80 6
137 148 194
42 186 10
144 261 15
125 125 8
52 237 2
90 125 25
107 161 27
74 249 15
75 167 1
113 237 13
24 244 7
144 181 11
246 256 15
36 36 6
7 36 2
4 100 3
129 162 19
83 260 9
148 209 48
209 224 3
141 239 26
107 236 21
151 161 8
140 230 18
7 162 18
112 244 1
79 88 28
87 140 7
68 236 24
42 263 7
89 106 1
74 79 49
97 228 2
181 181 11
7 208 1
82 161 8
116 141 11
112 225 2
43 50 4
36 90 5
79 244 24
127 164 2
146 230 18
45 170 6
70 179 1
80 97 1
161 231 19
87 141 12
142 179 1
24 148 8
148 181 26
79 234 191
186 186 52
152 158 3
74 166 13
48 75 34
234 261 8
163 229 37
148 230 70
68 181 9
140 141 63
249 262 15
4 137 17
112 234 4
83 173 1
7 223 47
146 179 10
79 230 105
56 129 7
68 228 4
100 162 25
100 186 54
65 113 4
65 114 8
116 263 6
116 151 7
74 238 16
152 152 10
87 261 14
68 256 24
4 263 12
129 157 8
157 263 2
246 261 7
88 164 10
114 236 26
75 238 31
43 142 3
146 229 6
13 234 4
106 249 9
52 186 4
33 238 1
113 212 2
243 244 13
129 263 3
238 262 11
17 97 7
79 127 2
37 143 1
24 79 10
161 230 51
152 230 5
107 186 51
37 234 12
170 230 56
36 164 5
113 234 45
233 234 32
170 209 3
4 163 7
151 236 16
90 238 18
66 79 17
22 249 1
75 248 1
113 129 3
114 132 3
7 80 3
68 112 7
87 113 10
238 257 1
4 234 23
101 161 1
239 256 3
32 162 3
230 236 13
75 246 19
151 247 1
66 142 1
65 87 3
24 74 6
200 238 1
36 181 2
18 79 4
18 18 3
90 244 13
4 114 34
144 144 50
143 263 9
230 249 77
100 261 2
161 162 37
163 226 17
48 61 8
42 249 30
209 261 2
123 125 1
158 170 66
90 137 42
68 223 5
74 236 10
24 261 1
50 137 13
186 196 1
125 141 6
48 226 34
7 234 23
181 249 15
52 231 2
225 231 10
179 230 10
90 144 53
181 228 3
89 226 8
25 246 6
161 263 20
7 141 35
141 234 30
64 223 1
48 87 26
42 161 8
142 163 24
166 239 12
37 114 19
116 138 2
173 229 1
90 164 72
231 246 39
35 79 2
188 255 2
97 188 1
107 140 16
166 237 4
17 217 4
157 161 2
33 61 1
92 173 1
4 74 3
210 246 1
113 116 6
140 163 14
40 68 1
244 244 19
244 254 1
4 256 12
161 249 24
4 151 2
88 198 1
97 249 17
182 246 2
107 226 10
231 233 8
7 43 2
142 170 20
7 75 2
37 256 10
9 211 2
161 226 30
161 239 15
66 170 1
42 79 15
4 37 5
79 147 5
74 113 7
43 239 12
23 186 1
161 244 5
80 230 3
50 170 24
75 163 10
163 261 5
142 148 32
42 68 12
7 209 2
141 246 18
148 208 3
88 232 4
100 158 9
140 249 15
87 142 10
36 112 4
90 161 21
157 260 5
112 145 2
7 112 2
69 186 4
229 246 24
52 233 1
158 164 36
90 163 27
48 144 34
137 262 6
225 263 1
166 230 4
88 230 10
48 260 18
233 246 26
48 146 16
211 255 7
107 134 1
97 234 7
25 181 3
100 231 8
24 211 2
151 229 6
48 129 28
107 129 8
61 141 5
127 262 2
45 224 4
50 114 24
74 186 7
17 164 2
36 148 37
162 181 3
50 88 2
161 211 5
37 107 9
164 226 15
144 224 12
100 256 1
211 225 5
82 163 5
45 148 57
49 148 26
106 231 2
164 255 7
12 181 1
74 231 3
129 230 15
42 152 12
69 74 2
161 246 25
43 148 15
116 237 4
145 151 1
36 234 2
142 144 10
97 114 10
68 229 50
125 177 1
213 250 1
119 213 1
112 114 12
87 209 7
25 114 5
113 140 6
116 238 33
74 230 30
47 74 3
167 182 1
229 255 5
79 232 135
244 263 11
24 162 1
82 186 1
83 198 1
148 160 3
142 238 25
107 244 7
229 238 5
211 234 18
41 233 1
41 223 4
49 231 7
79 142 56
24 127 1
97 143 1
211 261 10
4 49 1
135 237 1
135 173 1
143 148 22
24 114 7
146 193 7
42 146 1
116 230 30
148 224 65
140 179 4
4 261 5
151 224 1
224 262 2
68 80 4
7 82 7
82 162 4
257 257 1
79 209 33
173 230 7
211 246 28
137 143 3
140 144 11
127 233 2
144 263 13
13 246 14
92 246 1
48 223 39
226 249 16
61 232 4
97 148 36
97 181 3
209 262 2
68 163 103
43 262 5
39 76 3
34 148 1
133 211 3
36 233 1
41 68 18
142 244 6
116 116 19
152 244 13
186 225 5
151 230 32
197 234 2
13 140 2
55 55 2
68 89 8
74 141 24
42 141 8
244 249 35
4 262 4
4 68 35
90 162 31
43 151 8
41 163 9
4 50 6
63 79 2
50 237 10
113 166 4
50 133 1
113 163 13
90 141 24
61 158 3
60 74 1
188 237 1
7 125 4
74 237 9
113 236 6
7 70 1
70 119 1
145 229 18
129 249 8
163 231 13
237 243 1
137 224 15
100 112 8
33 189 1
33 186 3
162 188 3
256 256 16
41 230 22
50 87 8
61 249 21
41 249 16
43 238 10
67 144 1
17 114 10
223 263 2
132 234 6
49 144 8
10 18 1
25 234 1
25 195 3
25 29 2
133 232 1
61 181 6
181 263 1
138 229 7
113 211 16
33 144 8
74 162 13
74 94 4
113 256 8
209 211 9
37 79 37
7 142 3
100 233 8
36 79 51
143 170 5
140 142 19
74 262 16
125 129 2
7 249 25
211 231 59
74 164 18
65 97 4
95 249 4
4 75 1
166 246 7
17 246 9
87 164 25
45 132 3
151 244 11
229 244 3
80 228 2
75 261 3
4 238 5
14 228 1
17 79 38
127 246 5
112 158 3
75 231 9
90 243 4
138 231 4
45 260 2
107 225 5
17 37 6
113 231 36
42 246 12
181 189 6
100 161 31
42 126 4
4 144 21
7 42 1
17 249 22
17 77 1
158 186 42
52 181 1
168 226 2
232 237 2
14 155 2
7 107 14
50 239 23
89 238 1
45 87 11
48 145 21
1 230 24
41 234 7
116 129 1
95 144 2
87 263 16
141 243 3
12 48 2
100 229 12
79 138 4
83 226 4
129 209 2
158 168 2
79 223 22
80 261 1
80 107 14
126 236 1
151 152 8
188 211 3
129 146 5
4 45 8
45 231 15
148 244 19
10 163 2
70 132 11
42 170 4
4 233 8
37 230 10
41 142 8
113 226 4
48 232 11
28 164 2
232 232 14
50 161 27
24 75 7
14 79 12
68 230 128
41 144 4
41 74 44
74 159 4
25 263 1
234 263 12
100 224 5
127 237 1
17 255 7
45 144 13
88 107 9
235 235 2
4 246 9
48 169 2
65 226 1
25 112 2
113 255 2
89 148 19
79 235 1
79 89 21
152 168 3
166 249 5
68 166 12
116 239 19
48 168 12
41 168 7
68 125 33
24 249 9
177 256 3
230 261 14
33 87 2
25 148 23
45 114 11
49 255 4
193 255 1
161 197 1
33 49 1
62 65 1
206 249 1
13 68 17
75 234 9
80 157 2
145 261 3
125 263 1
74 163 12
186 263 16
141 144 27
137 237 13
100 262 4
37 77 1
13 48 17
25 37 2
114 261 20
230 256 4
43 141 7
223 249 16
158 231 59
7 14 1
83 229 3
62 159 1
42 69 4
209 238 2
132 256 10
17 145 1
90 146 6
7 33 1
24 42 11
137 140 10
100 113 4
36 125 1
74 151 19
143 244 1
7 237 8
148 225 39
45 49 1
158 158 48
68 143 25
133 209 3
233 261 2
232 256 18
50 116 4
116 169 1
162 246 35
114 225 10
4 158 15
33 239 1
129 252 1
79 97 17
7 90 25
37 61 4
125 232 12
179 226 5
12 114 3
231 232 24
33 40 2
25 52 1
61 144 3
137 238 4
66 231 2
14 48 2
158 211 30
87 211 17
7 85 1
162 237 37
143 237 7
50 144 15
162 220 1
41 243 6
48 247 4
69 241 2
62 97 2
95 132 21
113 244 4
119 238 2
49 68 10
70 229 1
125 261 4
170 227 2
161 255 2
116 125 2
50 236 5
141 235 4
61 189 2
17 256 9
65 68 8
107 256 10
114 255 24
112 263 4
36 66 1
162 247 1
80 164 11
65 234 4
17 25 4
179 255 1
239 243 1
100 237 15
179 246 8
4 189 2
48 138 35
113 262 4
24 107 8
89 230 5
144 165 1
100 153 1
87 256 3
87 88 7
87 237 3
90 236 12
167 167 1
119 119 1
163 249 35
151 166 26
91 148 2
79 133 10
163 234 21
49 112 2
13 142 2
7 124 1
230 243 12
145 162 14
127 249 5
220 239 1
173 260 4
41 88 3
50 152 12
56 173 1
92 95 1
181 229 2
28 234 2
114 223 11
146 146 11
158 224 11
22 48 2
231 238 11
4 209 6
49 211 4
198 234 4
231 263 14
28 50 1
112 161 2
22 255 2
114 229 29
68 210 2
33 107 5
4 161 4
143 161 5
65 144 9
80 226 3
148 196 3
232 233 6
9 179 1
36 144 9
239 262 7
141 248 3
141 179 6
37 37 21
36 49 3
226 229 19
21 164 2
163 200 2
7 231 7
37 45 2
45 75 3
90 140 9
225 229 1
132 137 8
43 233 1
25 186 1
71 90 1
24 50 7
48 181 13
90 211 24
29 229 1
114 141 27
144 230 22
52 61 1
114 226 13
108 230 1
65 148 21
161 223 6
143 239 21
89 246 3
79 225 29
68 151 14
158 238 15
13 162 2
125 144 31
48 88 9
97 97 10
137 239 7
239 249 26
164 211 14
42 90 13
90 113 30
75 82 1
168 237 3
145 223 4
129 142 5
36 107 6
112 224 1
17 66 2
125 186 28
50 229 13
95 186 3
41 113 1
43 48 21
198 230 7
7 228 1
61 209 1
129 232 1
83 223 1
83 83 2
1 161 10
74 107 14
74 211 4
114 116 5
68 97 5
75 80 1
36 230 5
126 237 1
143 231 7
114 182 1
163 163 44
83 263 1
62 137 2
42 127 4
7 53 1
159 170 1
74 148 19
13 211 12
41 186 11
237 261 2
48 82 8
123 158 1
224 263 7
113 125 12
7 255 2
7 145 16
126 211 1
79 102 2
52 79 8
229 231 8
100 182 1
17 170 2
148 228 11
29 29 1
42 230 11
143 144 8
48 97 5
217 217 6
112 142 1
7 68 26
75 100 12
4 4 24
37 170 5
158 163 10
87 137 15
148 177 5
90 231 48
140 233 8
114 142 10
39 82 1
60 141 1
24 166 10
181 230 10
112 141 3
25 255 4
43 230 10
148 227 3
143 230 32
41 148 21
209 249 6
145 193 5
89 181 3
41 61 2
234 239 13
107 152 2
48 190 1
25 68 8
48 193 7
100 234 26
22 112 1
170 224 12
13 186 6
13 230 10
211 242 1
129 255 1
138 181 2
145 227 1
62 107 3
223 260 2
36 114 11
90 237 20
4 239 3
9 107 1
129 212 1
146 161 5
74 146 1
4 42 2
113 261 13
113 229 8
45 107 7
7 88 3
129 158 4
7 13 1
141 145 14
32 168 1
231 255 12
230 260 21
70 260 1
144 231 102
125 243 1
68 225 17
61 125 3
61 61 3
142 229 23
75 116 7
49 170 3
4 61 3
80 179 1
142 142 24
112 186 7
40 107 1
230 231 27
179 181 1
82 83 4
238 244 21
129 148 15
129 173 17
125 134 1
100 148 32
7 113 5
106 181 1
113 142 4
158 223 7
33 249 13
24 144 2
126 129 1
164 209 14
114 237 18
37 262 1
140 158 8
189 224 1
45 234 8
237 249 18
166 263 3
142 234 5
68 171 1
68 176 1
42 50 14
186 243 6
141 256 2
100 226 16
220 241 1
29 79 1
79 168 6
141 158 22
50 166 3
29 48 1
211 224 2
42 223 2
114 140 16
32 230 5
113 224 7
54 141 1
147 159 1
90 126 1
42 148 20
226 263 6
161 233 20
4 237 4
75 170 21
149 158 1
7 97 1
116 236 2
68 232 27
137 256 4
114 152 3
181 231 11
152 231 4
48 125 14
33 231 10
79 169 2
112 238 2
7 186 20
40 249 4
17 65 2
114 143 12
41 167 1
162 226 17
90 143 16
141 211 9
48 255 2
90 232 11
80 236 2
25 33 5
4 190 1
229 258 1
62 79 10
113 151 4
141 142 19
17 158 3
144 168 3
75 132 7
170 260 5
61 148 32
7 69 1
125 246 22
137 232 12
138 138 5
48 259 1
181 209 1
161 179 5
137 209 3
14 45 1
164 247 1
41 236 4
49 249 16
49 155 1
43 186 6
48 189 1
100 164 53
26 231 1
102 238 1
151 232 3
134 148 3
25 249 13
25 257 2
125 181 3
68 152 13
68 150 1
36 186 2
47 167 1
145 191 2
261 261 2
170 243 2
49 107 2
82 170 11
189 234 4
170 256 5
80 141 4
226 234 11
107 179 9
164 169 1
47 94 1
143 229 5
50 140 10
40 211 3
24 236 2
186 238 7
129 161 18
212 254 1
4 140 7
129 193 1
158 161 10
13 90 5
49 106 1
95 226 4
132 262 11
188 249 7
164 227 4
68 209 14
161 236 21
129 151 2
24 186 4
48 127 14
100 133 1
223 255 1
107 163 19
97 256 5
162 243 1
100 238 11
148 174 3
186 255 7
50 179 4
114 212 5
148 188 17
69 142 1
61 100 4
120 238 1
20 243 1
137 211 10
145 260 4
43 164 5
48 210 1
90 127 4
37 237 1
127 158 1
27 141 1
164 224 13
36 48 5
36 225 2
229 232 5
224 231 7
116 249 33
163 244 9
37 209 3
97 137 2
14 97 2
151 186 7
164 261 12
116 229 6
88 233 4
141 255 4
80 186 7
173 232 1
198 198 5
169 169 1
234 255 9
41 141 8
45 126 1
157 230 2
132 201 2
13 87 7
249 256 18
225 256 4
51 74 1
85 148 2
61 236 1
140 140 30
43 263 11
50 203 1
230 248 4
94 163 1
66 125 1
4 170 14
88 249 16
100 239 10
177 249 2
7 114 15
17 125 7
49 225 2
80 114 16
17 52 1
47 75 1
85 138 1
163 181 1
86 170 1
112 144 8
52 80 1
249 257 3
151 211 3
41 137 3
70 82 5
50 211 7
14 249 11
152 161 4
87 236 2
224 230 7
142 249 25
152 170 3
43 170 4
68 226 13
186 212 1
13 209 3
107 125 14
49 125 3
133 148 6
89 249 15
56 114 3
43 138 3
43 158 4
141 226 27
42 140 3
209 229 2
4 78 1
83 162 3
68 145 19
20 68 1
20 20 1
152 166 16
166 244 19
61 132 6
39 61 5
119 125 1
114 209 17
116 186 9
17 90 6
7 129 16
107 259 2
25 106 3
234 236 16
50 65 3
48 241 3
68 146 5
87 163 7
133 133 2
163 186 26
186 262 11
45 238 2
145 179 2
223 234 6
50 255 3
41 114 10
183 246 1
37 112 6
54 255 1
163 166 6
162 182 2
182 182 1
48 69 6
24 36 1
129 170 16
75 162 20
74 229 10
100 181 3
141 244 6
121 129 1
196 230 5
116 163 9
17 17 5
170 237 23
43 87 1
74 228 1
37 198 2
232 238 2
162 238 16
116 143 5
114 185 1
225 249 13
157 164 3
116 148 9
223 229 20
141 168 11
49 164 17
61 113 4
61 65 3
67 107 2
42 167 2
95 234 2
238 243 7
233 233 21
141 209 5
36 211 4
88 125 5
223 239 1
146 148 11
37 125 2
90 256 12
181 233 2
33 198 1
113 209 3
7 100 22
234 262 12
4 33 4
144 161 9
4 69 1
67 170 1
79 92 4
25 62 2
88 142 2
42 100 16
138 237 4
69 244 2
145 224 1
151 168 3
50 226 4
148 161 25
80 224 3
131 145 1
50 143 15
42 120 1
153 243 1
88 163 4
74 143 4
17 107 4
90 142 16
147 238 3
126 262 1
230 244 19
25 90 3
24 90 9
4 87 12
74 233 8
36 162 1
138 148 4
22 97 2
24 142 6
186 237 12
138 230 59
62 113 1
224 256 1
158 263 18
33 148 22
142 202 1
14 246 4
112 246 6
65 140 1
45 48 8
158 166 12
129 223 5
4 142 5
4 223 2
54 186 2
126 229 1
37 49 3
181 211 3
68 126 3
75 145 8
261 262 3
80 140 1
13 141 5
142 262 3
243 243 7
169 243 1
164 256 7
43 68 18
113 241 1
160 234 1
107 112 4
4 125 7
18 116 2
164 243 6
158 233 34
224 229 5
41 126 1
41 235 2
125 229 5
62 114 1
151 256 3
9 137 1
125 170 13
209 246 12
26 249 1
62 72 1
40 140 1
36 142 2
140 260 4
145 262 4
13 261 4
13 50 5
90 233 14
224 233 12
230 246 61
129 141 16
53 129 2
89 107 4
200 249 1
113 246 28
68 127 7
61 231 10
40 144 5
141 151 3
12 211 2
90 202 1
145 202 2
22 68 1
7 193 13
82 100 7
48 91 1
25 230 5
186 233 19
4 80 3
145 170 5
95 146 2
95 229 3
158 179 2
26 141 1
223 233 4
137 230 31
68 261 21
223 230 28
45 227 2
48 65 8
170 244 4
43 74 3
24 68 6
68 74 18
42 168 4
100 244 8
166 169 1
61 80 4
228 249 3
21 114 5
68 213 1
49 158 4
33 237 2
13 14 1
164 252 2
162 239 18
4 146 1
61 188 4
189 256 1
61 87 5
7 238 2
33 80 1
116 255 2
164 188 4
45 141 5
140 146 3
80 113 3
89 114 7
148 217 20
129 163 6
164 165 1
160 163 1
144 262 10
196 226 2
188 230 3
146 246 5
142 152 3
82 142 1
45 88 1
45 249 16
114 217 3
137 158 31
43 152 2
61 186 4
88 148 39
60 78 1
52 97 2
68 88 8
24 132 6
170 190 2
149 181 1
152 186 3
70 90 1
75 237 22
142 232 1
40 79 6
137 156 1
61 90 9
87 92 1
4 7 6
50 158 46
13 255 1
49 62 2
13 144 10
48 135 1
145 209 2
233 238 2
65 107 4
244 256 1
49 188 3
95 230 10
250 263 2
167 242 1
234 235 4
142 257 1
159 169 1
70 261 1
113 130 1
25 226 1
50 112 3
116 211 4
116 158 7
17 237 1
17 108 1
193 230 9
151 164 9
162 202 5
186 223 5
189 189 2
244 250 1
68 83 2
148 260 8
50 61 4
33 114 8
33 137 1
79 132 20
124 234 2
42 137 2
41 72 1
80 161 2
113 238 6
43 100 5
198 233 2
65 164 3
132 261 5
37 113 3
83 237 3
158 256 8
143 249 12
56 146 1
92 107 2
45 61 2
148 179 8
36 113 5
97 262 2
79 173 7
62 186 4
69 263 4
65 246 6
48 134 1
20 94 2
94 116 1
43 116 1
45 162 4
13 232 7
21 148 1
79 136 2
116 225 1
151 226 4
36 116 1
41 231 7
168 238 4
74 243 2
228 228 4
166 181 1
24 161 2
17 162 1
125 137 14
50 127 1
229 237 29
226 255 5
82 173 6
97 144 6
114 244 10
42 163 9
140 238 10
56 263 1
158 260 1
100 127 2
151 231 4
88 209 9
116 220 1
79 260 11
137 185 1
114 168 2
49 61 9
17 49 5
129 132 43
45 209 8
48 131 1
198 225 1
77 77 1
61 112 1
132 255 9
61 257 1
65 208 1
88 234 8
17 68 4
50 168 3
100 243 7
65 138 2
116 231 6
34 170 1
237 260 1
26 135 1
13 100 1
144 151 2
48 106 1
198 249 6
145 181 1
126 166 1
45 164 10
107 243 3
79 188 23
24 263 5
142 246 21
143 224 2
152 163 3
79 241 1
48 155 1
66 181 9
34 79 1
204 249 1
49 256 4
68 243 7
100 196 1
81 230 1
75 94 2
232 246 14
6 68 2
17 224 1
50 176 1
82 260 12
148 243 7
88 226 3
39 132 4
68 197 1
50 188 1
144 239 18
143 158 16
20 263 1
87 234 11
225 255 3
138 226 2
91 256 1
100 142 15
238 247 1
4 225 4
22 114 2
100 151 4
48 76 2
138 144 1
79 85 3
107 132 13
142 155 6
138 161 24
132 260 12
138 233 10
138 142 10
127 132 3
120 239 1
158 162 16
132 186 10
246 255 14
50 91 1
1 50 3
162 193 3
14 108 1
1 68 4
102 132 5
61 229 3
45 100 8
65 262 21
1 238 1
14 25 5
1 90 3
42 162 5
114 166 2
140 257 1
69 166 1
36 68 8
1 170 3
113 132 7
119 143 1
17 141 2
138 239 13
42 132 7
41 138 5
1 162 11
1 114 1
79 167 4
88 97 1
132 233 17
88 182 1
132 216 17
132 138 12
1 236 2
48 213 2
1 246 2
169 238 1
90 133 3
132 179 5
132 163 20
138 162 30
49 132 7
143 182 1
186 197 1
1 48 8
132 229 12
97 125 12
37 140 3
132 162 15
113 113 25
129 138 20
143 256 1
132 219 11
97 132 6
17 75 1
83 141 2
17 231 9
48 70 3
74 208 2
223 231 4
74 161 9
114 161 18
116 164 10
42 138 4
50 169 3
78 238 2
1 163 13
82 236 1
114 138 1
107 138 5
138 170 7
50 189 2
162 235 1
132 239 14
1 13 4
69 90 2
1 100 2
132 133 4
35 132 4
1 107 3
74 259 1
83 142 1
168 168 17
132 173 10
132 244 4
1 1 8
1 79 5
63 132 8
74 224 3
227 249 1
1 233 4
48 56 4
112 163 5
41 132 3
93 132 26
194 239 1
108 231 6
87 202 1
37 90 16
74 241 1
100 179 4
177 177 2
17 161 3
41 246 12
225 230 5
18 164 2
107 173 1
28 132 12
231 251 1
66 132 3
216 216 3
100 126 1
25 228 1
100 114 15
3 233 1
94 244 1
119 235 1
90 152 9
61 241 1
223 246 8
24 147 1
79 228 15
186 226 13
74 167 1
88 167 1
170 248 2
186 198 4
165 165 2
148 159 3
1 237 1
162 166 5
170 225 5
138 262 7
132 243 5
48 55 5
192 246 1
82 141 8
125 164 7
41 100 11
225 233 1
146 216 1
140 161 11
256 258 2
13 179 1
14 87 3
37 132 6
90 132 8
72 163 1
114 177 9
90 191 2
48 120 4
92 132 17
132 181 7
14 161 11
132 215 9
24 234 6
227 231 5
125 132 4
62 232 1
132 175 5
75 138 4
114 189 4
48 95 6
74 100 6
158 230 29
61 164 6
106 132 1
129 246 2
209 232 8
223 237 4
13 161 5
45 263 3
85 188 1
52 188 1
89 144 3
163 224 11
1 132 7
28 249 1
145 237 7
40 186 4
85 181 4
66 97 8
132 238 18
158 261 17
79 152 11
116 170 1
143 159 5
90 225 2
162 261 4
211 236 6
130 132 15
100 141 12
132 164 22
36 141 1
233 237 10
35 231 1
73 132 2
13 132 9
83 230 10
125 255 3
80 234 5
88 162 4
112 132 6
41 170 7
166 227 2
95 141 6
74 127 3
75 125 2
188 217 1
132 191 1
88 188 1
80 132 8
52 107 2
76 132 8
145 226 15
197 262 1
151 234 6
43 249 11
87 152 2
144 188 5
226 237 4
132 196 12
127 230 3
68 202 1
132 189 3
38 132 7
40 125 1
132 158 6
196 263 1
49 97 3
24 262 1
68 70 1
7 197 2
7 132 9
7 26 1
79 95 7
36 158 5
125 161 4
144 162 13
125 237 5
148 237 37
45 66 1
112 233 1
17 213 1
48 85 3
61 114 7
237 246 13
88 227 2
75 157 2
179 263 3
141 223 13
82 146 2
132 246 5
7 148 21
164 166 6
62 62 2
17 234 7
217 234 1
129 256 3
119 231 1
87 112 1
80 229 3
37 164 12
61 161 1
25 61 5
246 248 2
163 193 3
29 231 1
29 123 1
88 158 4
32 234 2
100 166 5
49 114 13
62 68 3
74 194 1
226 233 6
4 88 4
88 166 1
56 260 3
179 238 1
225 225 3
114 129 12
90 95 2
162 223 9
48 216 2
43 246 5
125 224 3
45 262 3
137 226 11
127 127 3
37 100 2
88 88 4
153 163 1
181 255 3
11 79 2
40 231 5
50 145 3
68 149 1
87 138 2
141 166 7
36 54 1
18 168 1
98 145 1
151 233 2
4 132 4
114 232 28
42 231 4
89 255 1
159 244 1
24 159 1
90 173 5
140 145 4
201 216 1
112 231 3
140 168 7
125 145 4
48 71 4
107 223 8
42 236 4
52 143 1
50 95 1
49 113 2
75 127 1
43 114 3
73 164 2
229 239 10
107 123 2
220 247 1
40 48 3
1 249 4
87 125 11
217 249 4
142 193 1
77 170 1
14 106 1
17 226 1
100 125 7
17 232 8
95 237 1
114 123 6
90 116 5
82 145 2
132 141 9
186 244 9
158 229 16
47 151 1
66 148 15
132 237 5
17 132 3
41 162 2
209 225 2
88 231 12
74 158 3
43 75 9
258 260 1
69 79 4
65 158 6
188 231 2
80 158 11
50 75 11
90 189 4
211 256 3
138 246 2
113 188 2
142 235 1
186 247 2
162 260 11
48 191 1
74 235 3
17 229 1
54 144 1
144 195 1
211 211 10
87 260 1
145 231 3
158 181 3
16 230 1
149 234 1
146 234 2
132 171 2
25 159 1
82 112 1
244 246 19
74 234 7
158 232 17
33 232 1
39 87 1
237 244 3
65 257 1
127 170 4
8 114 1
140 193 2
236 255 1
25 144 2
18 186 3
152 234 4
33 141 5
1 142 5
132 145 7
80 100 3
116 144 5
140 242 2
48 132 24
164 181 11
24 233 2
90 112 6
186 257 1
4 198 1
74 244 5
170 217 1
132 135 7
33 113 2
52 52 2
13 114 12
177 231 2
11 132 2
148 166 17
74 137 4
33 48 3
35 177 1
166 166 20
90 129 5
50 97 1
100 129 8
17 211 4
4 166 1
40 255 2
18 48 4
164 175 1
107 127 1
142 159 7
40 239 1
173 211 1
53 132 6
114 235 1
141 260 4
196 249 3
107 145 7
216 246 1
130 130 11
79 189 9
125 256 3
41 140 5
142 261 3
230 259 3
130 215 1
215 215 2
195 234 1
48 258 3
132 209 4
12 230 1
144 226 2
87 232 14
75 146 3
82 164 7
68 195 1
113 260 3
119 230 1
144 179 2
181 217 1
16 186 2
237 245 1
112 260 1
13 112 1
162 232 6
68 69 2
13 237 1
19 132 2
79 217 6
87 262 3
114 136 1
132 249 5
157 239 1
132 151 9
93 170 1
79 193 7
173 179 1
132 252 2
52 249 3
132 210 2
78 148 1
106 246 2
132 224 6
161 188 2
83 158 1
75 158 8
142 231 6
17 144 9
169 230 2
137 261 5
95 164 2
181 261 2
7 45 1
41 158 3
13 263 2
83 88 1
18 90 2
129 234 3
241 246 1
82 157 3
129 233 5
173 263 3
13 113 2
48 202 1
74 260 1
137 189 3
97 209 2
68 247 1
74 132 5
90 159 1
49 232 4
125 163 5
45 256 2
68 177 1
132 203 5
7 233 9
129 239 2
127 261 1
48 212 2
146 163 7
48 52 2
116 233 2
42 159 5
229 261 3
57 173 1
75 144 11
43 229 6
144 196 1
166 168 2
132 139 1
100 102 1
217 231 2
79 160 3
40 246 1
7 256 4
33 132 2
140 246 13
146 237 4
106 106 5
40 61 2
14 148 6
62 88 1
48 196 3
42 107 6
18 238 1
18 159 2
90 241 1
116 162 4
42 112 1
24 43 2
114 227 2
18 132 1
50 196 1
100 260 5
74 169 2
32 236 1
216 229 1
132 225 3
10 230 2
162 244 5
248 263 3
132 143 10
43 137 2
68 190 2
14 230 7
50 89 1
12 249 2
79 208 1
28 48 1
16 170 1
25 232 2
143 166 8
50 231 13
125 233 5
24 246 10
69 234 1
132 144 3
83 100 3
50 181 1
45 137 3
13 170 2
82 230 10
124 164 2
137 182 3
173 231 3
136 186 1
158 217 3
48 220 3
211 223 1
231 236 5
49 230 5
7 224 2
179 256 1
125 236 3
112 257 1
49 65 3
43 144 5
241 263 1
167 186 1
45 255 1
97 170 1
50 64 1
42 143 2
29 211 2
42 113 3
100 183 1
61 263 1
26 114 1
163 182 3
43 140 2
116 159 6
79 202 4
152 211 1
13 137 5
48 173 3
209 234 3
113 223 4
159 230 2
25 79 21
168 249 2
129 140 2
164 228 1
50 193 1
167 234 3
100 168 4
168 169 2
32 169 1
106 113 1
25 113 1
48 54 1
32 140 2
144 237 8
101 148 1
141 173 3
137 145 2
36 229 5
51 148 1
70 230 1
196 233 2
33 33 1
180 232 1
85 132 3
146 223 6
158 189 7
61 68 3
68 138 6
11 48 1
44 148 1
97 246 3
132 248 2
71 158 1
226 236 1
161 185 1
4 195 2
90 117 1
177 247 1
77 79 1
75 211 4
61 234 12
92 164 3
113 181 2
43 261 1
211 244 2
100 232 6
107 146 3
1 263 3
220 234 1
68 78 3
152 164 4
143 232 1
112 180 1
52 90 1
68 260 6
100 254 1
36 45 3
82 114 3
141 232 5
48 112 5
148 202 4
160 230 1
132 188 3
75 136 2
95 211 1
211 252 1
22 79 3
137 179 6
74 212 2
188 246 3
18 241 1
18 47 2
127 211 1
67 148 2
26 132 1
145 158 5
76 114 4
217 225 2
100 223 4
62 246 1
4 141 4
209 209 6
235 247 1
94 235 1
24 24 8
24 224 1
125 157 2
82 107 7
141 157 3
203 203 1
87 225 4
66 164 5
167 237 2
236 260 2
158 185 1
56 132 10
73 100 1
169 233 1
140 211 4
68 173 1
68 124 4
68 200 3
152 162 1
33 158 3
179 233 7
16 68 1
70 238 1
200 263 1
112 164 6
107 228 1
138 263 5
88 141 3
125 227 1
43 162 6
37 141 3
138 247 1
83 148 4
220 230 3
143 243 3
76 113 1
179 209 1
107 130 13
132 232 4
74 120 1
42 237 3
95 100 1
82 239 2
94 239 2
138 173 1
4 236 2
148 173 1
196 258 1
24 232 1
37 236 1
122 122 1
69 230 8
94 211 1
87 132 4
94 148 1
170 223 6
82 198 1
163 255 4
130 164 1
90 179 2
36 232 1
82 158 2
28 137 2
179 234 3
121 121 1
41 152 13
193 223 1
89 146 1
17 233 1
166 243 7
137 247 6
129 225 1
56 82 2
168 212 3
212 248 1
35 68 3
25 49 4
163 250 1
132 228 1
141 210 1
68 132 7
20 48 3
54 132 1
10 146 1
131 132 2
56 100 1
82 196 6
151 220 2
198 232 3
163 225 3
79 159 5
145 168 1
148 169 1
100 185 1
18 69 1
212 247 1
7 261 1
35 230 6
62 211 1
114 151 7
22 88 2
190 231 1
89 132 4
163 260 2
232 242 1
242 242 2
40 40 4
193 237 1
66 95 1
143 162 8
48 198 6
159 238 2
1 261 1
149 190 1
113 138 3
41 159 4
132 226 21
151 162 4
71 132 3
88 95 1
95 163 4
97 164 6
55 132 1
25 25 8
159 186 1
50 160 3
129 134 1
161 168 2
168 170 1
17 209 2
75 143 2
141 217 2
157 226 3
79 254 3
93 166 1
56 75 1
132 221 1
116 137 2
1 158 1
79 257 5
157 231 1
125 226 1
197 197 14
62 90 2
119 163 2
24 229 1
112 113 2
132 134 7
145 232 1
20 90 1
50 221 1
130 234 1
4 188 3
129 164 4
173 237 1
121 132 3
74 213 2
132 177 1
62 249 4
145 233 4
25 164 3
159 234 2
83 114 1
88 224 1
28 130 5
224 261 3
168 242 1
227 228 2
138 166 1
71 144 1
124 132 5
92 151 1
61 107 4
17 112 2
61 225 4
82 82 19
138 143 3
51 164 2
141 143 4
94 132 1
125 244 2
142 166 4
112 137 3
79 82 4
234 244 4
116 168 11
50 223 3
83 170 1
137 161 17
112 193 1
168 263 9
132 148 3
211 226 3
56 141 9
173 173 3
52 114 1
87 228 1
142 173 1
74 247 5
254 260 1
248 260 1
75 235 1
143 168 1
69 170 1
208 244 3
50 157 2
119 263 2
80 125 3
138 236 4
82 90 4
1 43 2
17 45 2
9 132 3
51 126 1
66 68 3
72 132 1
88 261 1
181 195 1
179 193 4
158 177 2
238 242 1
170 208 2
58 230 1
75 112 2
20 100 1
132 231 5
71 230 1
43 166 3
146 233 2
80 162 1
89 100 4
202 260 1
127 137 2
133 144 2
132 193 2
163 173 5
88 138 1
143 233 4
20 246 1
75 147 1
69 161 2
92 162 1
13 226 2
146 255 3
33 164 4
227 230 4
140 231 6
15 132 2
45 45 4
132 150 1
65 137 2
161 238 8
112 177 1
18 167 1
69 141 2
127 244 4
43 113 2
13 138 2
136 209 1
148 165 1
14 14 4
85 229 1
165 170 1
197 260 1
82 249 6
17 48 8
10 246 2
49 76 1
26 26 2
141 152 1
138 151 4
246 247 1
67 68 2
37 158 4
48 167 3
141 196 2
62 132 2
48 235 1
79 247 1
36 100 2
13 13 11
13 93 1
200 200 1
162 250 1
65 132 9
17 100 1
163 197 1
89 162 1
106 225 1
51 141 2
42 164 7
185 233 1
21 79 3
224 246 14
87 161 4
164 206 1
136 244 1
48 257 2
127 168 1
162 255 7
214 231 1
114 119 1
77 125 1
161 243 3
132 165 2
132 167 1
160 246 1
161 202 3
192 249 1
161 196 1
186 241 4
13 233 5
161 228 1
165 231 1
145 173 1
97 158 1
7 244 1
6 164 1
186 232 7
161 166 2
137 260 2
36 226 2
39 68 11
3 100 1
71 161 1
132 254 1
14 164 3
69 246 1
20 50 1
183 236 1
24 100 4
186 189 1
60 230 2
152 239 9
146 260 3
135 229 1
48 218 1
16 164 1
65 263 1
18 255 1
94 193 1
112 232 3
24 220 1
50 235 2
186 260 2
225 236 1
163 202 4
102 230 1
125 225 2
226 238 1
137 168 1
11 90 1
79 177 6
144 232 23
152 243 6
49 186 2
125 211 21
33 88 3
225 261 1
50 262 5
45 229 3
163 171 1
25 132 2
25 141 1
25 107 3
95 113 1
56 229 1
225 232 5
83 164 4
14 226 1
228 231 4
127 140 1
34 186 1
132 166 5
179 237 2
14 158 10
230 250 2
50 151 6
20 230 2
83 87 1
62 125 1
68 160 1
136 230 2
129 196 1
80 225 4
89 231 1
74 126 2
50 132 5
88 229 2
132 223 4
40 148 7
85 255 1
13 143 2
116 119 1
19 230 1
76 249 1
93 143 1
88 236 1
12 68 1
88 237 1
148 257 5
72 181 1
189 231 4
155 181 1
125 162 2
52 106 2
13 229 3
79 134 1
24 137 1
186 188 2
146 186 3
89 163 3
37 137 5
37 217 2
66 217 1
153 161 1
70 163 2
130 162 1
112 211 2
33 66 1
100 220 3
34 114 1
39 79 1
143 167 1
200 234 1
66 263 1
87 255 6
67 239 1
4 260 1
18 140 1
201 231 1
50 238 14
45 65 1
213 263 1
116 127 2
36 161 1
177 255 2
88 228 3
246 257 1
33 211 4
88 144 4
87 123 1
163 216 1
82 263 3
66 249 3
142 255 1
212 237 1
181 232 2
141 242 1
88 243 1
33 209 2
238 241 1
85 162 1
70 162 1
134 170 1
97 255 2
45 113 5
211 227 1
107 171 3
97 231 7
125 143 2
112 146 1
90 138 4
226 261 4
50 113 7
14 66 1
114 133 1
209 236 1
41 143 1
78 213 1
78 167 1
167 247 1
144 260 3
168 234 3
82 92 1
75 247 3
202 234 1
246 262 7
224 257 1
37 63 1
87 224 2
97 211 2
232 263 5
107 168 2
82 125 1
67 224 1
14 67 1
6 14 1
97 177 2
72 231 4
169 186 2
136 136 1
71 79 2
125 195 1
74 232 4
68 119 1
7 188 1
140 244 3
166 211 4
67 88 1
161 259 1
148 180 1
142 211 5
13 163 3
186 209 3
4 217 1
213 248 1
83 145 1
179 236 2
114 179 3
144 198 1
10 162 1
209 239 1
65 225 1
33 161 2
87 145 1
7 56 2
164 197 1
28 170 2
7 143 2
114 173 2
212 249 1
75 223 3
138 140 4
114 193 3
61 77 1
41 125 3
138 158 1
153 230 1
78 263 1
76 97 5
4 244 2
61 115 1
33 246 2
161 232 3
65 75 1
67 162 1
161 180 1
48 126 1
126 259 1
148 168 2
106 234 1
89 209 1
181 188 7
90 181 4
68 242 1
116 167 1
52 234 3
236 244 4
39 161 1
13 43 1
49 88 1
97 229 1
112 229 2
43 43 8
29 234 1
7 239 2
75 159 2
212 236 2
79 243 4
140 254 1
79 195 5
88 140 2
47 244 3
159 213 4
88 100 1
49 90 2
22 164 1
134 234 1
151 209 2
116 226 3
227 261 1
100 193 2
137 248 3
68 198 4
67 230 1
132 185 1
37 88 2
66 229 2
33 125 1
115 164 1
69 100 1
158 255 6
65 100 2
74 144 3
52 148 9
95 140 2
39 125 1
100 159 4
106 114 3
40 102 1
33 100 2
168 236 2
79 106 3
88 239 2
123 234 2
56 95 1
232 258 1
218 234 1
48 195 1
56 145 1
132 213 2
89 90 2
64 132 2
25 198 1
42 88 2
225 246 4
224 232 4
82 148 1
1 113 2
148 157 3
85 144 1
193 263 2
37 233 3
171 229 1
48 77 1
107 189 1
90 193 1
107 190 1
92 148 2
66 151 2
229 243 1
256 260 1
116 232 1
41 97 1
209 230 6
141 261 2
107 217 1
4 202 2
17 88 2
113 225 1
80 217 1
119 166 1
25 211 1
189 218 1
66 141 2
88 152 1
141 198 3
48 182 1
62 164 2
116 140 3
62 144 1
24 231 2
106 195 1
25 88 1
136 163 1
65 170 2
163 256 3
25 85 1
107 216 1
70 75 1
230 255 4
63 217 1
129 231 1
173 226 4
127 239 3
132 218 4
157 198 1
67 113 1
44 164 1
47 247 1
145 255 3
89 262 1
106 163 4
163 212 2
49 116 1
21 255 1
62 256 2
224 255 1
189 255 1
41 54 1
127 224 1
100 177 2
16 246 1
164 167 1
177 258 1
211 228 1
141 167 1
181 246 6
166 231 3
37 231 4
43 132 4
133 234 1
75 179 1
62 85 1
4 43 2
7 127 1
62 234 1
102 141 1
96 102 1
88 92 1
53 82 1
164 185 1
168 233 2
48 248 3
213 230 7
61 233 1
52 246 2
65 141 1
214 246 1
88 90 4
45 112 1
66 66 3
14 211 2
43 161 3
161 224 2
65 231 4
165 234 2
159 237 2
224 239 1
28 230 2
82 137 1
60 114 1
198 237 1
141 225 1
56 231 1
119 244 2
69 148 2
137 151 1
61 261 1
18 148 1
7 151 2
73 186 1
95 124 3
33 262 1
96 148 1
29 68 1
69 82 1
144 189 3
4 25 3
45 161 3
45 217 1
232 261 3
162 225 3
159 247 1
123 261 1
95 158 2
25 65 2
159 161 1
137 225 1
80 163 2
171 173 1
80 145 2
94 113 1
4 255 3
145 239 1
95 142 1
132 154 2
142 233 2
106 148 1
65 151 1
179 260 1
13 88 2
166 232 1
59 140 1
155 188 1
209 212 1
226 231 1
114 257 1
26 137 1
13 45 1
79 259 1
92 100 1
160 164 1
106 158 4
162 211 5
100 235 3
235 254 1
40 114 4
33 228 1
16 16 1
88 223 1
144 241 1
90 177 3
40 90 2
75 113 5
157 163 1
209 237 1
68 147 1
41 127 2
166 233 1
182 230 2
74 223 8
143 179 1
228 234 3
162 212 1
107 167 1
168 247 2
119 247 1
240 240 2
43 168 1
134 164 1
58 163 1
83 90 3
7 138 2
48 119 2
114 146 3
89 158 1
112 125 4
132 160 8
1 88 1
34 249 1
152 263 1
42 125 2
90 168 1
144 228 5
125 168 1
107 198 3
106 164 3
179 231 3
92 230 2
100 258 2
75 85 1
61 211 1
113 145 2
129 211 2
12 113 1
48 92 3
148 258 2
254 254 1
224 237 3
163 211 3
90 111 1
68 118 2
130 148 1
95 121 1
67 132 2
35 256 1
35 63 1
136 168 1
35 97 1
140 226 3
17 140 1
25 40 2
21 231 1
146 263 1
152 262 2
50 173 1
164 258 1
148 235 2
51 235 1
32 48 1
37 82 2
87 143 1
63 129 1
132 200 2
82 87 1
140 151 3
74 147 2
167 230 3
37 161 4
45 97 1
196 239 1
100 211 2
159 239 1
91 132 3
163 168 1
234 247 3
66 186 2
255 263 3
113 161 7
78 169 1
74 145 4
127 143 1
163 227 1
115 132 1
78 107 1
20 132 2
1 125 1
64 263 1
126 140 1
93 233 1
95 246 4
77 232 1
68 188 3
119 164 1
132 217 1
132 146 2
168 213 1
90 190 2
16 132 2
17 50 1
95 134 1
143 247 1
151 260 1
64 164 1
68 167 1
37 238 1
88 146 1
50 250 1
152 237 1
161 247 1
168 186 1
193 231 2
74 226 1
83 129 2
137 181 3
95 224 1
119 239 1
132 250 2
189 228 1
82 233 2
12 231 2
83 202 1
52 164 1
21 144 2
83 163 2
49 137 2
94 236 1
164 195 2
67 164 1
24 81 1
40 181 1
141 247 3
90 214 1
72 90 1
166 223 1
159 164 2
48 63 1
61 88 2
33 140 1
79 250 1
17 61 12
150 230 2
33 50 3
98 170 2
7 173 7
74 88 1
127 179 1
89 228 2
83 233 2
149 237 2
152 261 1
198 246 2
169 247 1
160 226 2
41 262 1
41 237 2
79 242 1
166 174 1
137 138 2
186 254 2
76 145 1
87 197 1
140 255 2
255 262 1
202 246 1
225 239 2
157 237 1
143 260 1
32 126 1
75 87 2
48 67 1
67 67 2
100 143 6
89 89 1
42 60 1
143 188 1
162 256 3
97 162 1
52 162 1
260 261 1
37 225 1
195 225 1
147 161 1
82 203 1
20 163 1
170 197 1
34 234 1
50 70 1
28 140 2
37 116 1
74 138 1
230 254 1
61 217 1
43 179 1
48 209 4
107 212 1
151 184 1
97 161 2
65 162 2
194 210 5
48 228 1
78 246 1
56 79 1
140 232 3
89 145 3
202 215 1
123 132 5
9 122 1
76 148 3
140 223 3
47 79 1
66 234 1
7 50 2
93 116 1
186 193 2
235 238 1
90 223 2
99 99 2
51 229 1
47 50 1
88 181 3
28 146 1
4 230 4
114 198 1
68 214 3
37 162 2
42 240 2
140 224 1
48 94 1
172 261 1
65 66 2
37 65 2
85 90 3
42 179 1
92 233 1
148 195 1
68 168 3
112 140 7
43 90 4
141 228 2
25 97 3
89 188 3
66 90 1
37 228 1
208 213 6
17 33 1
69 223 1
132 140 1
181 257 1
7 87 2
177 232 2
79 190 3
36 246 4
170 255 6
211 237 4
42 194 1
17 189 1
246 251 1
93 162 1
60 238 1
140 190 1
25 142 1
82 143 1
39 148 1
138 238 8
97 233 1
37 163 1
137 212 1
88 256 1
50 224 3
41 169 1
70 237 1
70 173 2
106 257 2
48 130 1
65 125 1
181 262 2
220 249 2
140 152 3
92 186 1
228 237 1
152 256 1
162 213 1
224 236 3
10 10 5
168 193 1
152 229 3
61 97 1
138 211 2
87 146 1
129 137 2
29 91 1
67 257 1
37 239 2
120 137 1
158 198 1
181 256 2
37 41 1
80 238 1
95 162 1
164 248 1
56 230 1
76 106 1
113 243 1
161 198 3
17 157 1
112 187 1
148 200 1
1 127 1
233 239 1
50 261 4
209 263 1
149 249 2
14 162 3
39 213 1
25 158 2
202 202 1
125 136 1
100 188 2
155 246 2
108 132 1
45 230 2
200 243 1
70 216 4
45 151 1
7 35 1
132 202 1
70 148 2
125 198 1
93 93 2
6 148 1
69 116 5
189 211 1
97 106 1
68 136 1
68 133 3
239 260 3
87 239 3
76 164 2
62 224 1
61 163 2
166 220 1
1 239 2
42 256 1
136 249 1
3 133 2
189 232 1
65 211 1
145 211 2
50 209 1
94 100 1
68 95 2
232 236 2
168 244 1
114 157 2
230 235 3
75 174 1
144 225 4
232 255 2
10 170 1
141 174 1
148 193 1
83 140 2
36 170 1
68 191 1
186 250 1
121 148 1
10 41 1
89 190 1
26 186 1
132 155 1
114 149 1
132 180 4
97 239 1
78 243 2
61 198 1
148 152 5
80 152 1
7 157 1
87 133 1
36 179 1
89 113 1
170 185 2
33 261 2
90 134 1
131 131 1
211 243 1
151 243 2
114 228 1
61 255 2
146 197 1
74 136 1
97 113 1
256 263 3
173 186 1
92 234 1
79 214 1
64 114 1
16 141 1
236 248 1
142 223 5
259 259 2
42 61 2
25 100 1
260 263 3
14 165 1
22 165 1
114 128 1
24 88 1
28 79 1
14 145 1
48 242 1
95 263 2
35 62 1
40 233 1
186 220 1
68 71 1
11 45 1
113 247 2
7 8 1
19 101 2
83 132 4
50 129 3
226 262 2
7 198 2
32 141 1
211 239 3
112 165 1
3 230 1
1 74 1
62 255 1
138 234 1
62 141 1
241 241 1
155 211 1
196 229 2
92 141 1
196 211 1
136 164 1
18 212 1
75 242 1
37 87 3
125 138 3
66 232 1
61 223 1
189 230 3
36 189 1
130 144 1
67 249 2
39 186 1
163 248 1
14 132 1
255 261 2
33 255 1
125 239 3
7 37 1
14 234 1
90 102 1
6 255 1
130 166 1
248 248 2
88 112 1
50 120 1
163 198 5
41 212 1
144 213 1
161 173 1
157 186 1
17 137 3
83 231 2
69 145 1
164 220 1
75 232 3
34 255 1
79 196 2
189 190 1
126 144 1
40 256 2
130 249 1
75 193 1
116 132 1
43 125 1
29 158 1
54 209 1
77 158 1
54 114 1
22 141 1
155 189 1
88 143 1
25 80 1
4 258 1
113 123 1
10 177 1
70 226 1
50 225 2
241 249 1
34 48 1
83 113 1
138 223 1
52 170 1
22 148 1
50 242 1
224 228 1
74 80 1
85 256 1
40 158 2
4 40 1
140 202 1
186 202 1
54 137 1
21 158 1
90 258 1
32 32 1
159 246 1
65 165 1
55 79 1
113 202 1
50 232 2
137 196 1
158 165 1
140 248 1
233 260 2
36 157 2
157 232 1
95 129 2
56 148 1
107 207 1
18 144 1
47 168 1
68 165 2
37 40 1
78 242 1
25 71 1
90 160 1
132 168 3
78 90 1
148 259 1
49 157 1
157 197 1
69 143 1
14 26 1
100 259 1
42 209 1
45 181 1
45 189 1
74 261 2
7 177 1
54 148 1
224 244 2
87 210 1
87 97 1
130 137 1
36 137 1
56 137 1
9 191 1
186 259 1
84 107 1
32 66 1
131 191 1
100 212 1
233 256 1
162 241 1
65 177 1
70 70 1
125 152 1
190 249 2
220 232 1
50 136 2
69 114 2
249 260 1
180 230 1
7 232 2
138 249 1
36 61 2
33 97 1
90 195 1
238 240 2
75 220 1
113 179 1
54 125 1
185 230 1
107 174 1
159 163 1
114 169 2
217 230 1
212 230 2
212 213 1
185 242 1
166 189 1
173 234 3
71 246 1
148 149 1
61 106 2
7 15 3
45 163 2
163 208 1
144 185 1
8 249 1
190 246 1
123 190 1
60 163 1
69 249 1
166 229 1
61 71 1
142 165 1
144 177 1
7 41 1
48 184 1
159 229 1
74 153 1
50 260 1
48 171 1
82 130 1
54 138 1
170 177 1
146 168 1
236 243 2
125 166 4
127 234 2
100 152 1
7 130 1
18 141 1
113 165 1
145 258 1
198 224 1
61 72 1
114 126 1
50 146 1
94 237 1
22 132 2
98 132 1
138 260 1
33 170 2
44 80 1
83 138 1
33 92 1
138 244 2
97 107 2
151 212 1
134 229 1
41 145 4
43 78 1
120 130 1
130 213 1
56 144 1
16 234 1
25 146 1
142 145 2
21 68 1
21 123 1
56 68 1
168 229 2
108 234 1
32 229 1
61 140 1
161 200 1
163 214 1
47 161 1
106 107 2
106 112 1
45 95 1
128 234 1
100 198 3
32 79 1
75 250 2
25 210 1
94 234 1
25 163 3
113 189 1
142 153 1
129 144 2
236 247 1
147 166 1
66 163 1
18 231 1
234 257 2
14 170 1
182 186 1
228 246 2
101 101 1
25 233 1
72 188 1
95 231 1
33 163 1
33 126 1
50 73 1
40 234 2
14 113 1
167 249 2
145 225 1
83 249 3
152 247 2
193 262 1
46 170 1
165 230 2
66 162 1
82 262 1
236 254 1
140 175 1
83 246 1
123 229 1
205 252 1
113 136 1
193 246 1
40 87 1
69 237 1
140 247 1
42 211 1
1 140 1
106 161 1
43 231 3
143 173 1
100 210 2
68 248 2
147 239 1
63 100 1
107 248 1
97 225 1
197 231 1
21 137 1
7 116 1
177 226 1
228 261 1
39 225 1
158 225 2
221 221 1
133 186 3
50 82 3
40 232 1
138 146 1
98 164 1
56 163 1
160 233 1
162 179 2
164 168 2
80 260 2
37 224 1
85 133 1
73 141 1
90 165 2
188 233 1
132 182 1
211 212 1
164 212 1
162 174 1
132 235 1
87 179 1
119 148 1
39 163 1
48 72 3
74 89 1
188 234 1
11 234 1
42 78 1
39 230 1
162 189 1
119 186 1
107 157 1
95 114 1
9 129 1
68 257 1
17 163 2
164 193 2
201 211 1
16 137 1
162 209 2
45 89 1
231 243 1
28 114 1
93 145 1
85 239 1
112 198 1
119 237 1
120 233 1
33 89 1
209 256 1
61 151 1
124 170 1
3 132 1
126 263 1
82 140 1
228 230 1
25 137 1
237 242 1
70 74 1
109 132 1
20 79 1
37 129 1
65 88 1
162 228 2
4 106 1
232 239 1
88 129 1
21 21 1
130 173 1
25 189 2
7 225 1
233 255 3
21 162 1
170 228 1
74 82 1
217 239 1
61 137 1
248 262 1
100 174 1
13 80 1
66 246 1
157 170 1
14 186 2
143 240 1
94 186 1
178 249 1
144 146 2
152 193 1
9 229 1
61 224 1
212 246 1
144 171 1
49 80 1
33 201 1
90 167 1
161 260 2
4 65 1
9 163 1
236 259 1
41 69 2
114 134 1
89 137 1
37 188 5
157 255 1
45 187 1
189 246 1
36 238 1
141 188 1
45 133 1
69 168 1
18 75 1
63 107 1
223 236 1
112 200 1
165 232 1
158 188 1
196 236 1
40 195 1
169 231 1
131 234 1
49 239 1
81 168 1
90 248 1
82 216 1
141 220 1
50 106 1
37 232 3
66 255 1
21 100 1
130 161 2
42 45 1
36 129 1
79 180 1
69 146 1
195 231 1
250 250 2
85 210 1
67 211 1
61 246 1
29 114 1
65 168 1
114 258 1
160 161 1
223 261 1
170 179 3
174 244 1
88 179 1
75 88 1
15 231 1
148 192 1
22 158 1
230 240 1
96 100 1
121 164 1
140 198 1
18 230 1
158 210 1
230 241 1
48 62 1
114 135 1
131 144 1
72 158 1
14 181 1
102 148 1
137 146 1
88 116 1
236 256 1
68 159 1
66 230 1
76 90 1
79 212 1
48 177 1
79 83 2
7 28 1
71 116 1
75 243 1
68 111 1
213 234 1
230 242 1
142 181 2
239 250 1
82 144 1
100 173 1
68 258 1
137 149 1
143 209 2
175 186 1
158 228 1
167 168 1
76 88 1
80 232 1
57 260 1
141 202 1
70 144 2
101 219 1
74 255 1
97 217 1
125 189 1
243 247 1
80 223 1
238 255 1
49 50 2
163 209 1
66 144 1
45 236 1
24 125 1
133 255 1
65 134 1
141 169 1
113 228 1
69 152 2
82 237 3
25 48 1
85 231 1
85 158 1
84 211 1
65 186 1
143 181 1
140 185 1
185 208 1
48 159 1
56 186 1
83 236 1
71 148 1
116 247 1
61 142 1
25 229 1
142 189 1
169 263 1
106 189 1
53 161 1
107 202 1
42 258 1
89 165 1
37 260 1
106 256 1
25 54 1
168 262 1
49 66 1
52 232 1
168 239 1
80 146 1
232 244 1
47 90 1
20 78 1
145 238 1
7 202 1
112 239 2
54 97 1
127 200 1
55 211 1
142 196 1
12 144 1
11 164 1
149 246 1
127 263 2
45 237 1
7 211 1
4 89 1
144 212 1
39 77 1
35 37 1
50 98 1
161 257 1
33 234 1
91 189 1
45 188 1
162 168 1
169 246 1
40 50 1
37 74 1
83 196 1
228 255 1
45 166 1
125 250 1
161 189 2
212 234 1
50 216 1
116 146 2
39 50 1
26 79 1
56 232 1
17 188 1
158 241 1
198 231 1
42 229 1
65 229 1
114 127 1
155 234 1
46 148 1
40 100 1
62 163 2
7 241 1
88 244 1
92 192 1
71 249 1
24 243 1
54 100 1
163 259 1
164 257 1
33 151 1
196 234 1
247 263 2
100 225 1
26 142 1
52 195 1
114 210 1
79 84 1
48 227 1
56 138 1
150 158 1
216 232 1
161 217 1
33 36 1
170 258 1
181 224 1
220 238 1
92 170 1
13 256 1
22 236 1
227 237 1
236 261 1
43 234 1
102 158 1
102 256 1
127 136 1
76 158 1
107 222 1
158 169 1
15 114 1
127 209 1
4 152 1
77 198 1
132 149 2
118 200 1
61 129 1
21 107 1
146 167 1
12 232 1
101 132 4
7 25 1
72 230 1
116 260 1
52 89 1
57 230 1
69 88 1
92 142 1
113 198 2
100 123 1
127 148 1
26 237 1
132 208 1
212 263 1
179 235 1
143 257 1
132 178 1
167 232 1
130 224 1
76 140 1
72 89 1
82 171 1
28 237 1
13 116 1
189 233 1
29 132 1
138 152 1
77 132 1
40 132 1
193 229 2
25 125 1
148 185 1
60 132 1
108 138 2
35 50 1
174 226 1
146 173 1
48 217 1
164 214 1
125 165 1
82 193 2
37 263 1
97 260 1
35 35 1
48 178 1
74 209 1
4 235 1
138 224 1
93 262 1
126 170 1
133 228 1
67 133 1
168 231 1
13 238 1
140 157 1
113 146 1
6 132 1
22 140 1
22 113 2
9 148 1
70 263 1
90 227 1
73 233 1
22 229 1
53 164 1
231 260 1
95 215 1
70 164 1
69 140 1
1 231 1
29 144 1
85 233 1
83 107 1
49 181 8
41 60 1
76 79 2
168 250 1
48 136 1
107 188 1
52 230 1
87 127 1
82 121 1
171 231 1
97 146 1
161 209 2
20 238 1
129 169 1
88 132 1
45 143 1
83 137 1
211 257 1
4 259 1
106 188 1
252 252 2
85 228 1
168 248 1
90 180 1
90 188 1
132 241 1
130 226 1
70 141 1
159 263 1
87 238 1
144 257 1
164 189 2
25 129 1
10 113 1
61 226 1
137 160 1
237 252 1
14 107 1
138 261 2
148 171 1
97 226 1
69 163 2
61 152 1
223 238 1
7 262 1
41 45 1
130 163 1
48 78 1
65 209 1
166 262 1
35 246 1
40 112 1
223 232 1
91 181 1
138 179 2
170 171 1
43 213 1
22 231 1
13 181 1
65 161 1
48 51 1
4 212 1
75 212 2
36 163 1
43 224 1
76 211 1
75 257 1
143 200 1
112 243 1
173 202 1
61 143 1
205 215 1
70 205 1
130 231 1
1 244 1
148 197 1
79 207 1
1 143 1
85 106 2
68 251 1
161 177 2
47 137 1
76 100 1
26 45 1
164 213 1
209 260 2
136 153 1
48 66 1
240 244 1
40 261 1
45 142 1
45 177 1
163 217 1
131 177 1
26 91 1
3 119 1
102 241 2
55 205 1
75 226 1
117 191 1
16 205 1
167 222 1
191 225 1
177 216 1
61 174 1
26 39 1
72 203 1
42 147 1
117 216 1
19 244 1
61 212 1
167 254 1
61 76 6
51 242 1
122 129 4
168 174 3
68 218 1
51 174 3
71 228 1
76 226 8
62 181 10
35 174 1
90 213 1
48 180 1
183 229 9
77 131 2
14 168 2
19 218 2
75 222 4
58 229 2
113 218 2
51 169 5
70 157 2
39 91 3
77 135 2
76 244 2
78 140 4
98 215 3
108 177 2
85 254 2
169 213 2
57 93 2
141 183 2
170 250 2
39 188 7
47 243 2
91 228 2
191 205 2
47 107 2
77 101 3
175 197 2
17 175 2
61 254 3
47 61 2
218 226 5
221 258 2
38 76 2
35 119 2
10 168 2
151 215 2
17 73 1
146 218 1
205 216 1
131 216 1
123 210 1
117 139 1
64 130 1
61 83 1
10 205 2
71 181 1
167 188 2
10 218 3
72 261 1
74 129 1
17 106 1
147 231 3
50 197 2
26 113 1
90 119 1
61 94 1
76 89 1
61 75 1
117 188 1
213 216 1
144 248 1
126 212 1
41 112 1
75 117 2
74 139 1
3 32 2
137 218 2
121 205 1
139 186 1
76 143 1
81 242 2
243 257 1
119 216 1
19 205 1
36 195 1
92 92 1
25 197 1
77 197 1
32 68 1
179 203 1
164 217 1
32 147 1
55 89 1
39 158 1
63 108 1
75 78 1
16 107 1
33 225 1
75 203 1
71 226 2
31 51 1
39 89 1
35 219 1
151 254 1
226 257 1
89 177 1
22 234 1
9 205 1
26 63 1
35 259 1
