132 173 8
68 249 378
3 185 1
163 230 350
138 166 44
132 234 68
137 230 137
1 238 16
43 142 465
68 239 121
1 114 3
1 100 18
11 138 1
127 243 10
244 244 74
213 244 2
143 244 71
132 244 19
132 197 55
79 179 4
143 229 57
75 236 1089
42 132 32
13 230 247
143 151 142
50 244 23
95 132 78
151 223 4
74 263 315
79 234 503
41 151 191
79 141 67
142 233 80
100 229 226
138 164 254
92 132 43
163 186 683
138 230 627
236 239 1056
100 161 1173
12 230 46
97 148 4
107 148 126
129 137 4
74 236 299
144 158 49
12 239 6
137 148 120
236 262 1418
238 239 1927
142 237 836
137 229 307
138 161 525
24 238 392
226 226 113
48 261 50
42 151 50
132 237 75
79 137 331
161 237 1838
151 237 145
75 186 86
136 152 1
50 138 54
79 211 120
148 234 62
75 138 35
1 143 13
138 234 121
151 238 770
79 107 538
37 79 2
155 232 1
25 189 5
113 238 19
170 229 718
161 211 72
162 226 68
162 239 447
144 186 120
95 95 8
142 142 444
113 239 30
100 236 204
4 37 3
80 255 4
68 262 42
42 48 10
137 224 58
142 230 647
4 4 20
61 132 46
162 249 176
48 239 337
162 162 573
48 249 95
74 239 62
162 236 2167
88 140 106
186 234 1612
1 186 21
132 132 329
161 239 542
132 138 368
43 234 98
88 142 22
12 66 3
132 225 41
236 263 1559
140 140 567
76 132 46
224 238 4
65 233 32
148 162 77
7 146 66
43 140 251
113 148 73
161 170 1249
170 249 322
79 249 163
41 119 6
166 238 823
143 239 968
244 262 30
163 238 338
198 230 2
116 166 99
87 231 281
132 263 77
50 186 252
142 163 731
125 132 27
88 161 69
41 238 289
263 263 371
116 141 6
132 162 160
90 142 73
107 238 46
164 230 437
114 138 19
140 238 243
143 246 265
132 236 118
161 246 534
163 261 30
79 233 236
50 162 199
161 177 1
79 229 176
41 79 3
41 116 55
166 237 98
75 142 161
141 170 420
107 114 229
24 24 37
24 132 19
61 148 2
114 249 187
94 166 1
24 75 89
236 236 2675
170 236 516
164 186 596
142 262 183
17 148 7
114 148 54
75 114 20
144 224 16
230 231 212
90 239 27
50 249 51
186 230 1214
239 239 618
142 229 166
143 186 133
151 263 71
102 132 10
107 141 156
141 146 30
143 236 342
142 244 77
50 85 1
17 37 3
17 217 1
243 260 1
151 186 23
211 237 22
229 237 771
107 170 1351
42 163 16
74 75 702
233 237 303
142 186 184
138 162 420
4 114 56
114 186 118
50 68 241
68 78 1
42 78 3
7 36 1
138 186 121
41 75 200
75 166 178
41 74 241
237 262 723
48 127 2
127 263 2
186 262 80
186 186 131
125 211 48
41 132 34
127 194 1
186 229 172
152 238 61
138 243 9
48 75 74
141 223 4
141 141 564
262 263 640
141 142 353
121 239 1
113 114 260
161 161 706
132 161 199
70 173 2
79 170 463
169 230 2
132 238 99
144 163 39
141 237 1510
162 229 913
79 90 138
107 234 599
164 237 275
87 232 23
79 144 131
234 234 281
95 223 1
42 75 107
68 246 666
50 166 52
100 230 1022
119 162 1
140 263 886
52 162 29
132 189 29
13 48 154
125 138 30
158 231 483
229 246 58
48 161 1128
48 88 54
186 237 405
100 107 304
158 186 161
141 162 1455
142 263 205
41 168 9
143 188 4
132 226 80
48 132 161
161 262 505
48 186 523
255 255 3
7 255 2
162 186 952
114 170 175
162 246 382
1 246 11
142 239 1394
50 161 291
186 233 382
211 234 112
97 144 4
43 163 314
132 142 96
132 186 86
159 229 1
262 262 207
7 208 1
43 137 35
236 237 4413
50 170 121
231 246 452
238 238 586
7 79 5
138 262 119
186 231 487
132 145 74
170 186 1350
151 151 101
68 238 108
164 224 31
90 137 148
90 107 356
132 170 199
68 143 122
132 139 13
68 234 636
161 260 23
7 226 33
125 125 34
47 249 1
161 256 2
140 262 1041
141 166 70
100 226 9
229 239 86
43 161 605
79 114 203
107 163 197
75 75 403
68 161 515
68 170 584
87 141 128
231 244 4
229 233 798
163 233 219
7 260 26
7 161 26
140 237 1602
43 162 358
48 246 760
186 239 153
4 148 49
238 262 109
132 230 371
164 231 151
48 48 556
143 143 388
132 143 59
17 36 2
33 132 31
50 132 48
82 129 8
56 132 52
161 196 3
52 170 23
90 114 123
107 229 259
224 263 12
138 263 99
107 113 398
43 238 536
137 204 1
132 163 137
140 229 1107
141 239 271
138 238 95
230 244 32
116 247 10
93 132 344
164 238 75
148 232 76
114 230 66
158 234 244
138 163 271
41 166 339
132 260 50
170 260 8
137 162 755
137 170 742
90 132 64
143 238 749
132 205 16
48 138 196
7 48 10
166 244 105
80 148 4
158 232 8
107 151 11
223 223 58
113 132 57
141 236 1782
43 48 164
129 129 29
138 143 63
66 238 1
138 233 140
125 170 167
48 93 3
13 100 141
107 230 162
42 42 145
24 41 144
50 238 117
174 200 1
100 263 36
28 132 122
148 261 27
79 237 60
223 229 8
85 132 13
100 148 64
75 141 324
142 170 294
50 72 1
148 164 38
234 237 282
25 132 20
100 100 104
100 186 397
132 198 18
161 249 239
138 140 93
68 68 323
1 48 33
132 151 50
70 132 14
43 236 1001
43 141 293
162 164 608
79 230 84
12 164 7
74 141 124
75 237 360
128 239 2
25 106 3
25 148 4
234 243 1
113 137 148
68 107 335
128 166 8
114 141 21
125 186 156
116 244 73
107 144 139
114 236 29
50 137 18
239 262 156
48 226 26
125 249 186
90 90 194
161 162 901
48 230 893
48 141 123
137 141 210
237 237 1600
13 161 189
13 237 80
74 166 121
90 232 18
43 113 26
90 166 16
107 132 107
50 142 173
14 142 3
138 236 160
41 143 36
7 83 9
79 148 138
48 243 9
141 262 662
234 246 425
168 236 5
1 164 17
90 186 472
158 246 319
170 233 575
12 163 11
13 261 127
13 164 127
137 142 44
43 75 194
152 237 12
141 263 1111
79 262 42
48 162 545
138 237 158
7 179 27
41 41 159
43 239 488
224 246 20
186 249 288
4 50 9
26 133 1
239 244 78
132 164 145
141 233 649
170 262 180
49 137 3
71 132 21
77 132 8
90 113 239
97 129 1
146 263 5
234 261 41
13 43 32
237 263 910
141 182 1
87 170 247
17 164 1
140 170 443
50 158 58
162 237 2520
25 237 4
140 241 2
75 116 24
24 151 249
151 161 82
114 163 49
48 68 776
50 239 148
13 113 144
74 233 18
41 42 232
80 132 42
7 230 12
92 138 33
74 230 16
48 170 423
224 234 81
142 151 303
148 257 1
141 163 365
7 229 16
144 249 93
161 236 1781
41 230 51
236 238 1331
41 237 57
170 237 673
13 163 106
230 238 275
100 170 997
114 137 77
14 90 1
12 162 13
129 157 1
161 186 1532
163 262 151
82 83 9
142 161 775
233 236 202
132 208 3
48 137 118
48 50 515
24 163 42
19 132 9
138 142 112
148 186 65
107 107 262
68 137 120
12 161 15
113 237 95
87 138 91
145 193 59
146 179 20
132 233 109
132 134 50
88 263 118
75 140 266
43 230 255
140 142 350
144 170 116
229 263 407
138 249 30
66 164 4
65 143 2
114 144 49
161 164 876
129 138 267
76 138 3
88 229 84
48 213 2
100 143 136
137 186 405
48 163 628
107 142 93
158 162 97
88 148 41
137 234 455
162 230 629
107 164 401
148 181 4
162 224 68
163 244 15
138 151 42
130 132 112
88 211 21
68 211 81
230 230 259
137 223 11
161 163 990
246 246 255
107 249 298
100 164 359
100 162 662
13 162 261
107 237 243
140 209 111
132 239 111
35 132 16
87 161 118
188 229 3
1 170 16
233 249 52
7 7 89
229 249 20
48 231 169
114 116 2
74 151 99
13 186 245
72 261 1
147 239 1
45 50 11
113 209 26
75 128 1
143 146 5
91 132 18
68 144 66
74 132 30
52 137 9
13 231 759
12 13 62
151 239 604
163 239 572
223 230 7
163 168 1
239 261 18
116 239 32
75 152 39
75 238 403
145 186 8
186 261 104
132 140 57
140 242 1
239 249 26
233 233 166
88 186 89
13 68 216
90 152 3
132 229 97
186 246 665
179 186 4
164 233 206
80 142 2
100 132 104
74 237 65
164 234 588
163 170 499
164 211 53
142 238 1162
79 158 74
188 213 1
100 138 219
229 244 14
45 137 48
137 212 4
74 262 163
239 263 248
244 263 26
48 143 402
7 56 2
211 231 212
37 262 1
164 236 217
164 239 130
48 142 615
116 230 17
107 186 702
41 244 41
256 261 1
132 144 49
138 260 43
138 138 172
68 72 2
48 100 404
48 188 5
181 237 10
142 166 196
193 226 13
75 263 601
100 181 4
186 238 86
107 233 422
230 239 475
41 186 16
125 230 79
138 261 86
132 209 16
144 261 25
112 132 38
95 140 4
143 163 481
186 263 63
68 132 112
4 45 11
1 148 7
42 90 7
43 50 56
48 234 241
53 129 2
230 233 221
140 186 288
68 230 483
148 170 74
68 231 313
17 132 33
48 229 128
68 158 253
13 142 92
140 162 1357
13 88 173
114 161 123
90 211 82
140 233 650
138 180 2
226 237 56
42 247 9
7 173 3
13 50 109
90 161 393
43 45 13
43 164 86
142 249 31
107 174 1
137 138 44
48 151 81
75 202 1
113 231 343
141 231 98
164 226 24
186 236 304
180 216 1
4 162 16
87 100 60
36 163 2
137 144 43
13 137 116
259 263 4
142 162 631
90 230 275
163 164 244
132 158 29
90 116 5
116 132 17
132 246 33
132 133 7
141 186 223
230 237 381
137 263 127
129 170 4
107 162 1037
90 246 557
163 263 174
107 137 554
90 231 291
137 140 315
79 162 319
144 226 2
33 79 18
74 168 21
113 234 582
132 215 75
100 166 42
141 229 746
230 261 85
166 209 3
229 234 220
236 244 49
113 158 179
90 181 10
88 158 24
129 132 53
4 189 1
238 263 278
18 132 5
123 132 8
135 186 1
132 249 39
148 255 11
100 140 194
237 239 547
127 249 1
61 137 7
43 186 159
229 260 16
89 132 43
68 113 238
138 155 2
68 186 457
166 234 23
141 230 192
229 236 504
161 261 74
137 236 103
100 237 308
163 241 1
74 107 17
132 262 86
37 256 2
100 113 134
75 146 6
68 164 361
45 66 9
142 234 115
138 239 135
68 233 123
14 14 5
140 223 9
113 161 400
4 230 5
229 232 32
230 234 344
50 74 14
114 229 34
88 170 194
148 211 33
113 170 419
1 142 17
163 237 826
162 163 830
74 119 3
138 218 3
24 140 28
234 249 640
138 170 282
42 152 57
116 119 4
163 226 39
125 225 1
87 158 55
87 107 157
48 160 2
107 232 49
50 237 106
240 241 1
79 83 3
48 238 261
140 232 23
231 256 10
68 142 227
25 133 9
144 162 66
50 246 387
151 163 118
143 263 72
75 137 77
229 255 4
39 132 30
148 148 35
52 237 9
89 90 1
114 164 109
42 159 6
24 42 31
79 236 45
163 246 433
164 170 679
148 231 59
48 79 55
254 254 5
75 151 243
119 230 1
21 132 5
1 125 9
137 233 400
170 230 620
148 230 28
144 181 4
68 116 17
229 230 279
142 231 72
164 261 50
151 166 629
138 229 124
142 164 118
52 114 6
78 152 5
52 66 6
186 223 3
79 132 90
22 132 5
181 249 4
43 114 17
4 232 22
100 137 251
137 164 324
132 181 62
137 256 4
138 141 102
1 230 58
138 246 66
163 243 1
50 163 394
133 138 3
132 232 15
100 254 2
90 170 368
90 140 71
170 232 54
98 196 1
65 164 12
65 232 8
186 244 24
68 100 262
79 220 3
162 170 1394
224 230 27
163 163 185
140 211 47
144 229 17
132 219 75
100 141 171
107 263 107
13 158 341
66 148 5
93 141 4
132 231 78
42 162 14
246 249 269
75 100 51
45 143 3
50 234 85
7 163 7
43 151 179
1 158 9
114 261 18
87 238 22
1 209 2
43 263 236
48 129 2
7 68 7
4 224 18
93 152 2
45 146 2
13 234 211
75 107 59
75 162 183
43 262 127
60 182 3
12 236 2
132 137 52
141 144 24
230 236 463
43 170 144
225 249 4
113 113 170
48 224 13
113 186 275
223 234 2
163 249 149
7 148 3
74 142 40
13 132 53
90 234 447
48 263 67
48 233 157
151 246 70
114 234 319
41 239 130
140 141 1061
43 116 17
48 244 49
36 138 4
68 229 102
233 234 223
138 159 1
79 186 228
68 90 566
144 255 2
140 236 1613
148 249 73
100 142 207
13 166 23
66 88 15
88 261 30
48 164 293
4 82 3
82 82 23
211 236 19
230 246 978
50 79 27
164 249 140
170 246 487
1 68 11
113 246 202
163 229 471
125 239 15
116 143 19
65 148 16
7 138 71
1 75 1
134 230 3
1 161 37
232 232 13
4 32 1
36 256 1
100 243 3
7 107 11
114 211 69
17 225 2
138 220 2
145 226 66
233 263 360
233 262 381
13 233 129
79 100 101
161 234 893
166 246 53
55 79 1
36 90 2
132 223 81
48 148 18
142 143 786
41 163 27
66 91 1
132 196 31
82 224 2
100 163 659
138 223 138
48 262 46
237 249 60
75 239 168
138 188 6
144 148 53
14 79 1
43 143 188
143 230 382
162 263 642
146 229 14
107 246 249
211 246 72
80 236 1
88 230 62
68 125 105
13 249 243
132 202 11
68 79 131
42 74 176
42 236 38
48 125 49
148 256 8
116 243 11
132 256 45
87 261 83
89 138 5
68 209 9
163 236 909
170 238 139
42 244 47
48 90 228
50 75 29
112 138 13
49 181 9
82 132 63
166 239 496
74 161 11
140 166 62
24 116 24
159 238 6
161 230 1090
25 138 14
244 249 8
215 230 6
7 132 50
100 246 462
168 168 32
28 90 3
70 107 1
161 263 373
13 138 66
229 231 75
43 237 676
132 216 84
151 236 322
1 1 30
145 236 6
90 263 12
107 140 250
164 169 1
80 256 2
80 107 2
56 79 1
50 100 199
107 236 165
226 230 13
163 209 6
79 224 51
224 233 67
129 230 3
4 132 13
125 162 103
50 230 478
100 239 132
17 138 12
68 148 40
144 164 33
36 132 37
89 181 5
79 181 8
114 158 88
107 262 143
45 144 16
170 209 47
148 163 25
114 145 1
24 239 232
50 236 102
129 163 1
116 238 57
48 152 13
48 145 8
65 100 5
179 179 13
88 114 12
62 132 20
107 138 104
14 132 24
211 233 27
56 138 9
24 236 104
142 236 838
100 231 140
113 256 5
116 186 6
136 230 1
230 243 3
13 170 182
10 132 120
10 230 7
158 230 87
24 68 14
159 168 3
12 186 17
87 255 3
10 237 4
48 236 225
36 209 2
87 87 65
79 164 160
132 150 4
7 82 9
186 211 84
24 142 102
125 237 23
92 226 1
68 261 57
7 129 14
10 138 3
158 158 84
87 132 63
100 234 441
79 113 328
113 249 380
193 193 157
145 145 151
33 239 3
149 210 4
140 161 779
87 137 120
130 164 1
143 152 8
170 171 1
117 132 6
162 233 599
4 100 9
36 229 3
100 238 95
158 249 179
132 210 12
170 170 560
7 43 4
162 262 729
132 141 72
24 230 36
211 230 69
158 170 133
246 263 77
223 238 2
33 52 167
13 65 16
132 255 52
90 148 32
116 127 22
24 263 32
107 161 683
107 125 109
230 262 98
88 239 16
45 148 29
125 144 56
97 107 8
138 179 31
141 238 228
100 262 53
161 231 350
87 229 120
137 189 1
141 161 878
68 162 345
135 138 12
68 236 134
132 261 28
137 161 339
13 209 63
42 249 5
138 145 30
13 140 155
88 107 90
79 226 9
64 132 8
43 79 8
75 143 74
231 234 387
132 146 17
45 141 27
13 87 267
65 161 25
79 79 281
162 238 396
125 161 118
137 261 44
66 162 33
74 74 170
132 222 11
138 255 13
51 242 7
161 238 362
52 231 59
137 211 27
141 224 10
161 229 971
4 90 30
14 87 5
65 162 37
90 224 16
90 163 156
127 138 6
88 262 89
87 88 73
97 97 29
162 261 85
211 249 179
79 161 297
162 234 822
88 233 138
87 263 131
166 166 295
50 107 38
52 144 19
41 263 43
50 50 95
224 261 9
50 233 46
140 226 31
234 236 213
87 186 134
231 236 131
41 262 18
45 211 18
124 132 16
137 137 140
88 113 25
137 262 149
13 238 90
237 238 665
1 261 9
137 238 37
1 132 21
179 193 74
166 229 27
145 223 5
4 79 103
28 143 1
24 128 3
243 244 36
164 164 166
40 233 19
13 45 38
132 148 46
45 87 69
152 166 127
50 90 127
138 209 21
143 161 424
164 166 26
4 137 26
4 68 29
158 244 3
132 166 50
140 163 320
229 262 385
79 87 125
87 228 1
230 263 78
113 211 110
170 211 69
88 236 95
170 234 1329
48 158 84
163 234 258
24 43 84
164 263 49
138 232 13
232 233 16
138 148 34
226 244 1
25 249 2
90 158 233
170 263 153
87 233 123
90 249 389
33 39 6
83 101 4
138 144 28
66 236 2
13 229 81
236 249 39
137 249 65
48 209 16
75 119 2
48 140 157
4 88 21
43 233 55
186 224 41
87 224 32
211 211 36
33 263 15
140 246 49
45 107 29
43 68 95
161 233 528
45 231 67
45 229 40
13 236 130
4 107 39
113 262 29
158 233 35
43 138 86
4 87 30
100 233 222
246 261 82
87 236 68
113 142 26
158 211 83
137 163 145
226 229 52
87 162 207
100 144 43
140 164 162
68 141 91
90 236 72
158 261 35
125 231 250
65 107 28
90 100 224
88 162 185
43 226 4
162 231 270
116 236 15
140 224 36
231 231 415
90 164 256
125 164 57
87 164 64
143 237 290
114 246 98
50 140 63
87 262 89
75 163 94
50 262 15
66 138 8
130 230 2
79 231 142
88 137 77
249 249 219
88 143 10
87 234 115
79 97 5
151 234 25
140 234 203
4 236 13
164 246 385
48 166 97
140 151 88
143 223 2
113 164 208
68 87 99
12 48 15
48 232 4
177 231 2
12 170 7
246 262 34
231 249 417
24 164 12
151 230 87
74 153 5
66 246 5
148 225 1
43 88 14
140 239 277
170 224 86
170 225 3
143 231 63
65 87 31
41 236 126
107 231 301
87 114 46
140 230 171
87 140 154
1 79 10
74 140 136
132 257 4
231 263 57
132 213 8
226 260 71
42 166 104
181 189 11
88 132 21
75 97 3
74 238 132
170 231 302
113 141 42
181 181 31
75 261 15
166 236 230
42 138 20
132 188 21
144 263 14
25 140 4
88 237 46
43 43 370
144 161 80
144 231 129
87 209 83
113 229 64
116 194 2
100 224 24
113 233 97
229 229 279
24 138 16
137 158 23
141 234 116
50 88 22
43 107 45
142 246 261
33 161 21
68 114 91
144 230 61
132 179 27
146 226 46
4 231 19
77 137 3
33 137 25
181 228 1
114 231 227
45 88 23
138 211 21
234 238 92
140 231 95
132 135 26
7 223 29
90 233 63
41 60 1
75 179 3
75 209 12
158 161 201
75 262 389
88 138 36
231 239 75
237 244 27
43 100 126
125 129 1
174 246 2
129 161 2
90 237 104
238 246 176
75 164 44
50 164 89
239 246 258
68 155 1
143 233 45
97 137 25
13 211 97
237 246 138
48 107 116
140 158 24
65 79 21
48 87 35
41 43 100
217 237 1
43 144 9
100 146 2
224 229 29
143 162 279
234 239 117
236 246 149
83 226 10
33 33 75
33 231 86
75 161 167
233 246 91
195 241 8
68 226 11
166 186 45
33 80 2
138 146 28
82 126 4
168 194 1
138 258 2
216 238 19
143 234 84
137 226 13
140 146 21
61 138 17
88 163 24
88 88 8
4 113 61
43 166 141
116 137 4
33 158 15
152 164 1
7 262 6
140 143 152
173 249 2
125 233 22
50 231 101
74 138 25
43 87 17
143 164 85
68 88 23
87 143 20
151 262 33
50 143 211
87 148 57
66 161 13
143 170 111
13 246 298
48 237 315
145 234 8
224 231 38
81 132 2
226 236 17
151 215 1
141 164 154
148 262 9
137 231 132
114 233 33
68 138 100
24 74 53
116 116 54
163 166 79
43 243 5
4 249 32
195 228 3
50 261 28
33 233 31
141 151 42
100 158 58
88 164 45
52 161 30
114 262 42
49 142 1
82 233 3
87 113 86
43 229 92
79 138 53
33 87 20
75 170 96
33 195 3
238 244 148
151 162 67
35 88 9
41 100 20
88 232 21
13 239 110
93 144 1
144 234 108
41 138 25
75 244 25
101 170 1
88 224 26
7 233 21
106 132 8
68 151 55
164 229 266
24 244 23
114 140 34
15 132 10
33 75 9
244 246 19
87 237 47
33 141 9
13 13 171
166 261 6
122 132 8
21 49 2
13 141 77
113 162 229
21 231 13
141 244 34
166 263 87
42 143 10
136 263 9
13 97 4
35 179 1
209 230 22
233 239 45
170 239 157
141 145 23
66 163 6
90 229 52
116 246 37
92 238 2
229 238 72
158 164 80
45 170 41
141 143 162
234 262 101
196 218 4
113 230 228
100 249 101
66 158 3
124 225 1
138 257 3
4 229 29
45 164 14
179 229 20
65 97 39
140 148 28
25 25 5
179 223 17
231 261 232
75 226 21
4 209 5
127 246 6
132 195 7
211 232 10
33 234 44
137 143 19
249 262 22
48 126 3
13 90 133
10 107 2
1 87 15
24 170 26
63 132 19
230 249 184
33 138 19
75 234 24
142 261 12
87 230 58
45 209 28
12 100 11
95 261 1
48 113 65
138 244 19
41 164 9
87 211 54
107 239 36
143 262 48
35 188 5
35 76 8
75 79 30
1 163 32
209 236 42
169 236 9
87 239 42
125 262 42
25 76 9
179 202 1
13 263 77
125 246 86
83 237 1
42 141 14
48 260 6
233 261 32
45 113 33
83 164 2
68 163 286
145 146 23
186 188 3
142 209 4
170 261 69
125 261 26
79 232 62
114 217 3
113 163 143
231 238 88
107 224 59
33 97 15
65 231 50
37 132 38
146 162 16
87 125 63
209 224 21
34 138 4
33 34 5
90 143 62
88 209 59
118 170 1
10 10 3
97 132 39
161 166 52
90 141 46
41 48 35
75 88 32
113 143 23
231 262 48
65 132 34
33 229 32
1 162 16
43 74 80
50 229 34
163 224 16
112 223 1
4 97 2
33 164 8
116 152 76
88 231 120
40 100 2
7 145 62
75 132 58
107 211 104
79 142 18
40 138 5
223 226 31
126 159 1
62 113 1
141 249 36
48 211 30
12 140 8
151 152 41
134 148 3
69 236 16
232 234 34
231 233 70
70 138 71
42 248 2
40 132 19
42 238 58
1 90 10
138 231 73
88 125 11
35 138 3
13 79 66
125 158 167
75 233 81
79 88 92
4 246 20
13 125 146
100 151 21
145 179 53
80 161 2
25 40 28
137 237 115
209 231 68
87 163 49
132 218 29
16 132 10
79 125 120
75 229 103
43 249 25
43 211 8
231 237 68
141 211 22
87 144 65
203 236 1
140 261 50
29 107 3
74 162 18
1 239 18
137 209 36
19 140 1
209 234 34
125 234 161
74 229 40
168 247 7
4 233 44
70 230 3
151 211 5
82 145 2
132 203 43
66 132 8
40 40 22
45 236 48
138 252 10
68 244 22
40 137 6
42 263 36
48 215 4
45 142 21
89 124 4
7 140 22
74 244 20
163 232 7
75 246 22
85 140 2
65 138 38
12 50 10
170 244 16
45 186 41
137 232 36
45 230 11
43 90 36
66 90 1
179 197 3
13 107 151
170 179 4
13 262 72
68 235 9
52 113 7
126 140 5
232 237 10
140 244 44
68 97 3
66 75 13
7 162 19
79 246 107
127 262 7
209 263 31
42 43 32
137 246 79
88 222 4
69 208 3
125 137 39
138 215 3
25 107 7
68 237 145
45 263 21
68 200 1
83 83 3
83 138 19
107 261 50
161 226 25
113 125 134
24 50 13
50 151 57
100 211 40
66 141 10
41 162 27
1 151 5
45 61 1
137 168 12
143 166 136
45 125 12
141 246 75
158 163 89
68 140 100
28 192 1
70 93 3
95 164 3
145 230 16
90 226 6
74 137 19
152 162 13
261 263 35
66 95 1
75 180 2
40 231 26
163 231 173
166 233 8
45 100 8
28 75 3
42 223 2
37 170 2
151 244 59
116 170 3
235 235 4
78 235 2
13 148 34
12 43 7
43 132 68
161 209 33
4 186 32
32 168 2
141 193 5
68 166 28
170 198 2
87 246 114
12 231 25
211 261 37
209 209 10
48 157 5
138 256 12
216 216 5
144 211 48
24 237 49
40 238 4
229 243 2
17 25 4
261 261 23
41 210 1
69 138 7
114 114 36
158 236 38
162 225 2
24 166 158
33 246 20
4 144 21
113 263 17
98 233 1
79 209 34
83 90 1
186 209 30
88 100 36
49 138 18
1 107 10
25 231 9
149 232 1
10 24 1
148 229 26
138 181 10
52 186 5
68 256 4
74 159 5
113 138 54
113 236 65
7 193 99
50 148 9
79 163 83
122 130 1
43 231 27
81 129 2
43 261 19
29 138 1
68 243 4
88 112 2
140 249 58
244 260 1
66 230 6
76 106 1
132 180 12
132 155 9
97 143 1
129 162 9
74 223 13
93 238 4
130 229 2
130 141 1
216 218 1
13 144 55
33 209 13
45 90 13
79 143 6
132 247 6
79 261 28
24 143 87
38 138 4
132 168 7
132 157 39
162 211 62
47 68 2
74 234 7
22 55 4
134 138 6
68 145 1
74 243 6
141 209 31
96 230 1
54 236 1
100 244 17
155 209 6
114 263 28
97 140 5
114 125 54
34 62 2
33 144 29
42 137 20
91 91 2
166 262 39
17 79 11
114 237 51
234 263 65
158 237 35
232 249 16
226 233 12
95 138 25
35 77 2
189 234 3
13 224 8
19 183 1
45 138 16
14 209 14
65 262 19
236 261 36
202 233 5
142 223 4
143 224 7
12 68 23
65 75 22
25 52 27
164 262 114
17 262 1
45 114 10
40 87 8
79 140 80
90 125 102
130 138 10
196 217 1
158 262 7
144 209 20
39 161 1
65 77 2
166 230 63
152 244 47
45 234 14
107 143 44
97 195 2
65 195 2
4 164 28
45 140 48
17 123 1
45 224 7
244 247 10
113 261 43
10 162 1
35 215 1
129 229 5
113 140 83
100 261 35
12 237 6
131 131 3
143 158 37
90 144 59
28 197 1
94 138 1
142 148 7
127 230 2
52 132 9
33 163 15
113 232 19
41 142 55
4 261 5
189 224 1
145 163 5
114 224 11
19 218 4
66 144 7
33 66 41
13 151 22
61 114 5
61 188 11
95 170 10
25 79 8
231 232 20
143 220 5
207 207 9
50 141 46
51 138 4
75 130 1
65 170 28
66 97 6
166 170 23
164 174 1
12 238 5
107 158 70
4 163 10
36 39 1
125 236 15
69 166 6
25 162 14
158 202 1
87 142 14
79 263 35
144 262 26
114 132 35
143 261 16
144 237 17
97 142 2
91 138 3
161 224 53
170 217 3
42 116 64
229 261 19
138 195 2
132 228 6
68 232 12
141 226 51
19 95 1
50 224 2
33 40 110
112 112 16
17 49 9
45 48 19
82 163 3
87 151 16
41 161 24
22 29 1
24 161 31
127 186 7
209 232 18
10 50 2
112 137 4
141 261 22
1 211 3
127 244 16
121 132 13
24 262 19
54 132 10
26 140 2
45 239 7
135 135 5
148 158 41
114 143 13
125 148 31
41 152 52
101 102 1
42 230 13
151 170 22
54 142 1
74 116 32
45 232 28
155 237 1
25 97 9
43 246 99
50 263 35
233 238 46
186 195 2
47 74 1
100 225 2
65 236 5
157 170 4
25 191 11
140 159 6
121 170 3
4 10 1
65 234 26
38 132 16
83 140 1
1 234 10
146 161 9
68 185 1
48 114 33
45 262 58
74 152 29
162 209 62
148 233 50
50 152 19
100 193 2
65 209 19
38 205 7
100 191 2
4 80 1
4 170 27
4 234 33
124 138 1
68 75 34
41 69 1
144 246 44
261 262 25
247 262 14
107 258 2
86 132 8
152 161 4
163 174 1
41 260 1
12 233 2
100 159 1
40 65 30
75 92 3
87 222 2
65 88 13
24 158 4
247 247 7
1 231 12
7 87 6
116 140 10
166 231 28
125 163 50
164 209 13
85 138 2
118 233 5
66 165 1
87 90 31
141 232 9
137 239 40
75 87 26
21 123 1
186 255 4
52 52 26
215 244 2
138 196 6
68 74 7
7 142 1
181 233 4
127 132 9
91 186 3
1 236 13
40 246 9
75 127 7
185 236 2
138 247 3
260 260 28
42 262 16
116 138 9
142 145 4
138 224 13
12 261 3
33 236 23
161 247 2
142 208 1
52 87 13
18 138 5
132 252 12
42 167 3
163 211 56
223 237 5
138 169 3
127 166 2
52 190 1
130 215 7
143 148 2
88 246 54
4 161 14
129 262 1
93 263 4
63 258 1
116 237 13
107 228 7
162 189 1
74 143 30
71 237 1
13 114 103
24 100 10
25 33 22
10 238 1
69 141 16
170 255 5
65 66 20
209 233 42
113 144 140
74 163 20
10 234 1
143 153 4
196 237 4
151 249 4
137 196 4
137 166 12
42 239 35
106 231 2
17 65 3
13 75 19
22 164 1
72 132 13
132 258 19
33 65 15
138 191 5
138 202 7
143 243 9
90 238 31
158 166 7
132 220 8
48 65 6
33 162 44
220 244 2
89 263 2
138 198 7
179 226 9
13 143 102
130 163 2
53 132 5
97 146 1
70 129 15
72 142 2
18 244 3
132 177 14
144 189 1
175 249 1
21 133 1
49 132 39
140 144 38
90 209 14
195 249 1
195 260 1
7 166 1
40 261 11
48 116 15
151 224 1
132 175 4
138 152 6
63 138 2
25 233 12
93 236 2
127 239 4
13 52 23
11 233 1
68 181 8
170 216 2
147 170 1
74 246 4
13 232 22
75 213 7
226 234 9
209 246 22
133 263 1
33 262 9
24 152 29
74 87 3
90 189 1
132 165 10
97 234 6
151 231 28
28 95 5
123 210 1
40 181 37
146 163 23
186 202 1
48 144 28
126 138 7
82 203 1
45 158 9
41 194 3
95 107 4
41 169 2
189 230 1
35 107 2
79 189 2
191 216 14
145 162 26
42 186 9
41 140 43
93 262 4
10 151 1
55 144 1
162 173 5
45 161 18
148 161 48
45 246 17
68 224 23
190 190 3
170 247 1
143 168 4
130 226 2
129 145 3
83 100 1
129 173 2
224 237 17
97 138 11
114 209 16
48 120 1
181 234 6
25 37 2
79 238 13
33 53 1
50 70 2
53 138 5
132 193 10
52 148 3
138 259 4
23 231 1
33 114 21
158 239 25
106 164 1
48 133 1
236 250 1
107 209 38
46 138 1
140 145 17
75 224 15
138 213 7
114 162 91
33 230 11
141 181 5
125 209 8
114 238 8
148 224 6
35 48 3
161 181 4
52 226 3
65 114 3
43 129 3
141 148 9
226 246 4
7 141 12
93 163 3
83 196 1
95 134 2
48 196 3
132 224 22
89 91 1
146 192 1
129 146 7
160 233 12
143 211 9
24 141 15
74 78 2
162 223 3
55 107 1
50 211 11
169 209 2
90 262 13
41 50 14
98 138 5
18 69 1
189 237 1
65 228 3
116 163 9
216 226 4
74 100 13
74 247 4
113 224 24
152 152 20
226 249 6
146 237 19
93 244 2
24 90 4
144 236 20
179 238 5
151 179 5
140 196 4
41 45 7
36 79 5
36 225 5
41 234 11
4 211 22
166 168 5
95 263 1
90 162 182
80 82 1
29 186 1
162 179 8
44 135 13
140 202 5
24 162 32
69 169 2
100 165 1
1 50 7
146 223 17
158 209 6
116 151 26
239 256 1
142 144 14
112 239 8
132 160 10
170 226 21
198 234 2
50 66 1
129 223 9
89 188 9
241 263 2
132 211 26
148 246 51
79 239 17
74 164 10
50 67 1
161 223 3
113 181 7
129 148 3
17 50 1
25 256 2
138 168 6
14 138 9
137 181 6
33 170 38
1 249 8
249 260 2
224 262 10
40 106 5
137 258 1
234 260 4
13 40 4
232 261 8
69 262 9
186 226 8
40 141 6
4 166 2
218 219 2
129 260 15
65 246 6
79 80 4
12 143 1
73 132 4
148 263 12
61 62 6
144 144 35
37 68 1
88 191 1
91 155 1
65 230 17
1 138 3
230 232 11
101 229 8
165 181 1
49 230 1
189 263 1
50 200 2
146 186 9
82 230 6
226 232 1
50 116 16
205 261 1
125 232 6
138 203 2
113 257 1
89 189 4
9 132 5
45 79 39
211 229 9
75 144 2
50 55 3
137 255 3
193 234 5
146 202 4
38 186 1
249 263 12
56 137 2
145 157 4
138 216 5
132 201 1
89 164 1
61 61 10
90 235 1
141 243 3
132 136 4
226 255 1
164 256 1
144 233 13
14 50 3
186 232 19
125 244 6
42 144 1
116 231 5
188 205 1
93 142 6
50 252 1
33 237 14
152 243 11
68 263 39
24 107 4
49 144 3
97 162 4
50 136 2
138 205 2
142 247 1
41 247 5
79 217 1
90 244 13
168 212 4
43 125 17
60 78 1
93 127 1
29 50 1
116 249 12
223 262 6
80 141 1
181 246 2
42 93 2
48 74 17
133 190 1
107 179 4
146 193 12
213 262 1
74 232 8
25 230 10
141 179 6
236 243 6
50 135 1
41 68 12
83 186 3
132 171 7
181 231 7
28 74 2
82 234 3
138 250 1
40 97 4
181 186 3
132 182 3
4 138 10
93 162 7
132 217 9
90 93 1
48 82 2
33 211 14
157 231 1
152 239 38
166 200 12
83 141 1
90 261 25
49 225 9
50 76 1
89 149 1
150 210 2
34 88 2
74 148 4
15 138 3
220 236 1
4 141 11
79 146 3
28 142 2
132 241 5
49 148 4
162 202 5
10 163 2
112 256 1
80 226 2
56 70 1
197 232 2
48 256 4
82 260 7
146 146 20
112 255 2
141 158 7
82 193 1
216 231 1
112 193 4
163 255 1
119 239 1
119 232 1
193 237 4
71 89 6
137 151 11
146 236 10
33 116 1
50 228 5
148 151 3
80 138 9
134 236 1
40 227 1
164 232 9
93 158 1
102 239 1
50 232 2
28 79 1
165 186 1
142 194 1
50 114 13
42 140 15
7 237 24
45 97 8
95 163 2
40 148 1
107 255 4
49 249 3
116 162 8
143 249 23
145 237 8
132 152 10
6 50 1
209 226 2
226 238 2
87 91 2
25 229 5
48 130 2
140 235 3
50 155 2
89 233 5
25 113 6
80 144 1
72 76 5
170 181 4
24 233 3
47 169 2
131 231 1
75 249 9
138 197 8
160 197 1
228 229 1
75 230 46
7 263 5
61 179 3
179 237 13
254 262 1
224 224 4
23 132 1
97 246 5
249 261 27
106 228 4
87 157 2
180 258 1
140 160 1
102 198 1
74 249 6
166 249 14
82 138 14
164 171 2
93 148 4
116 182 1
43 232 2
62 91 6
17 155 5
10 170 3
159 262 2
42 50 10
42 185 2
49 50 3
10 78 1
144 151 3
45 233 35
79 195 1
8 166 1
90 138 50
88 249 20
142 179 4
76 85 2
195 222 1
232 238 3
50 188 2
82 246 2
4 263 11
74 186 7
92 107 3
93 239 2
43 152 15
37 138 7
41 90 8
80 87 1
140 255 4
132 227 4
200 238 11
48 169 1
97 170 5
4 237 6
42 170 8
119 254 1
137 145 10
125 141 11
82 148 3
113 226 9
41 193 4
186 248 3
42 243 4
145 191 1
87 181 4
51 148 1
148 239 10
168 169 4
232 263 10
50 149 1
48 69 4
227 231 1
50 247 1
78 78 1
10 122 1
215 215 6
52 181 13
107 226 11
144 239 10
24 48 16
50 196 2
152 246 8
64 166 1
146 260 8
50 223 2
50 144 11
144 238 5
148 237 19
133 133 5
93 230 4
12 158 15
186 256 1
1 43 10
93 114 1
166 211 4
10 158 2
97 261 4
3 247 1
75 247 5
42 168 12
50 160 1
93 140 4
92 202 1
45 261 18
37 162 3
96 248 1
116 161 11
25 261 7
36 87 1
82 232 4
50 51 1
93 233 4
132 243 19
181 197 1
191 205 3
94 169 4
145 170 12
98 132 10
83 132 9
80 231 1
79 225 2
56 186 2
47 234 2
50 213 1
167 205 1
92 173 1
234 256 1
69 74 4
41 261 3
114 239 15
144 232 15
145 202 2
24 246 16
41 170 10
66 170 21
66 237 9
19 124 2
7 170 12
52 236 2
88 177 4
209 229 30
65 237 21
79 157 3
70 196 1
45 132 7
142 232 5
25 77 3
145 151 3
65 65 7
33 155 2
132 245 1
89 256 2
50 87 20
54 226 1
89 155 3
19 90 2
33 228 8
10 229 1
12 87 8
66 233 6
152 236 10
74 194 4
164 244 11
69 140 16
237 261 21
162 232 18
10 116 1
88 247 2
45 162 30
40 107 1
39 86 2
136 143 1
13 33 31
152 263 7
162 244 16
97 113 2
28 249 1
132 212 7
75 231 19
12 249 13
88 141 74
33 217 2
65 181 6
233 260 2
50 226 2
195 246 2
145 233 8
79 82 10
88 234 37
33 88 21
55 140 1
125 256 2
107 220 1
76 142 2
102 162 1
92 175 2
151 229 32
140 165 3
132 254 5
63 75 2
152 234 5
91 227 1
41 137 11
151 233 12
129 241 2
209 249 9
164 222 1
4 7 1
65 144 12
148 226 5
65 225 5
52 65 17
40 186 4
88 151 8
129 226 7
107 129 2
65 137 14
65 140 21
146 170 6
97 161 5
83 142 1
223 260 8
132 242 4
75 232 8
45 237 29
75 125 2
8 74 1
168 223 2
170 243 8
140 181 9
9 135 6
209 239 29
14 225 2
140 180 1
82 173 3
7 234 5
97 237 4
50 243 5
88 226 6
164 193 5
65 186 15
123 165 3
146 233 10
37 66 2
146 256 1
145 255 3
160 186 4
142 226 10
112 233 1
19 74 6
132 191 23
87 116 3
138 158 22
112 226 4
33 45 11
194 218 1
140 193 8
1 233 4
162 193 5
76 86 3
97 231 10
26 132 8
113 145 4
49 196 1
161 208 4
66 143 3
88 90 15
209 261 17
200 239 7
95 246 1
130 161 2
56 193 2
162 166 44
42 232 2
238 243 14
61 65 4
7 186 4
10 100 1
107 189 2
152 163 12
62 100 1
65 141 12
138 226 23
52 88 7
170 215 1
12 88 6
247 250 1
7 261 6
137 202 1
33 140 29
33 48 5
161 232 11
239 243 10
87 166 9
116 129 1
42 229 9
41 107 9
152 186 12
69 148 2
238 249 28
151 164 23
45 65 24
164 196 2
129 151 2
129 192 2
41 249 5
87 226 13
25 232 10
74 258 1
148 236 12
107 167 2
33 43 5
45 249 14
137 244 7
28 138 5
65 229 12
168 170 1
69 168 2
134 137 1
70 186 6
125 140 20
158 238 28
140 247 2
82 107 1
25 55 3
112 230 4
119 132 4
130 193 1
39 233 1
66 113 8
34 113 1
69 132 8
133 161 2
236 254 1
41 141 22
13 70 1
26 33 2
32 138 2
141 260 6
211 263 11
236 242 1
70 70 1
88 223 1
131 138 4
41 87 9
128 137 2
158 159 1
90 258 1
146 239 6
45 45 4
96 132 3
100 125 63
33 189 2
193 233 2
75 158 6
3 132 1
228 263 4
194 262 3
137 260 9
42 81 1
12 246 16
132 194 5
185 259 6
116 164 6
152 230 5
4 262 8
33 181 15
159 263 3
77 140 2
56 162 3
192 226 1
93 170 7
25 170 6
65 261 8
1 13 15
47 132 3
77 82 1
40 52 25
186 217 4
137 215 1
170 180 1
152 159 1
161 244 14
14 163 5
202 229 4
114 232 11
181 210 1
107 193 2
132 185 4
148 216 1
61 71 4
174 220 2
98 98 1
40 232 1
125 238 11
62 162 1
43 66 2
12 79 1
25 163 2
97 158 3
11 97 1
9 75 1
168 262 6
144 227 1
226 263 15
113 166 6
209 237 19
141 168 5
24 209 3
48 197 1
97 186 4
4 75 7
12 107 3
4 158 7
42 237 12
248 254 1
37 232 1
124 145 1
79 260 2
52 261 9
55 237 2
142 224 5
209 219 1
114 142 7
17 97 10
98 229 5
3 140 1
22 108 1
55 170 1
194 263 8
169 169 2
97 262 5
161 243 2
107 166 17
236 256 3
65 125 8
16 196 1
52 68 5
141 152 3
145 260 2
101 205 1
48 49 1
141 255 3
131 161 8
82 226 6
113 151 9
148 209 18
76 209 3
93 229 3
25 49 14
145 246 1
86 223 1
82 161 6
132 149 7
226 262 8
48 235 3
142 211 9
66 68 5
75 113 13
113 244 3
145 231 1
101 142 2
51 184 1
39 140 2
93 237 3
25 137 10
125 142 15
70 75 1
167 234 1
209 262 14
97 177 8
82 181 1
226 261 4
132 200 5
13 227 1
66 209 9
116 168 5
87 249 38
43 158 22
121 218 3
77 170 1
74 79 7
181 225 3
51 75 1
79 151 10
26 233 1
12 166 5
55 90 1
7 137 8
33 224 3
129 140 5
55 231 2
101 121 1
158 229 11
95 233 6
26 76 3
40 161 10
70 260 4
37 92 1
223 258 1
40 234 6
121 192 5
60 74 3
1 263 3
41 158 1
33 203 1
107 223 5
33 49 8
51 235 3
37 249 1
41 246 14
65 210 2
159 216 1
45 151 2
79 205 1
41 127 5
174 213 1
40 125 5
140 152 20
18 229 1
17 87 4
135 229 2
65 76 5
183 261 1
33 125 7
35 155 5
33 227 2
13 152 3
52 164 6
25 48 1
100 145 6
13 25 9
136 236 5
125 224 3
36 230 1
211 262 6
181 229 3
50 125 13
140 213 6
242 263 2
125 143 13
124 179 1
12 234 1
24 231 8
33 106 3
25 88 8
161 222 1
13 244 5
140 215 3
11 72 1
43 223 2
166 224 2
168 244 2
129 197 1
126 141 2
4 42 4
238 261 11
145 164 7
155 193 1
7 236 7
52 233 18
68 191 1
33 226 1
52 229 3
89 89 10
10 249 1
19 38 2
7 75 6
181 209 1
52 140 12
49 65 9
95 196 10
130 137 3
69 159 4
225 231 2
52 230 8
145 261 1
95 129 2
134 205 3
168 241 2
56 209 3
66 186 5
74 91 1
169 261 1
4 125 10
74 86 1
45 93 3
260 261 1
24 159 1
85 181 3
92 95 5
75 148 5
79 177 1
33 107 20
130 130 8
116 142 32
74 170 10
237 247 2
48 51 1
197 197 4
101 164 6
29 132 5
78 247 2
92 143 1
107 116 5
166 223 5
198 233 2
219 230 1
45 75 2
68 222 2
41 233 8
52 246 15
138 173 6
116 159 3
43 244 29
97 100 1
42 69 13
66 255 1
113 228 2
24 125 3
90 187 1
14 228 2
181 257 2
29 137 1
133 148 1
1 24 2
223 263 4
49 170 8
166 194 3
162 191 1
66 231 19
165 178 2
232 246 4
130 170 3
16 130 1
93 107 6
141 198 1
87 121 2
34 148 2
33 100 11
132 207 2
134 134 4
88 242 1
137 190 1
249 256 3
42 68 5
28 28 1
67 138 1
151 200 1
36 97 1
7 88 6
66 114 7
166 247 4
42 91 1
224 249 10
125 166 4
138 253 3
188 190 2
50 209 6
33 72 3
47 243 2
66 181 4
138 207 4
66 107 16
65 106 3
138 248 1
100 209 13
131 132 13
13 41 5
48 220 3
138 228 3
143 256 1
39 137 2
138 193 3
33 50 2
70 142 2
213 236 1
49 237 1
138 171 5
78 132 1
62 138 7
83 95 2
33 112 1
26 138 5
158 224 4
65 166 1
17 186 4
132 174 2
93 138 26
82 160 5
4 195 1
17 162 2
14 68 2
107 119 2
43 209 9
146 231 4
89 100 2
66 234 4
112 170 7
161 179 3
116 169 4
49 164 3
155 170 2
101 171 1
80 223 2
75 211 6
161 197 1
86 238 2
52 234 13
107 180 2
22 26 6
92 229 1
68 130 4
68 127 3
196 205 4
125 243 1
125 145 2
75 169 3
196 209 1
161 198 1
48 248 1
70 100 1
33 216 1
66 249 9
10 48 1
70 87 1
65 256 3
82 263 1
115 132 1
200 200 2
89 174 1
35 236 1
248 250 2
119 127 1
52 249 2
61 210 1
12 148 2
169 186 1
179 236 2
37 48 1
145 263 10
20 141 1
10 79 1
170 258 2
24 186 13
52 106 1
25 65 12
152 200 1
90 151 11
129 141 5
33 36 1
45 163 7
118 229 1
10 161 2
7 231 3
65 224 6
217 231 1
62 181 1
140 178 1
66 79 9
89 190 2
14 186 3
119 244 4
49 97 17
162 252 2
48 83 2
224 236 15
145 262 5
74 167 4
173 228 1
40 66 6
70 219 1
10 68 13
12 232 2
107 256 4
123 123 1
4 13 14
126 262 1
69 126 1
66 112 1
93 100 5
28 262 1
58 132 1
93 161 3
33 249 4
143 226 1
93 116 3
40 134 1
170 213 2
100 114 37
61 76 17
33 113 5
75 159 5
53 121 1
47 60 1
47 126 3
87 145 4
51 208 3
97 225 11
224 242 1
180 205 1
34 162 1
13 256 1
33 186 18
42 233 5
138 208 4
132 259 6
135 244 1
13 181 1
7 164 4
45 225 5
80 234 2
26 231 3
65 68 6
116 261 2
13 192 4
48 56 2
62 190 1
163 208 1
93 234 2
55 132 6
25 158 1
130 134 2
94 210 1
174 239 2
56 125 1
50 113 21
52 125 2
28 42 2
130 232 1
76 231 4
47 213 5
61 89 6
3 212 4
134 166 1
174 263 6
15 215 3
17 48 2
132 250 2
26 107 1
24 229 5
65 249 5
4 25 4
125 263 12
186 247 3
127 144 1
119 138 1
76 124 1
138 242 4
45 238 7
42 161 16
76 188 2
189 231 2
71 138 1
10 143 2
91 256 1
94 161 1
107 244 10
97 249 1
21 75 1
65 142 2
112 146 4
142 158 28
79 106 1
234 255 1
97 226 1
69 152 5
39 70 2
20 231 1
12 90 1
33 142 4
78 162 1
25 263 3
23 100 1
247 263 2
179 233 4
48 200 7
129 233 3
233 247 2
88 238 12
40 113 2
66 239 3
129 175 1
42 113 2
52 189 2
166 167 1
40 162 5
75 168 11
41 88 5
160 170 2
90 145 3
88 244 2
4 33 6
41 209 4
40 42 1
66 261 9
87 97 11
40 189 3
209 238 3
151 261 4
40 229 4
33 261 15
24 223 2
42 129 2
16 236 1
148 228 3
169 208 1
33 223 2
47 159 7
97 112 3
130 216 4
79 256 7
169 247 1
168 232 4
33 55 1
181 211 2
144 256 4
29 210 2
126 132 3
42 246 4
243 261 2
76 222 6
42 226 1
25 45 11
243 246 3
8 262 1
12 262 4
106 181 4
42 142 8
75 95 6
33 68 10
41 231 2
118 140 2
49 189 4
74 114 2
74 261 4
88 91 1
40 163 3
91 137 1
179 260 6
25 236 2
237 259 1
69 170 6
25 87 7
95 219 1
181 230 1
24 234 4
13 188 1
97 233 5
97 164 2
113 179 1
34 66 1
74 231 2
143 232 3
89 231 7
76 155 2
102 143 1
138 189 5
85 188 7
107 181 14
132 169 4
157 196 4
101 238 4
69 142 1
49 157 3
88 260 2
52 75 3
13 226 2
52 188 1
129 254 1
113 195 1
162 228 4
143 144 4
54 90 2
171 236 1
10 140 2
78 238 1
91 225 1
40 54 4
121 138 4
152 216 1
47 75 3
49 140 3
69 263 7
112 114 2
82 137 2
79 145 6
157 237 1
68 208 1
211 255 3
74 149 1
34 132 2
42 211 1
100 242 1
17 188 5
56 90 1
47 242 1
151 232 3
69 78 2
43 93 1
42 100 6
168 263 5
220 238 3
186 200 1
65 263 9
48 55 1
191 201 1
25 186 4
73 140 1
177 249 1
114 256 3
22 237 1
55 222 1
79 255 5
37 148 1
32 48 3
79 112 2
48 150 1
71 161 1
39 150 2
50 145 5
163 179 2
51 141 1
98 234 1
170 256 4
83 129 1
98 142 1
131 233 1
163 260 7
92 130 2
196 215 1
66 66 5
193 263 1
186 196 2
137 188 2
132 178 5
52 209 3
69 136 2
39 170 3
147 147 2
24 87 6
76 90 1
74 131 3
123 138 1
148 244 1
61 231 7
89 165 15
127 162 1
237 260 1
112 142 4
112 145 7
68 196 1
13 24 3
168 230 1
135 192 1
22 87 1
211 239 7
77 209 1
76 258 2
75 216 1
13 165 1
17 35 8
80 230 1
48 216 4
86 258 1
86 95 1
74 185 1
78 167 1
144 188 2
109 138 1
246 256 8
147 185 1
61 100 3
224 232 5
82 171 1
61 97 4
22 183 1
227 228 1
113 255 2
95 260 3
22 236 1
13 14 1
35 35 2
41 229 7
50 93 1
80 80 4
39 210 3
145 161 4
194 194 4
76 148 1
131 157 1
228 234 1
41 167 1
42 88 6
56 100 1
49 231 4
3 74 1
47 162 1
14 141 1
78 186 1
34 233 2
112 140 2
162 216 1
106 189 2
33 232 2
126 174 1
79 135 1
127 137 1
28 182 1
166 235 2
49 256 1
137 216 1
55 88 1
130 139 4
97 229 2
126 237 1
94 229 1
72 170 3
38 162 2
56 261 1
75 260 1
131 230 1
14 91 2
200 244 1
132 192 5
66 140 3
81 259 1
211 238 6
39 155 5
233 244 11
163 223 2
171 181 1
40 88 2
95 205 2
107 112 1
231 260 2
18 182 1
83 145 1
135 164 1
159 167 3
10 262 1
170 196 3
164 260 2
88 145 1
32 183 1
25 144 2
97 263 3
42 145 1
69 226 1
82 237 3
61 254 1
126 166 1
88 144 6
235 238 3
132 190 2
133 145 1
164 189 1
65 113 6
69 243 2
142 202 2
181 236 4
9 143 1
165 224 1
102 160 1
129 224 1
25 164 1
7 100 4
229 248 3
140 243 4
4 17 2
193 202 2
228 236 2
108 238 1
28 230 1
138 241 1
170 223 4
4 48 6
25 89 4
117 138 1
137 173 1
78 145 1
224 239 2
65 90 3
66 224 2
192 196 1
4 228 1
136 151 1
83 173 2
127 231 2
79 243 3
24 137 9
186 193 2
112 179 1
186 243 3
70 82 1
56 173 1
9 98 1
143 200 4
15 224 1
7 74 5
193 205 1
127 164 1
165 236 1
71 225 1
75 242 1
230 255 2
17 249 1
173 196 1
179 234 3
14 181 2
100 260 5
82 124 2
231 253 1
167 196 2
65 85 2
55 215 1
146 173 1
175 216 2
112 164 2
14 35 6
32 143 1
21 21 7
80 140 1
52 141 4
40 170 6
43 148 5
113 116 6
181 263 2
49 90 2
20 132 1
56 230 1
45 195 1
148 238 2
75 90 9
162 195 1
97 125 1
148 189 3
42 234 2
50 220 2
236 247 5
13 127 1
100 127 1
167 193 1
20 151 1
189 233 2
243 262 3
92 144 1
116 211 2
68 82 2
73 233 1
129 196 4
114 134 1
143 247 1
93 226 2
128 229 2
137 198 1
47 100 2
94 231 2
93 232 2
40 79 2
140 168 6
20 48 3
20 244 1
52 79 1
79 102 1
68 94 1
42 114 2
25 68 4
53 82 1
134 261 1
100 198 1
48 92 1
49 161 5
36 234 2
223 243 2
56 170 1
20 138 2
184 247 1
91 102 1
36 42 1
87 256 2
6 6 1
17 170 4
48 247 2
162 259 1
35 177 4
138 183 2
130 205 6
75 167 1
14 137 1
38 189 1
45 255 1
173 229 1
48 254 1
210 237 2
114 166 6
68 146 1
107 260 4
7 28 1
42 79 1
79 116 1
232 239 3
188 188 6
82 162 2
4 112 2
21 82 1
229 256 1
48 61 5
74 169 3
107 225 2
97 189 4
15 263 1
132 159 1
62 205 1
7 238 1
100 232 6
65 226 2
28 130 3
52 90 7
61 219 5
86 205 2
79 127 1
68 159 1
198 226 3
138 225 4
47 186 1
116 167 1
24 93 1
179 211 1
70 179 3
79 180 1
42 130 1
127 229 2
107 145 6
112 162 2
163 188 1
78 159 3
67 88 1
56 246 2
67 132 4
82 101 1
66 100 3
22 107 1
149 181 2
49 68 3
228 262 2
151 243 2
13 95 1
78 151 1
138 160 1
89 140 5
1 223 1
95 236 2
116 229 2
7 90 3
51 87 2
68 69 2
181 224 2
108 132 3
35 117 1
82 196 7
37 229 1
25 246 4
148 243 1
167 218 1
17 113 1
114 260 1
68 119 1
67 140 1
92 142 2
13 82 1
82 229 2
28 68 1
241 250 2
228 238 2
100 116 4
141 159 1
75 223 2
100 220 1
53 163 1
162 182 2
49 88 1
74 242 2
140 257 1
113 168 1
145 229 16
66 177 2
80 193 1
74 90 4
75 177 5
48 181 4
68 216 2
114 123 1
51 132 1
56 142 1
100 129 2
61 141 1
81 238 1
112 148 3
164 242 1
142 146 3
52 107 6
56 82 3
56 126 1
158 228 1
92 146 1
113 127 2
65 189 10
25 125 3
215 226 1
66 232 2
46 132 2
37 63 5
85 155 1
14 233 1
137 155 2
76 76 9
66 87 10
108 108 2
12 137 1
25 234 5
50 177 1
217 236 1
25 141 1
79 166 4
69 94 5
213 242 1
212 248 4
162 181 4
53 173 1
53 53 1
137 165 4
52 255 1
168 209 1
55 233 1
142 152 6
33 151 1
169 238 1
69 75 4
113 160 1
88 255 1
1 255 1
97 197 1
126 239 1
235 237 1
16 138 2
140 259 2
210 241 1
33 54 8
92 230 1
7 246 2
186 235 2
66 225 1
21 236 1
188 222 4
40 209 5
108 237 1
224 255 1
100 152 3
4 65 2
88 116 1
243 243 8
260 263 1
25 193 1
185 212 1
145 238 2
116 263 6
17 90 1
15 234 1
4 143 3
125 229 11
97 222 2
49 61 4
48 153 1
74 173 2
53 179 1
147 226 4
76 140 6
75 155 2
151 158 6
78 216 1
125 152 1
119 183 1
106 230 2
151 247 1
162 215 4
32 163 1
136 200 1
146 230 5
76 234 2
28 234 3
228 261 2
170 228 2
63 137 2
21 234 1
66 152 1
25 228 6
84 118 1
26 164 1
68 152 2
138 177 2
196 230 1
68 247 1
146 164 4
92 192 5
88 96 1
12 24 7
80 130 2
25 161 5
138 219 3
60 136 1
76 91 3
116 234 1
127 220 4
127 153 2
127 127 4
152 170 1
145 239 1
40 211 1
161 216 1
69 107 2
167 248 3
56 164 2
90 121 1
90 260 1
45 74 2
215 263 1
66 142 1
24 168 2
124 235 1
37 234 2
163 242 2
39 90 3
26 163 1
43 200 2
75 86 1
138 210 3
157 205 1
174 238 3
42 87 1
196 260 2
127 236 1
13 189 1
42 235 6
186 220 1
80 137 2
40 140 8
50 127 4
42 213 5
18 53 1
158 263 4
25 211 1
74 183 1
81 100 1
145 256 1
166 212 1
166 220 3
178 227 1
174 249 1
244 254 1
121 197 3
129 261 2
26 68 1
164 255 2
72 90 2
208 246 1
79 228 2
157 161 2
124 124 3
20 213 1
235 236 3
26 227 1
74 127 1
89 92 1
127 238 3
216 237 1
161 178 1
12 113 6
77 246 1
72 231 9
100 160 1
49 79 1
25 39 2
84 170 1
33 62 1
45 244 3
25 222 3
80 189 1
132 167 3
129 179 3
81 138 3
140 192 1
25 150 1
79 244 6
212 249 1
170 203 1
10 243 1
14 156 1
7 211 2
65 112 2
80 237 1
225 255 1
97 190 2
34 65 6
12 132 2
193 223 6
48 52 2
28 163 2
121 134 1
90 146 1
238 247 3
226 227 1
164 165 1
121 175 1
91 170 1
112 141 1
34 209 1
129 237 4
138 254 4
13 123 2
78 242 1
87 112 1
65 217 1
151 194 5
15 95 1
95 122 3
165 210 4
34 237 2
15 75 1
10 130 10
10 134 2
51 137 1
212 231 1
70 135 1
220 237 2
121 234 1
67 155 2
61 165 4
140 182 8
116 262 3
53 233 1
37 179 1
140 256 1
116 126 1
66 229 4
33 148 4
12 142 2
37 164 1
144 228 2
37 186 1
25 257 2
140 210 1
124 163 1
192 192 2
17 43 1
130 233 2
35 68 1
145 148 2
238 260 3
159 244 3
42 52 1
178 249 1
137 222 1
37 100 1
75 243 4
66 137 3
34 79 3
75 218 2
12 116 1
164 257 1
174 208 1
229 235 2
220 239 5
255 261 1
215 227 1
41 174 3
143 242 1
125 150 1
158 241 1
45 166 2
18 162 1
13 66 6
114 181 2
68 189 1
69 186 2
39 39 4
40 164 1
108 138 1
75 91 1
82 97 2
8 132 1
11 164 1
95 145 2
42 72 1
1 237 10
33 205 1
123 141 1
143 209 2
89 170 3
49 188 2
1 229 6
34 107 2
195 237 3
138 235 2
132 214 1
210 230 1
41 114 2
203 203 2
56 234 2
136 182 2
65 247 2
28 93 1
79 95 1
92 258 1
9 73 2
171 242 1
77 226 1
72 155 1
33 222 3
33 188 2
186 250 1
185 263 3
49 222 3
42 107 2
107 121 1
60 132 2
107 168 1
82 121 1
24 260 1
17 144 1
136 183 2
66 125 2
140 220 2
112 161 1
25 195 2
42 231 6
92 112 1
43 65 2
93 166 2
48 76 1
40 90 7
69 100 1
195 261 4
16 16 1
37 61 3
62 188 5
49 49 4
55 130 1
39 91 4
127 151 4
19 125 2
138 167 4
202 237 1
28 170 2
17 179 1
88 122 1
116 125 1
33 255 2
95 258 1
186 228 4
33 90 7
45 252 1
205 219 4
197 230 1
146 149 1
35 126 4
138 245 1
168 233 2
43 242 1
51 213 1
126 163 1
45 68 5
48 98 2
163 216 1
168 179 9
48 67 1
208 230 2
89 232 1
143 169 2
75 193 3
14 211 1
129 246 1
136 153 1
47 239 1
138 192 3
1 88 1
161 255 2
45 177 1
63 141 1
257 261 1
47 48 1
210 222 2
29 141 1
42 209 5
130 263 2
223 244 2
241 244 2
161 193 2
126 233 3
116 233 6
107 216 1
164 223 2
138 157 5
28 136 1
100 248 1
69 116 4
60 113 1
74 147 2
47 83 1
147 236 1
12 211 2
174 247 1
36 223 1
129 159 1
34 87 2
10 137 2
112 125 2
133 162 1
138 185 2
193 236 2
101 132 4
198 198 5
36 36 1
87 188 3
28 76 1
28 186 2
92 163 1
256 262 3
165 165 3
65 158 4
225 229 1
140 200 1
90 193 2
123 222 1
165 230 2
13 146 2
124 137 1
48 242 2
238 242 2
3 138 2
101 203 1
10 98 1
216 229 1
166 232 1
25 66 5
168 231 1
20 200 1
92 113 1
56 69 1
6 132 2
51 119 1
93 211 1
211 256 1
66 262 3
47 142 1
155 233 1
10 231 1
48 168 2
134 135 1
28 134 2
76 167 2
7 209 3
107 243 1
38 191 2
13 34 2
202 226 2
134 141 2
108 165 1
100 188 3
65 98 1
40 236 1
1 141 5
4 200 2
61 113 2
87 183 1
180 180 1
127 140 2
4 140 8
211 228 1
200 236 1
169 244 1
159 161 1
61 88 1
129 232 4
32 100 1
141 225 2
112 263 1
130 146 1
141 242 1
87 195 3
230 247 1
161 235 2
257 257 1
161 195 1
25 90 2
69 233 1
147 152 1
80 179 2
209 256 1
40 68 2
12 125 3
41 159 2
31 237 1
82 179 2
130 162 1
68 98 1
69 248 1
211 224 10
11 152 1
35 246 4
7 239 3
95 141 1
107 195 1
18 203 1
39 165 6
76 229 1
49 113 4
13 154 1
222 222 2
14 148 1
213 213 4
33 91 1
51 107 1
162 260 5
90 112 1
140 147 2
92 121 2
123 231 1
164 228 1
38 160 1
38 130 4
44 132 1
17 137 2
200 237 2
196 226 5
93 164 3
197 219 1
93 145 3
79 130 2
158 181 3
64 101 3
82 236 2
124 216 1
48 217 1
100 157 3
128 220 1
70 113 2
41 223 3
13 255 3
112 229 1
10 148 1
90 129 1
224 226 1
226 252 1
234 244 3
152 262 2
258 263 1
127 136 2
198 237 6
39 61 3
164 217 1
95 135 6
45 226 2
138 194 2
139 196 5
89 236 1
48 195 3
193 260 5
179 230 1
33 225 3
76 137 3
1 146 1
43 168 2
55 165 1
133 186 1
24 169 1
107 152 1
141 228 2
200 224 1
52 138 6
124 233 1
181 190 2
32 74 2
250 254 1
5 5 1
13 42 2
49 234 1
100 130 1
212 237 1
121 171 4
124 180 1
222 227 1
65 211 5
26 85 1
25 209 4
223 239 2
47 137 2
126 244 1
94 238 2
37 146 1
68 80 1
189 195 1
181 195 2
136 142 1
102 138 1
26 179 1
92 148 2
63 87 1
225 261 2
62 97 4
74 182 1
17 70 3
56 107 1
163 169 1
93 151 1
134 196 1
186 215 1
90 256 5
68 228 1
78 147 1
113 220 3
116 158 4
75 93 4
208 237 1
42 158 3
49 209 1
39 195 1
69 244 2
231 255 1
188 227 2
163 217 2
17 256 3
36 100 1
17 189 2
197 216 3
40 50 2
129 218 8
95 100 1
216 228 1
157 236 1
4 142 2
147 163 1
20 127 1
24 243 2
225 225 3
93 121 1
39 65 3
33 74 1
212 229 1
93 186 1
31 236 1
129 236 5
164 173 1
41 51 1
48 255 4
62 107 1
119 259 1
233 254 1
51 244 1
37 107 2
132 221 2
25 190 1
56 236 1
65 72 3
61 161 2
64 64 1
82 142 1
93 261 1
17 226 1
138 153 1
48 70 3
49 163 1
70 226 2
70 171 1
72 138 5
127 247 1
167 219 1
106 237 1
48 167 3
128 151 2
22 262 1
177 239 1
202 230 1
100 179 2
21 228 1
165 222 2
158 188 2
166 243 5
127 158 1
82 228 1
137 228 6
60 169 1
147 174 1
42 127 2
89 133 1
48 179 2
61 262 1
11 188 1
25 255 1
28 244 3
80 188 1
40 133 1
130 219 7
60 177 1
94 239 2
83 158 1
138 175 1
89 162 1
93 243 1
18 145 1
91 234 1
130 260 1
3 4 1
75 215 1
61 225 5
157 226 1
163 181 2
36 137 2
52 227 1
37 230 1
37 205 1
188 249 1
65 165 1
232 236 4
41 146 2
123 133 2
80 146 1
198 249 1
74 145 1
70 137 3
83 223 3
148 188 2
142 243 2
100 197 1
78 136 1
50 251 1
89 249 2
19 70 1
166 174 1
50 118 1
252 262 1
45 152 1
89 111 1
61 222 4
93 249 3
18 238 1
181 232 1
24 148 1
48 227 1
43 256 1
50 56 1
161 228 1
182 230 5
23 44 2
211 244 1
42 62 1
97 255 2
75 78 7
25 42 1
65 239 1
120 238 1
232 262 2
127 142 3
74 224 1
68 260 1
165 188 2
232 260 1
67 231 1
14 55 4
7 69 1
116 232 2
89 247 1
79 198 1
33 123 1
94 159 1
69 164 1
69 79 1
152 211 2
17 55 1
168 238 3
242 248 4
243 249 1
70 235 1
100 178 1
131 141 1
130 186 3
20 142 1
238 254 1
4 116 2
89 148 1
97 256 2
116 183 2
80 113 4
36 61 2
114 227 1
143 179 1
45 165 2
50 245 1
48 146 4
50 65 1
100 136 1
152 247 1
1 140 2
50 176 1
43 127 1
208 242 3
128 244 2
56 224 1
80 114 2
18 142 2
97 230 2
3 186 1
47 212 3
169 231 2
49 125 1
32 242 2
242 259 3
50 95 1
73 138 2
50 248 2
19 50 1
95 237 2
50 146 1
24 65 1
132 176 1
143 202 1
82 223 2
61 181 2
112 163 3
129 256 1
37 188 2
75 194 2
41 250 1
21 229 1
132 235 2
25 146 1
42 224 1
258 258 2
147 263 3
90 102 1
68 182 1
52 54 1
101 131 2
75 190 1
82 191 2
61 133 1
13 112 2
106 141 2
68 128 1
157 229 2
138 147 1
48 198 1
7 95 1
194 234 1
193 232 1
82 114 1
203 226 1
90 202 1
10 218 1
205 218 4
22 170 2
141 213 2
56 144 1
236 260 2
223 241 1
62 236 1
93 231 2
70 164 1
25 181 10
157 249 1
92 237 1
121 262 1
48 210 1
40 195 3
95 191 1
36 148 1
51 51 1
182 242 2
22 40 1
88 97 1
125 185 2
48 94 1
92 171 1
10 169 1
4 238 2
68 139 1
226 243 1
1 95 1
10 43 1
113 174 1
74 181 2
16 175 1
188 250 1
54 231 1
74 94 1
138 174 2
33 244 1
244 261 3
10 165 1
132 248 1
181 222 2
49 141 1
129 252 1
26 178 1
200 230 1
119 168 1
106 108 1
117 201 1
114 151 2
140 179 3
33 76 4
130 191 3
126 246 1
127 232 1
52 76 2
125 168 1
144 243 1
45 89 1
174 241 1
22 229 1
144 146 1
182 182 1
170 193 2
100 196 1
208 243 5
200 229 1
40 228 1
82 139 3
170 220 1
19 138 1
47 200 3
90 182 1
11 14 2
140 174 4
122 196 1
175 231 1
55 91 4
60 185 1
13 49 2
48 139 1
10 236 1
48 134 1
18 164 1
29 37 1
82 164 3
26 95 1
136 159 2
222 261 1
55 161 3
25 50 2
49 229 1
32 132 2
239 255 2
179 239 2
33 149 1
125 181 1
194 239 1
7 258 1
76 141 1
210 210 5
71 233 2
140 177 2
231 243 1
14 88 1
97 181 3
122 131 3
42 60 1
55 148 1
134 220 2
43 78 1
87 93 1
67 228 1
192 236 1
65 74 2
75 121 1
35 108 1
20 81 1
162 250 1
168 186 2
62 89 4
37 125 1
90 131 1
34 97 4
56 68 1
138 217 2
1 224 1
134 170 2
74 179 1
146 197 1
223 236 3
145 209 2
71 107 2
40 45 2
24 88 1
72 196 1
56 233 1
77 87 1
42 205 3
20 174 1
106 163 1
79 208 1
47 224 1
74 213 5
13 190 2
173 238 1
76 232 1
136 208 1
25 61 14
106 262 1
52 163 2
118 231 1
65 238 4
54 228 1
188 209 1
160 217 2
137 157 1
250 259 1
221 237 1
48 193 2
125 189 1
135 137 1
130 231 1
80 196 1
1 144 1
48 81 1
185 193 1
52 256 2
63 144 1
182 212 1
107 120 1
200 231 2
114 255 1
79 159 2
13 89 1
120 166 1
11 25 1
142 196 1
66 196 1
157 162 1
57 90 1
130 135 1
95 230 2
41 93 1
142 149 1
81 185 2
17 77 1
51 161 1
138 139 2
136 141 1
74 126 1
39 138 3
10 82 1
100 219 2
178 230 1
127 185 1
4 41 2
85 89 3
92 135 1
1 137 2
141 196 2
10 215 4
1 113 1
24 261 2
35 237 1
237 243 1
136 216 1
49 75 1
25 262 2
68 93 1
76 95 1
25 188 4
123 261 1
135 148 1
94 132 2
116 153 1
195 210 1
164 225 2
163 200 1
101 135 1
17 17 2
49 263 1
14 29 2
209 255 1
217 233 1
202 223 1
112 262 1
85 189 1
136 242 1
118 209 1
208 236 1
51 163 1
11 228 1
36 262 1
39 95 2
16 140 1
140 155 1
33 143 1
87 129 1
119 246 1
122 179 1
52 228 1
129 144 2
10 196 1
131 139 1
225 233 2
129 130 1
195 209 1
90 210 2
74 88 1
49 162 4
130 151 1
35 89 7
157 164 2
146 152 2
116 213 1
61 162 1
69 239 1
138 165 2
125 167 1
37 140 2
164 219 1
181 188 3
18 200 1
157 160 1
209 223 1
166 218 1
49 186 1
83 260 1
90 243 1
55 89 2
130 142 1
109 132 1
72 222 1
7 53 1
162 258 1
10 197 4
82 95 3
34 52 1
37 228 1
21 138 1
40 166 1
137 195 1
1 262 1
95 255 1
193 229 3
12 141 1
17 263 1
48 175 1
91 162 1
52 232 1
86 89 3
131 196 1
56 129 1
48 60 1
65 163 3
78 243 1
78 231 1
48 89 2
10 239 1
13 157 1
49 87 4
209 211 6
169 216 1
35 232 2
27 138 1
42 169 1
209 215 1
77 225 6
49 233 5
83 107 1
60 231 1
162 256 2
13 93 1
20 239 1
200 263 1
130 237 2
70 161 1
7 63 1
75 241 1
153 243 1
107 194 1
4 239 1
182 213 2
42 146 1
215 237 1
69 247 1
100 192 1
90 247 2
80 170 3
95 220 1
52 143 2
210 246 1
4 227 1
162 196 1
237 248 3
7 112 1
89 230 1
36 186 2
37 236 1
241 241 1
7 92 1
89 186 1
48 91 1
165 223 1
7 113 3
43 145 1
49 211 1
13 116 1
228 260 1
95 162 2
50 82 1
237 255 1
37 225 7
10 145 1
129 191 1
83 193 1
148 245 1
100 135 1
70 112 1
95 186 3
7 80 1
16 237 1
52 97 1
100 251 1
95 244 1
10 71 1
4 260 1
151 226 1
161 202 1
14 261 1
92 170 1
50 179 4
69 238 2
7 65 1
74 209 1
174 229 2
119 142 1
71 155 2
33 243 1
48 223 2
82 141 1
36 48 1
142 260 1
70 239 1
7 49 2
228 228 3
85 107 2
181 239 1
170 241 1
60 262 1
171 263 4
41 78 1
85 137 1
28 107 1
3 28 1
164 215 2
255 262 2
79 129 3
100 102 1
69 165 1
79 152 2
28 233 2
83 234 1
196 231 1
235 263 3
82 90 1
154 181 1
48 66 1
61 195 1
123 234 1
137 217 2
18 70 1
209 247 1
41 148 1
36 50 1
79 188 1
11 88 1
188 195 1
28 140 1
159 249 1
88 93 1
43 196 1
45 260 1
138 200 1
40 142 1
62 140 1
37 158 1
198 232 1
93 135 1
107 146 1
49 143 1
89 163 1
48 182 1
195 233 1
59 65 1
92 243 1
82 146 1
142 168 1
117 230 1
68 255 3
61 257 2
82 170 2
25 224 2
36 80 1
69 213 2
33 85 3
43 241 1
13 145 1
26 239 1
230 260 2
143 194 1
179 224 1
43 179 1
77 89 1
123 155 3
112 260 1
135 152 1
20 229 1
123 185 1
41 257 1
141 157 1
80 249 1
82 92 1
82 205 1
75 208 1
17 72 2
118 132 2
49 166 1
136 243 1
43 146 1
161 188 1
70 141 1
73 186 1
17 235 1
140 198 3
68 129 1
223 231 1
69 88 1
39 63 1
129 143 1
134 260 1
10 113 1
93 125 1
11 132 3
100 139 1
1 216 1
202 202 1
127 152 1
126 126 1
40 144 1
152 224 1
160 226 1
55 162 2
68 177 1
125 179 1
100 256 1
139 205 1
9 218 1
27 132 1
148 159 1
166 216 1
208 238 3
132 154 1
106 113 1
75 135 1
9 205 1
75 189 1
146 219 1
162 168 1
65 116 1
21 142 1
129 239 1
164 243 1
79 93 1
14 203 3
16 218 2
226 239 1
24 249 2
227 234 1
111 228 1
174 230 1
119 166 3
39 76 5
90 157 2
3 236 1
108 219 1
29 170 1
38 63 1
205 215 2
230 242 1
74 123 1
69 174 2
141 200 1
43 121 1
55 72 1
72 246 1
179 263 1
147 241 1
153 169 1
94 174 2
14 42 1
34 186 2
12 209 2
66 93 1
211 226 1
97 209 3
132 156 1
167 169 1
95 130 1
8 168 1
230 256 1
123 140 2
65 179 2
8 140 1
177 225 4
97 106 1
215 234 1
210 231 1
29 108 1
108 150 2
10 233 2
170 222 1
76 181 3
41 113 2
144 185 1
65 129 3
100 216 1
18 137 1
124 198 2
87 252 1
100 215 1
170 188 1
189 190 1
222 234 1
152 231 1
167 235 1
167 208 1
10 164 1
52 61 1
135 205 2
38 226 1
191 226 1
88 115 1
39 134 1
17 63 4
106 138 1
66 130 1
95 229 1
19 205 2
185 233 1
94 260 1
60 223 1
40 49 1
25 112 1
71 141 1
76 149 1
40 61 1
79 165 1
145 224 1
121 131 1
222 231 1
162 255 2
140 149 2
162 243 1
177 259 1
80 151 2
34 256 1
130 209 1
128 233 1
73 92 3
140 250 1
68 112 1
22 22 2
54 138 3
128 141 1
169 200 1
37 97 2
142 173 1
95 231 1
14 177 1
35 125 1
95 197 2
119 152 1
14 238 1
163 228 1
131 191 2
134 255 1
163 189 1
166 191 1
60 168 1
68 225 2
179 192 2
167 223 1
16 131 1
203 219 1
137 210 1
68 198 1
127 225 3
61 87 4
67 186 1
140 194 2
123 137 1
192 233 2
122 136 1
100 112 1
235 241 1
95 121 2
17 61 6
131 218 1
58 138 1
39 100 1
13 257 1
36 239 1
132 183 1
80 232 2
93 137 1
217 256 1
26 225 2
57 138 1
35 261 1
28 191 1
106 106 1
68 134 3
142 193 1
88 92 1
75 131 1
33 247 1
130 262 2
68 248 1
49 66 1
97 236 2
35 231 10
33 89 2
33 146 1
222 239 1
90 188 5
41 225 3
151 174 2
139 218 2
9 138 1
208 244 1
14 150 1
148 166 1
168 261 1
49 62 1
41 202 2
54 246 1
37 238 1
194 236 2
7 130 3
164 197 2
116 193 2
101 137 1
100 223 1
196 234 1
47 116 1
82 218 1
167 233 1
142 159 1
17 40 1
191 234 1
213 231 1
167 244 2
13 134 1
12 108 1
33 67 1
81 242 4
88 89 1
66 256 1
4 167 1
51 69 2
41 181 1
242 247 1
72 72 6
66 145 1
4 145 1
49 228 2
14 83 1
42 45 2
20 94 2
56 161 1
28 145 3
17 163 2
8 138 1
182 198 2
67 67 1
134 142 1
256 263 1
130 140 1
142 248 1
69 234 1
197 236 1
141 258 1
14 89 1
215 250 1
13 260 1
220 263 1
163 252 1
14 164 1
64 74 1
142 217 1
9 19 1
193 239 1
196 196 1
142 225 1
153 153 1
119 229 1
28 48 2
195 220 1
64 138 1
88 108 1
155 161 1
28 100 1
48 80 1
116 120 1
4 74 1
208 235 3
188 234 2
49 114 1
140 217 1
180 196 2
61 142 1
100 168 1
35 87 5
134 218 1
63 191 1
75 220 1
37 113 1
134 240 1
217 229 1
140 195 1
168 229 1
90 177 1
209 228 1
100 202 1
35 183 1
130 218 11
18 48 1
40 145 1
34 226 1
7 175 1
144 195 1
49 177 3
54 261 1
86 117 1
151 191 1
78 164 1
95 216 1
74 113 1
45 181 1
126 168 2
71 201 1
200 220 1
32 126 1
116 174 3
248 263 1
19 64 1
163 256 1
151 216 1
121 135 1
139 215 1
112 143 1
33 77 1
45 215 1
75 147 1
35 144 1
65 227 1
167 167 2
235 243 2
116 134 1
233 250 3
65 255 1
10 193 3
49 257 1
76 165 3
82 130 2
17 197 1
43 224 1
79 124 4
71 137 1
95 139 3
242 242 3
248 248 1
34 239 1
60 60 1
200 250 2
92 129 2
164 168 1
170 219 1
43 194 1
25 226 1
61 90 3
34 163 1
52 100 1
5 140 1
148 258 1
90 213 1
33 42 1
112 234 1
22 161 1
25 43 3
54 87 1
47 69 2
1 4 1
64 258 1
14 76 2
36 231 2
228 231 1
40 249 1
33 177 4
90 185 1
167 237 1
28 144 1
1 181 1
43 130 1
121 129 1
164 195 1
35 49 5
167 168 2
74 260 1
68 215 1
113 152 2
136 232 4
9 121 1
35 61 10
182 238 1
117 130 7
81 215 1
39 124 1
35 74 1
20 131 1
165 226 1
25 225 2
136 228 1
10 86 1
25 72 2
129 194 1
101 122 1
39 234 4
67 170 2
39 181 3
170 195 1
21 210 5
85 129 11
73 218 1
71 255 2
35 65 2
133 165 6
107 139 1
49 89 3
95 262 1
26 35 1
42 250 5
242 244 1
215 228 2
165 170 6
42 242 1
188 246 4
150 165 1
61 205 1
90 136 1
139 257 1
26 26 5
160 192 1
151 212 1
106 195 1
25 71 3
69 235 1
29 244 1
80 225 2
63 97 1
75 129 7
76 236 2
177 181 4
173 197 1
22 137 1
75 256 1
76 216 1
55 155 1
89 195 1
10 121 2
65 133 1
82 102 1
185 248 2
131 140 1
49 107 1
225 239 1
33 61 10
91 181 2
102 181 1
49 205 1
34 77 1
168 237 1
71 71 2
85 85 1
39 85 6
86 91 9
59 147 1
91 123 1
21 178 1
135 141 1
130 258 2
123 143 1
76 164 3
78 166 1
25 69 1
74 195 2
62 165 1
177 177 1
21 100 1
36 192 3
35 97 3
124 165 1
61 216 1
55 234 1
212 212 6
225 237 4
61 177 5
39 72 8
140 216 3
137 167 3
171 171 4
130 179 1
91 210 1
108 123 2
35 72 4
80 157 1
16 28 1
252 260 1
26 222 1
159 254 1
147 247 2
10 205 1
91 149 1
168 185 1
198 225 1
37 39 1
50 157 1
60 235 1
89 131 1
106 188 7
73 237 1
39 227 2
89 210 1
47 183 2
60 152 1
17 259 3
39 216 8
10 39 1
35 39 6
42 131 1
49 167 1
81 250 3
174 250 1
35 222 3
17 177 5
17 80 2
177 188 6
25 98 1
26 123 2
17 76 6
25 177 7
61 130 6
86 215 1
17 222 2
77 189 1
41 254 1
191 215 2
133 236 1
86 177 1
42 119 3
98 171 1
49 70 1
35 195 2
76 225 1
78 179 1
167 212 1
37 177 1
153 162 1
91 177 5
71 188 2
188 228 2
56 215 1
215 218 1
210 227 6
51 116 1
53 254 1
51 74 1
77 166 1
213 230 5
222 225 5
119 161 1
108 200 1
205 205 5
35 137 7
37 37 2
74 220 1
55 227 1
254 259 2
42 254 3
205 225 4
28 37 1
61 72 1
61 256 2
37 116 1
41 213 3
63 202 2
218 225 1
71 181 3
178 228 1
213 215 1
35 148 1
237 250 3
39 97 6
203 256 2
91 180 2
136 261 2
35 152 2
90 197 2
98 223 2
91 232 3
26 216 2
17 165 2
38 48 2
122 216 9
78 116 6
32 213 3
126 182 2
62 88 11
37 76 8
50 235 4
107 169 4
82 151 2
33 157 8
78 140 2
49 149 2
18 242 3
65 89 2
61 234 3
85 91 3
9 92 12
33 182 2
48 85 2
63 205 2
205 216 3
76 77 4
92 225 2
188 233 4
28 226 4
28 56 2
134 139 2
33 70 2
76 256 2
121 258 2
208 213 3
116 144 2
90 212 2
174 235 3
145 203 2
10 139 2
74 250 4
41 208 2
137 225 3
171 237 2
26 71 2
137 248 2
49 203 4
170 205 2
28 161 2
177 197 6
14 49 2
159 247 2
15 121 2
131 192 2
140 188 4
170 218 2
35 190 2
101 191 2
126 212 2
87 89 2
26 224 2
26 200 2
37 137 9
125 169 2
78 259 2
133 178 2
36 72 2
39 71 4
29 29 2
55 108 2
179 205 2
60 69 2
77 230 2
28 129 2
95 127 2
65 71 2
130 222 2
173 215 2
137 197 3
106 130 2
122 205 3
85 90 2
98 140 2
168 177 2
17 71 3
136 170 2
76 180 2
61 79 2
69 143 4
241 252 2
49 246 2
41 182 2
25 119 2
218 223 2
10 11 4
70 170 4
3 259 3
78 234 2
3 107 2
91 95 2
192 198 3
7 157 4
76 113 2
32 220 2
68 167 2
41 197 2
3 244 3
75 188 3
198 256 10
33 35 2
131 225 2
145 188 2
61 125 2
89 191 2
26 181 7
98 205 2
217 232 6
101 218 5
61 235 2
75 89 2
80 213 2
39 237 2
189 215 2
28 209 2
218 261 2
119 257 2
9 16 2
208 208 2
14 97 2
37 226 5
83 124 2
93 122 2
87 179 2
69 137 2
136 224 5
76 107 3
61 213 2
76 261 5
82 86 2
205 226 2
159 241 2
14 112 2
35 130 2
35 71 2
55 188 2
121 121 2
159 236 2
240 254 2
94 137 2
119 159 2
64 87 2
171 215 3
123 149 2
63 236 2
26 72 2
141 218 2
163 194 2
37 153 2
76 257 2
77 168 2
35 140 2
133 227 2
130 197 2
134 235 2
35 91 4
71 91 9
149 155 2
91 222 3
62 74 2
121 216 2
28 258 2
188 189 5
17 33 2
163 183 2
7 220 2
133 181 2
39 42 2
92 236 2
102 137 2
107 130 2
143 213 2
113 177 2
63 216 2
35 141 2
56 160 2
10 42 4
63 145 2
56 226 2
64 231 2
61 170 2
11 216 2
86 197 2
49 197 2
149 233 2
91 178 2
38 166 2
102 197 2
203 223 2
91 165 2
97 167 2
60 186 2
165 231 2
160 162 2
16 92 4
71 72 4
95 218 4
71 170 2
74 125 5
35 45 3
37 198 2
78 97 2
89 114 2
144 225 2
63 107 2
121 222 2
89 209 2
60 242 2
21 76 3
86 137 2
121 205 2
91 140 3
72 140 3
66 74 5
203 218 2
48 124 2
76 263 4
3 75 2
72 97 2
68 223 2
225 236 3
26 257 2
25 122 2
220 242 2
168 226 2
20 208 2
42 51 3
161 169 3
159 226 2
10 191 4
39 89 4
72 228 2
16 203 2
3 51 3
3 197 2
14 189 3
51 169 3
193 250 2
28 35 2
61 250 2
61 164 2
198 215 2
106 117 2
62 65 2
41 63 2
61 92 2
63 68 4
51 248 2
182 235 2
77 195 2
82 98 2
107 227 2
188 225 3
139 226 3
149 170 2
76 80 2
48 62 2
49 76 4
76 213 2
182 244 2
212 250 2
78 250 2
17 260 2
173 260 2
69 130 2
35 159 3
174 174 4
136 254 3
32 212 3
49 91 2
91 166 2
130 213 2
98 215 2
61 91 6
72 225 4
72 85 2
89 257 3
47 147 2
47 168 2
117 121 2
49 232 2
25 205 2
61 228 2
25 244 2
159 235 2
41 122 2
39 49 2
75 120 3
45 259 4
139 216 2
25 91 3
89 178 2
148 220 1
74 130 3
76 97 3
35 233 2
61 140 1
76 88 1
69 91 1
139 192 1
146 147 1
50 257 1
92 137 1
76 162 3
178 181 1
25 182 2
74 226 1
57 137 1
137 146 1
39 180 1
17 62 1
186 213 1
91 97 2
219 236 1
71 74 1
61 66 1
69 229 1
18 117 2
78 168 2
76 197 1
35 209 2
191 229 2
191 196 1
51 236 1
69 167 2
92 216 1
88 201 1
107 171 1
39 125 1
75 200 1
35 79 1
48 63 1
35 181 2
74 202 3
154 222 1
55 67 1
148 213 2
37 233 1
62 75 1
162 235 1
83 198 1
124 143 1
83 160 1
42 136 2
71 197 1
197 218 1
51 181 1
70 222 1
89 113 2
101 163 1
137 241 1
74 89 2
32 208 1
107 200 1
29 39 1
182 237 1
140 219 1
51 203 1
62 137 1
68 121 1
198 258 1
63 234 2
140 185 1
155 210 1
10 171 1
80 160 1
96 188 1
170 212 2
80 209 1
62 231 3
140 208 1
162 165 4
19 121 2
170 189 1
14 61 1
25 219 1
131 219 1
65 188 3
32 258 1
123 232 3
18 74 3
26 91 1
107 218 1
90 130 1
51 247 1
131 205 1
102 226 1
21 163 1
33 37 1
51 226 1
140 258 1
82 216 1
121 219 1
68 102 1
101 219 1
136 140 1
107 177 1
260 262 1
69 76 2
17 142 1
55 61 1
28 177 1
91 188 1
83 126 1
56 65 1
75 205 1
85 224 1
56 210 1
226 242 1
39 77 2
159 230 1
68 179 1
80 139 2
135 215 1
49 80 1
52 133 1
54 115 1
36 76 2
169 233 1
196 216 1
71 236 1
18 126 1
37 101 1
191 192 1
92 198 1
47 143 1
95 102 1
91 236 1
183 238 1
171 218 1
22 72 1
56 140 1
106 123 1
169 182 1
72 181 4
43 208 1
45 243 1
203 263 1
90 225 1
49 224 1
63 213 1
48 136 1
108 155 2
203 250 1
130 131 1
107 198 1
72 229 1
124 155 1
39 189 1
222 226 1
85 225 1
38 228 1
36 37 1
71 97 1
159 159 3
61 212 1
254 257 1
90 91 1
37 183 1
81 168 1
112 198 2
48 191 1
33 95 1
32 248 2
76 133 1
38 154 1
10 101 1
81 167 1
18 224 1
76 130 1
61 85 2
167 182 1
69 250 1
42 76 1
39 222 2
168 250 1
77 131 1
22 227 2
189 228 1
38 38 1
76 177 1
72 77 2
61 189 2
15 92 1
97 188 3
45 78 1
50 197 1
47 254 1
94 130 1
213 248 2
53 70 1
22 198 2
71 106 1
83 179 1
62 62 1
217 217 1
47 235 1
81 159 1
51 254 1
49 130 1
22 197 1
123 170 1
17 258 1
78 183 1
89 123 1
22 228 1
69 183 1
154 155 1
14 67 2
14 21 1
11 26 1
140 222 1
25 62 3
108 210 1
195 257 1
142 213 1
16 223 1
61 149 1
134 215 1
71 164 1
219 229 1
37 209 1
107 205 1
32 90 1
133 231 1
36 164 1
174 248 1
213 250 1
213 241 1
113 222 1
119 231 1
117 143 1
18 212 1
24 39 1
126 136 1
11 74 1
116 216 4
43 69 1
62 233 1
85 87 1
133 234 1
133 170 1
86 121 1
242 254 1
166 208 1
87 235 1
19 135 1
38 196 1
16 215 1
101 230 1
81 127 1
37 261 1
89 97 2
166 248 1
75 77 1
94 247 1
145 218 1
71 113 2
39 154 1
89 137 3
61 63 1
18 42 1
116 209 1
72 188 2
130 196 1
164 259 1
213 233 1
167 247 1
56 83 1
36 222 1
17 26 1
76 139 1
21 25 1
157 258 1
47 50 1
129 168 1
61 209 1
128 167 1
107 257 1
151 168 1
22 231 1
25 51 1
131 215 1
165 260 1
170 177 1
68 205 1
108 222 1
32 246 1
20 143 1
225 234 1
74 222 1
137 150 1
141 215 1
130 203 1
247 248 1
142 235 1
139 146 1
139 151 1
61 107 1
188 237 1
134 219 1
106 236 1
25 35 3
61 112 1
153 236 1
38 146 1
239 260 1
39 177 2
210 233 1
72 126 1
70 218 1
126 213 1
139 203 1
108 195 1
72 216 1
39 117 1
39 69 1
231 250 1
170 250 1
116 250 1
49 146 1
85 227 1
47 61 1
97 116 1
71 80 1
258 260 1
14 215 1
89 127 1
107 197 1
212 235 1
25 216 1
80 85 1
243 263 1
169 179 1
85 149 1
179 259 1
60 68 2
140 260 2
208 233 1
36 145 1
107 247 1
61 155 1
36 135 2
65 102 1
234 258 1
124 197 2
76 210 1
41 129 1
102 218 1
167 177 1
4 225 1
39 67 1
63 85 1
97 218 1
10 174 1
181 217 1
113 188 1
71 165 1
51 136 1
215 233 1
11 71 1
164 218 1
217 243 1
51 168 1
39 149 1
28 83 1
91 216 1
3 94 1
175 219 1
137 205 3
95 160 1
89 229 1
68 76 2
33 219 1
22 123 1
51 182 1
17 85 2
200 243 1
220 220 1
102 177 1
39 188 1
91 205 1
51 102 1
25 131 1
47 238 1
61 86 1
147 213 1
42 126 1
177 218 1
159 185 1
17 68 1
173 216 1
131 222 1
167 250 1
220 241 1
71 76 1
45 168 1
92 247 1
76 238 1
92 151 1
159 175 1
17 133 1
37 131 1
148 152 1
3 168 1
220 230 1
35 170 1
18 254 1
92 257 1
196 262 1
18 77 1
164 188 1
35 37 1
51 153 1
134 203 1
100 200 1
41 242 1
81 141 2
13 133 1
174 262 1
17 102 1
78 107 1
98 191 1
62 191 1
130 254 1
71 222 1
159 174 1
31 182 1
113 243 1
10 90 1
45 179 1
77 116 1
7 232 1
117 196 1
62 258 1
213 243 1
45 72 1
55 261 1
78 241 1
56 196 1
177 222 1
119 125 1
51 159 1
21 85 1
22 121 1
47 226 1
3 43 1
128 236 1
91 209 1
76 186 1
97 224 1
11 35 1
39 79 1
126 229 1
61 75 1
20 74 1
39 113 1
133 197 1
170 210 1
41 89 1
31 74 1
19 123 1
139 191 1
64 88 1
121 164 1
14 149 1
20 80 1
121 130 1
72 254 1
75 117 1
74 136 1
87 257 1
100 155 1
51 250 1
42 156 2
4 159 1
235 244 1
32 159 1
167 174 1
155 155 1
63 72 1
90 196 1
3 252 1
89 225 1
55 85 1
137 147 1
20 42 1
49 236 1
200 235 1
92 224 1
11 39 1
14 165 1
36 195 1
33 190 1
218 227 1
22 222 1
78 137 1
70 126 1
51 142 1
155 188 1
85 119 1
86 162 1
49 213 1
225 226 1
77 188 1
16 180 1
