113 141 5
170 226 12
48 142 127
79 173 4
48 123 2
145 145 60
193 193 28
164 246 25
50 230 45
144 230 6
7 230 17
132 157 14
79 148 80
79 233 23
152 238 19
48 152 15
68 229 18
45 80 1
132 180 7
132 161 182
148 170 20
41 230 21
89 113 1
79 80 17
42 163 6
79 249 41
79 226 14
132 226 77
144 231 15
80 148 15
144 256 3
90 112 2
186 230 316
148 256 11
56 132 69
13 249 14
48 230 348
79 231 17
79 261 10
79 161 30
144 148 24
80 226 1
37 148 19
89 144 1
164 226 9
140 237 149
138 161 206
138 162 135
107 164 61
48 68 345
239 243 1
48 48 191
48 132 114
132 216 91
163 238 27
48 79 48
38 132 19
13 36 1
4 256 6
79 113 28
79 246 24
152 237 2
43 79 3
100 146 4
132 135 48
164 202 1
107 145 3
65 230 4
65 148 5
79 170 67
61 132 70
236 237 162
7 179 16
17 186 5
17 91 1
100 226 5
138 142 80
68 230 123
68 225 4
100 161 527
97 230 2
148 211 19
82 82 11
48 260 10
148 183 1
100 107 48
164 236 34
151 238 58
24 164 14
48 146 9
162 261 5
48 246 120
246 246 15
14 164 2
148 239 4
238 239 113
88 132 8
90 238 11
144 158 9
148 158 5
107 163 43
100 230 318
24 142 10
75 238 80
40 79 1
41 238 19
158 249 15
72 132 17
132 233 103
181 263 1
79 234 42
148 151 2
209 231 3
74 244 3
164 261 6
49 231 5
49 76 3
263 263 51
75 263 117
129 258 2
48 100 119
114 211 13
79 198 3
112 255 6
48 196 1
223 229 20
223 223 23
220 220 1
4 127 1
7 223 23
116 166 24
164 230 53
90 198 2
107 186 193
36 79 19
7 229 22
79 232 29
79 90 59
143 262 4
148 231 10
170 196 1
79 114 47
80 256 3
90 230 76
114 262 5
138 143 37
162 164 71
28 134 13
132 234 62
142 179 1
82 129 20
43 43 22
4 79 42
79 107 92
249 261 6
90 261 14
28 132 84
28 233 1
170 234 78
37 37 7
80 234 5
17 79 9
65 100 1
75 164 21
68 79 46
80 170 3
249 249 26
232 234 6
163 164 18
48 50 99
48 257 4
148 241 2
49 132 41
48 170 131
68 87 21
7 260 16
162 212 2
188 198 1
90 170 51
144 246 5
74 114 6
74 151 21
132 229 106
107 229 30
164 186 139
7 48 20
33 79 3
79 236 11
113 163 4
107 260 3
121 158 1
132 225 29
144 163 3
79 141 26
4 107 18
164 170 88
75 162 45
48 181 2
229 244 6
48 90 87
65 229 2
7 132 46
186 263 45
48 163 187
41 41 18
107 161 50
7 237 10
229 238 5
237 239 42
80 112 6
87 234 33
163 249 19
114 234 23
68 129 3
107 236 22
132 138 91
229 262 25
162 263 84
138 263 132
129 129 34
33 40 4
107 113 29
107 233 32
1 107 14
112 263 1
79 138 37
170 233 41
7 50 2
40 186 3
231 246 34
170 263 22
142 229 18
79 186 75
68 161 174
243 244 5
41 243 1
161 196 9
79 82 5
162 170 123
144 234 6
68 100 71
74 164 11
114 246 13
148 186 23
129 230 6
79 142 6
142 263 27
79 262 19
79 89 5
43 263 29
141 170 56
50 223 2
50 100 56
79 79 99
88 144 8
113 138 24
166 166 25
100 132 76
116 246 5
4 50 1
36 48 4
7 107 11
22 230 1
132 151 34
48 244 29
75 148 10
48 143 61
48 226 21
79 158 16
141 236 136
148 162 34
80 113 2
113 249 24
114 137 9
137 234 51
107 137 124
107 249 29
42 74 30
256 256 4
255 256 8
87 170 19
7 68 12
74 237 11
138 229 116
140 158 2
37 61 6
87 107 14
229 230 41
163 229 21
163 226 13
41 116 12
42 182 1
148 224 6
144 144 6
75 141 66
170 230 75
79 144 25
45 148 6
88 148 9
80 90 4
49 148 6
82 144 3
90 246 47
226 234 7
4 90 9
112 112 9
186 239 28
52 230 1
238 238 52
170 246 43
43 116 2
48 236 36
132 165 28
236 238 99
48 234 87
17 234 2
148 229 7
79 179 15
132 238 120
42 48 21
107 170 112
186 257 3
133 257 1
82 132 64
75 75 94
7 164 24
113 148 13
148 198 8
48 186 161
123 132 20
50 164 10
24 151 14
119 243 1
161 243 1
48 141 30
41 127 3
24 148 2
37 230 12
226 263 8
198 249 3
4 232 7
4 25 2
42 148 4
114 186 33
164 164 34
48 164 99
140 164 18
65 234 5
82 173 9
43 164 8
18 48 3
24 68 4
42 43 6
41 152 7
116 152 19
132 249 46
16 132 7
163 163 21
43 262 18
74 212 1
148 148 27
125 211 5
93 132 271
56 161 2
132 231 51
186 234 202
85 232 1
140 170 31
140 262 155
42 140 5
36 229 1
87 113 5
79 263 28
163 230 31
138 230 225
230 262 19
42 142 7
41 74 53
164 263 28
186 186 31
87 164 11
162 237 92
232 232 7
89 89 2
163 189 1
48 233 40
48 263 27
181 249 3
45 79 20
69 164 3
79 116 3
24 138 4
132 158 41
68 237 26
4 144 6
114 256 2
141 179 7
234 260 7
142 260 8
45 125 1
186 246 138
238 249 14
40 48 2
92 170 1
26 132 18
90 263 9
41 249 8
43 151 8
37 163 2
50 132 30
79 164 37
132 235 1
45 232 5
74 249 7
68 246 107
68 68 76
36 68 3
90 186 92
113 231 34
75 234 12
7 129 9
119 119 6
236 263 130
49 97 5
48 97 1
48 229 59
162 186 187
186 224 9
129 229 4
141 246 10
41 75 39
17 41 3
79 189 7
35 62 1
7 7 49
68 90 70
45 249 4
68 113 16
113 170 18
45 107 6
90 231 36
48 162 196
114 164 8
230 234 47
116 249 8
92 132 12
152 229 1
89 132 44
148 261 10
87 209 6
140 211 1
37 79 30
37 157 1
107 140 23
132 181 76
186 236 66
80 233 1
97 148 4
112 232 1
36 112 2
36 249 5
95 95 4
79 87 14
13 79 15
144 228 2
45 45 3
45 65 9
75 116 4
107 144 25
198 234 3
132 258 21
162 230 90
162 163 43
74 79 15
79 88 20
4 88 2
132 239 108
186 249 74
40 100 1
4 140 2
25 263 1
25 148 3
196 226 6
82 260 7
186 198 1
141 229 84
164 225 3
138 186 35
66 79 1
126 218 1
48 256 2
142 173 1
43 48 21
112 114 2
48 165 1
48 140 86
79 137 87
107 262 26
48 114 17
137 233 35
112 256 3
79 255 10
75 230 16
1 231 10
42 244 18
229 231 15
107 112 4
36 230 5
83 90 1
48 138 122
151 170 7
4 114 6
24 238 78
100 138 62
132 186 57
119 247 1
132 217 10
48 85 1
236 262 113
17 256 7
4 148 18
85 90 1
83 232 2
143 144 2
76 97 4
231 231 28
140 249 8
173 197 1
42 234 4
4 151 1
142 143 46
107 148 36
4 263 3
142 237 76
142 244 13
114 148 9
137 148 33
234 246 31
229 229 37
24 80 1
100 141 72
48 161 511
161 258 1
74 262 44
141 230 57
230 233 37
157 230 2
144 157 1
45 158 1
100 162 215
62 186 1
114 260 2
41 170 5
68 116 7
113 260 2
132 205 26
4 74 3
141 188 2
238 263 35
114 114 14
114 232 6
148 233 7
68 132 64
158 158 9
137 246 15
125 249 13
61 79 4
202 232 1
141 263 228
137 163 6
163 179 2
50 249 13
90 163 20
90 179 3
70 129 8
113 164 16
107 263 19
148 157 1
7 148 10
79 224 24
132 262 122
164 224 9
67 79 2
107 107 51
140 263 84
68 234 80
48 259 2
74 263 72
83 229 6
36 256 1
68 263 24
223 226 3
116 168 1
47 74 1
85 255 1
4 239 3
163 243 3
230 260 7
239 262 9
48 238 83
246 249 13
7 90 19
90 211 9
186 244 9
116 244 29
237 237 77
144 211 10
164 181 3
7 249 15
7 262 1
140 161 31
161 161 74
137 164 61
48 129 6
163 231 12
1 48 36
144 151 2
146 223 4
132 166 30
162 260 12
50 145 1
142 236 31
69 142 1
170 186 193
220 238 1
24 75 4
161 186 491
63 132 11
142 161 79
7 186 10
7 144 4
48 75 24
75 79 22
114 132 26
141 234 19
142 163 72
24 74 3
48 116 35
74 148 8
74 147 1
65 135 1
74 75 118
113 125 14
137 211 11
195 234 1
157 164 2
63 107 1
24 42 6
140 148 10
13 261 8
148 228 4
36 228 1
239 239 53
68 114 17
138 233 105
17 148 9
4 249 7
107 234 78
141 161 79
36 49 1
100 148 10
138 209 10
49 186 1
79 256 13
230 244 7
148 164 12
37 188 2
114 144 4
74 74 39
40 181 1
17 36 2
129 256 1
90 100 71
50 232 3
144 186 16
48 237 77
24 50 4
50 238 19
48 262 10
75 186 15
74 136 5
142 151 44
4 255 1
68 233 15
75 140 62
161 229 66
79 132 97
152 232 1
48 239 58
42 263 16
129 223 5
41 68 11
166 238 88
74 239 5
68 75 23
48 107 56
48 113 23
90 132 62
50 186 40
74 162 7
90 166 4
141 141 71
160 226 8
77 132 9
83 226 5
236 239 64
132 236 118
100 186 74
79 163 13
160 230 2
100 229 44
148 249 21
213 230 1
138 151 39
224 262 4
75 262 82
137 229 39
140 142 38
107 132 105
161 163 82
1 142 24
141 163 23
225 249 3
68 163 57
41 142 7
74 87 3
164 233 33
49 144 1
4 234 3
163 262 14
15 132 8
87 162 23
148 230 11
141 233 33
112 249 1
77 79 2
145 231 1
48 224 8
56 129 3
226 229 18
138 249 19
164 249 16
141 148 9
100 234 65
55 234 1
68 186 89
142 239 105
74 238 40
90 138 39
136 249 2
138 164 77
74 170 6
144 223 2
42 138 11
138 138 49
42 236 9
14 231 2
90 229 19
7 244 1
262 263 103
164 234 43
234 249 66
79 162 49
132 141 82
223 234 5
53 164 1
75 78 5
90 164 37
50 68 40
161 237 68
141 256 1
148 225 6
37 87 1
211 231 25
36 211 2
48 87 22
82 163 4
28 173 1
107 166 2
226 226 53
48 80 3
80 107 7
100 232 5
238 244 16
151 263 7
50 83 3
158 198 1
114 188 1
43 75 31
88 249 6
68 238 26
28 185 1
151 166 54
143 230 62
24 48 14
157 237 2
142 186 54
164 262 8
1 263 1
186 261 26
107 211 5
140 162 132
170 237 54
237 263 89
142 142 51
4 100 4
29 114 1
48 173 4
132 255 46
211 246 5
90 107 51
80 249 10
68 231 32
50 75 7
100 238 18
25 170 4
68 170 102
7 163 6
140 140 68
116 137 2
151 230 40
69 132 6
234 263 25
75 239 20
132 163 121
33 132 41
226 249 22
114 213 2
179 186 5
42 42 27
225 256 4
142 193 3
189 229 1
56 170 6
143 186 28
162 249 27
143 238 66
79 85 2
40 148 5
41 90 5
7 162 15
113 132 51
211 211 3
137 230 37
43 140 15
230 239 64
48 223 17
116 151 17
48 74 26
100 114 8
181 228 1
132 145 66
12 246 1
50 90 18
158 162 8
230 230 52
75 161 28
113 198 2
152 166 23
151 158 2
17 249 6
88 231 19
48 158 13
50 50 19
161 230 127
146 236 5
163 186 147
112 148 17
62 79 2
74 152 11
7 193 25
234 244 3
132 170 153
141 162 93
148 232 28
132 132 284
132 143 48
140 229 61
98 132 11
76 132 52
132 215 49
224 230 14
132 179 19
41 48 14
146 163 5
68 137 22
35 164 1
87 225 2
75 163 20
170 170 62
141 239 27
48 151 34
164 174 1
53 132 10
54 132 5
132 164 103
42 100 10
137 143 4
162 239 14
146 226 8
75 223 2
230 238 38
68 223 2
141 237 83
87 231 60
95 229 2
107 158 10
7 141 9
143 244 7
61 80 3
186 259 1
114 161 13
209 229 5
88 262 6
88 88 2
7 209 1
7 116 1
255 255 1
223 256 1
14 249 6
48 144 11
244 249 3
7 255 2
68 262 7
24 263 9
138 141 126
164 223 5
113 144 9
68 107 50
137 226 9
50 162 27
50 129 2
114 158 6
48 148 18
100 164 91
151 164 5
65 144 1
140 232 3
13 234 12
45 88 2
161 164 66
25 144 1
231 244 4
42 107 4
75 100 20
107 151 3
17 181 6
239 263 17
116 163 7
138 140 102
4 4 4
7 263 16
43 74 7
132 198 19
137 179 4
39 132 32
50 142 28
33 141 2
107 162 84
79 244 7
244 244 15
90 236 13
186 262 45
45 144 4
12 144 1
223 263 9
162 211 5
213 231 9
82 83 7
129 179 5
48 198 1
233 233 25
1 233 7
41 163 5
41 42 35
36 97 8
80 209 1
48 241 1
234 261 14
61 88 2
129 198 1
141 243 3
161 162 41
125 148 2
13 125 4
88 159 2
162 229 107
138 237 103
226 237 29
79 125 10
145 230 7
75 132 47
36 36 3
36 72 1
132 203 28
151 237 13
138 238 104
143 164 3
177 177 2
43 132 45
217 231 1
256 263 3
14 236 2
79 229 31
188 224 1
159 237 1
186 226 19
137 162 116
162 236 116
85 132 15
79 129 3
68 74 10
75 236 108
116 237 13
68 97 5
229 234 24
229 263 40
243 243 5
107 138 74
14 90 5
229 236 31
161 260 6
41 151 19
37 234 5
162 231 39
233 239 5
198 263 1
90 141 13
48 167 3
146 179 12
132 224 22
48 106 2
7 161 6
186 223 4
7 92 1
186 229 80
164 211 4
50 79 12
129 260 34
90 262 2
243 246 1
89 148 9
140 238 36
90 249 65
16 16 1
92 164 1
161 198 2
198 260 2
148 234 17
97 132 27
132 175 12
209 236 3
90 225 4
127 220 1
127 243 2
161 246 47
4 162 2
166 243 5
68 80 2
113 246 11
181 189 2
132 263 95
74 142 6
142 246 26
161 263 63
48 243 19
80 114 2
164 229 37
100 244 6
162 167 1
129 163 6
129 226 12
141 238 24
74 116 11
50 126 1
90 226 9
79 227 8
71 148 1
68 152 3
131 132 17
113 229 9
69 234 2
4 229 2
17 144 2
68 164 70
132 237 72
90 237 10
238 250 1
179 260 5
114 225 2
100 260 3
142 162 60
18 254 1
79 182 2
79 112 10
42 238 8
50 227 1
100 145 5
229 237 44
229 239 7
132 219 40
114 170 24
7 100 5
132 222 10
68 148 7
148 152 1
170 249 33
127 244 1
79 225 9
237 262 48
36 114 3
33 65 3
87 106 1
114 230 21
127 249 2
127 263 2
170 231 24
209 225 1
37 232 2
234 238 30
95 186 2
42 68 9
50 246 25
4 231 4
50 127 2
144 225 2
151 234 3
42 151 18
138 239 90
100 100 49
100 143 13
163 263 22
148 263 3
107 246 21
64 76 1
77 148 1
75 167 1
28 249 2
91 225 1
107 114 23
168 168 19
125 231 15
163 244 6
166 186 7
40 65 1
140 144 1
232 260 2
79 243 3
113 158 9
40 230 4
140 231 9
7 53 1
41 246 15
75 151 49
129 157 1
114 249 12
42 75 22
90 137 33
143 163 25
61 188 2
43 226 7
80 229 2
61 148 9
140 230 25
24 229 2
142 225 6
151 239 31
41 100 4
83 83 2
36 225 1
79 209 7
75 82 1
68 142 45
161 239 49
36 246 1
13 231 39
90 148 27
90 116 4
42 152 19
129 233 4
4 164 4
92 138 1
165 231 1
112 195 1
11 79 1
80 100 2
132 227 6
13 88 5
261 261 10
171 230 1
132 230 202
107 198 1
158 237 3
186 211 19
186 231 66
158 164 5
140 146 32
90 119 1
82 141 3
148 155 1
233 262 13
114 116 3
41 132 35
170 223 6
37 225 4
61 225 5
233 249 3
25 132 29
151 201 1
35 231 1
145 226 5
141 144 8
7 79 11
161 249 44
143 158 3
143 236 17
198 225 1
230 246 33
48 232 5
79 239 11
127 234 1
41 162 14
68 162 81
49 79 5
226 230 25
114 229 8
100 262 15
68 239 31
1 230 57
90 173 3
132 192 4
17 17 6
1 186 12
79 237 25
90 260 3
42 116 13
68 151 23
164 166 2
25 114 1
42 162 5
152 243 1
50 244 6
17 113 5
17 132 30
50 231 4
42 246 1
236 236 120
49 225 1
1 148 4
1 143 7
132 146 16
97 143 7
61 231 9
233 236 14
7 226 13
25 106 3
158 255 2
50 163 61
211 229 3
61 76 9
1 163 35
80 80 15
132 173 13
228 231 1
97 196 1
32 48 1
158 211 4
97 188 1
237 238 32
125 158 5
48 95 3
144 243 1
152 234 1
88 137 7
145 164 5
158 244 2
138 226 6
65 138 5
61 62 4
142 256 2
90 234 58
142 224 6
114 233 15
68 89 2
75 200 1
41 261 1
231 238 17
35 76 10
42 161 12
90 90 32
181 234 2
113 162 12
158 231 13
36 107 2
161 226 23
4 181 1
80 211 2
148 244 1
142 148 6
152 246 2
50 179 5
141 146 27
50 226 3
129 132 49
48 188 2
132 260 21
83 107 1
7 145 16
68 141 15
138 262 131
14 25 1
68 174 3
142 238 155
152 162 1
42 166 7
7 142 10
100 236 42
18 50 1
7 82 6
74 159 4
82 162 3
22 22 2
87 148 15
148 262 12
62 132 24
68 145 5
233 246 11
90 143 19
43 225 1
45 48 5
60 68 2
42 60 1
106 189 1
37 224 3
74 229 12
80 230 3
225 230 3
17 90 3
240 240 1
116 240 1
100 163 237
144 262 2
141 226 22
114 141 5
140 234 16
249 260 4
163 174 1
164 231 20
90 145 13
107 181 6
79 180 1
65 68 2
162 246 31
233 237 9
112 132 44
146 230 6
116 146 4
42 164 1
90 113 26
87 232 6
48 71 1
87 90 21
74 141 23
112 246 1
164 255 2
88 211 7
100 261 8
143 170 11
73 211 1
75 244 5
22 132 11
249 259 1
162 234 89
68 244 6
173 231 1
142 170 30
75 90 7
37 80 5
95 260 2
151 151 12
168 234 2
164 169 1
7 112 3
132 256 35
80 263 8
41 148 3
114 243 6
80 145 1
142 230 84
68 256 3
43 138 48
37 161 3
43 107 4
79 240 1
74 168 11
129 173 7
74 235 5
94 119 1
74 233 5
79 169 1
37 169 1
42 169 1
61 234 2
65 132 32
41 263 17
75 143 10
24 161 3
137 141 58
37 198 3
4 161 2
70 71 1
48 231 29
48 258 1
168 186 2
164 232 6
11 68 1
173 260 3
79 130 2
42 186 7
95 132 68
75 145 2
217 217 3
37 137 2
161 170 63
4 68 5
75 152 5
186 237 74
132 162 111
112 137 2
137 186 115
50 239 32
107 230 54
132 142 111
33 161 15
231 249 42
138 236 145
231 239 14
41 161 12
163 239 20
70 161 3
162 233 55
224 237 4
124 132 12
100 170 144
107 231 20
132 202 5
75 142 12
132 140 73
100 237 85
113 234 50
43 162 22
50 161 35
143 246 55
68 236 29
40 162 1
52 132 14
10 132 66
230 236 83
68 138 39
79 223 8
87 246 12
65 125 10
82 263 1
1 151 11
100 140 87
24 24 5
87 88 9
75 130 1
73 95 1
90 129 8
137 224 9
161 231 108
1 239 14
145 233 2
161 236 127
33 140 4
226 262 1
132 200 7
141 260 6
140 239 24
10 80 1
24 90 4
125 142 9
152 226 1
132 148 36
50 234 12
132 144 26
7 138 15
7 65 1
95 140 12
170 236 44
231 261 9
141 262 119
90 244 11
140 233 25
1 100 10
170 261 6
137 170 80
100 263 17
1 43 5
37 97 2
125 186 13
41 167 2
129 162 7
100 166 6
87 262 11
138 170 96
163 236 33
87 237 3
129 186 3
41 239 6
137 223 3
68 249 47
70 173 1
129 141 1
148 226 8
35 132 14
42 170 6
78 238 2
68 140 25
25 53 16
68 143 27
132 261 26
138 148 15
24 224 1
142 234 26
247 254 4
1 164 21
125 132 21
35 79 11
141 186 46
161 244 1
142 211 4
1 132 4
65 233 2
50 107 10
74 230 25
229 249 10
33 186 4
56 148 4
42 230 7
149 226 4
87 230 21
41 143 9
132 257 10
163 197 1
151 161 24
82 160 2
159 238 2
137 161 31
66 132 10
65 112 1
140 186 80
246 263 8
132 191 11
170 189 1
137 263 19
231 263 9
7 146 38
113 186 46
87 138 38
145 179 8
65 143 7
69 233 2
113 209 2
151 244 19
151 236 25
1 138 3
158 161 29
226 260 25
132 246 22
1 79 11
4 39 1
88 234 3
74 236 76
243 249 5
41 166 18
140 166 5
132 177 8
234 239 37
87 249 10
113 211 10
1 234 8
114 125 15
65 231 6
24 141 8
100 142 54
161 234 61
138 261 28
71 132 11
132 189 34
137 228 2
112 151 21
194 238 2
13 132 40
161 262 33
4 132 20
13 24 2
90 161 112
166 237 5
186 233 112
75 113 10
179 244 1
161 179 9
50 116 5
164 237 24
43 194 1
41 107 3
229 246 12
14 74 5
1 161 42
79 143 8
158 170 14
138 163 125
87 186 51
130 132 66
28 141 2
167 231 2
48 145 3
141 142 63
50 233 15
100 246 57
8 193 1
114 198 3
21 21 16
83 140 3
43 90 8
138 211 10
231 234 37
50 97 5
87 161 23
122 132 13
41 168 7
43 238 29
116 263 1
182 213 2
117 132 6
233 234 24
1 162 36
62 114 2
138 232 3
260 260 15
162 224 7
24 137 2
163 177 1
137 145 2
40 107 4
7 137 24
13 75 3
125 163 5
132 188 40
87 142 7
48 120 1
162 238 37
47 239 7
148 163 5
113 151 3
140 236 107
185 185 1
132 213 1
151 226 25
89 100 13
234 237 12
107 209 5
24 41 10
74 132 18
113 238 6
3 186 1
36 132 18
226 246 8
244 262 2
162 262 46
129 202 1
52 226 3
141 143 9
236 246 6
143 162 27
13 226 3
193 237 3
7 88 3
42 242 1
166 236 14
13 171 9
231 232 5
132 149 13
4 48 5
230 231 21
32 132 3
88 114 2
138 244 5
121 132 30
132 178 20
238 246 19
219 254 17
91 132 18
4 186 10
113 161 30
157 260 2
56 140 2
236 249 6
88 237 2
130 229 2
10 100 1
157 211 1
82 237 2
170 262 10
75 137 22
48 248 3
37 132 21
262 262 37
230 237 53
132 155 15
75 181 4
14 197 3
51 209 16
68 226 18
74 107 35
146 193 4
211 225 2
161 233 60
116 116 13
107 224 16
19 213 1
132 197 43
74 140 52
42 132 17
113 142 8
100 137 40
132 134 33
138 234 34
80 132 40
93 243 1
143 239 31
132 232 13
10 197 11
93 238 6
260 261 1
140 151 14
234 262 10
132 139 14
17 48 4
158 186 19
148 246 1
75 170 22
43 88 1
87 233 5
68 224 15
50 197 5
224 224 3
170 224 26
239 249 7
43 142 26
33 195 1
162 226 14
164 239 27
69 90 2
143 161 34
88 161 8
88 170 7
75 107 28
230 263 28
48 137 44
140 141 98
33 89 12
234 236 16
137 137 27
1 261 8
148 168 4
24 166 18
137 260 3
170 260 5
137 217 2
70 132 10
13 143 29
100 209 3
97 140 1
143 237 18
100 225 2
4 233 5
196 196 1
113 113 18
238 262 26
164 238 6
26 214 13
162 179 17
243 263 1
13 113 23
26 237 1
233 263 26
74 246 7
231 236 12
161 247 1
137 262 15
53 108 2
116 230 7
37 231 2
20 137 1
193 230 7
125 161 12
100 233 36
87 132 49
74 166 20
74 234 7
24 230 14
75 168 8
1 125 2
7 140 12
125 232 4
90 114 18
43 100 18
209 261 7
141 249 8
13 90 10
162 162 40
48 88 14
90 142 31
48 127 9
198 232 1
48 249 36
45 141 2
179 193 12
146 158 1
125 233 4
225 229 1
239 246 21
1 170 21
18 231 1
88 232 7
79 100 16
88 162 18
142 166 18
170 238 16
135 170 1
116 141 9
211 263 2
88 233 4
157 161 5
179 179 12
75 237 38
163 170 35
43 237 39
74 177 1
1 49 1
257 257 2
166 262 4
125 246 6
68 119 3
129 263 1
113 129 8
141 145 15
37 88 1
100 151 13
161 261 13
12 142 12
87 87 12
163 234 22
167 168 1
62 230 1
248 263 1
116 132 19
43 209 2
43 143 12
132 223 47
141 223 4
52 68 1
13 170 13
48 191 3
113 140 3
42 79 9
83 196 1
75 229 9
151 162 14
88 239 14
75 158 11
129 138 13
186 238 48
170 229 67
87 211 11
106 230 1
92 238 4
71 249 1
48 67 1
142 249 10
24 143 6
100 231 24
116 239 5
75 85 2
260 263 10
65 162 2
24 163 5
132 209 21
181 181 5
13 209 1
88 230 6
129 236 2
148 181 3
140 145 10
114 143 13
209 232 2
137 237 21
107 237 28
100 113 12
4 75 3
132 244 14
74 224 1
95 107 1
132 136 1
61 180 4
137 140 22
138 152 2
209 209 5
75 114 8
181 236 2
45 229 1
40 132 18
140 260 7
113 179 18
69 79 1
170 239 15
168 238 12
12 87 2
148 255 2
140 244 14
37 41 2
138 246 8
113 236 4
170 179 13
14 75 1
132 195 5
127 132 1
143 234 12
41 226 3
87 100 22
88 261 3
162 244 5
1 1 14
40 161 2
52 138 6
80 102 1
144 170 4
48 82 3
129 200 1
72 249 1
13 238 10
249 262 6
33 52 9
41 81 1
42 247 11
74 161 18
237 246 15
194 197 3
13 162 28
163 211 1
132 228 7
28 130 2
168 179 1
93 166 3
138 173 1
68 209 7
43 236 37
113 114 20
113 230 22
144 219 1
229 233 37
107 238 9
66 137 1
132 133 13
152 244 8
97 255 1
4 113 3
82 148 14
137 142 12
48 166 13
102 102 3
43 186 37
90 127 2
68 83 1
7 202 3
132 137 33
68 211 10
216 238 2
50 74 3
65 79 5
144 229 4
61 198 1
74 186 6
24 239 24
50 140 6
132 196 25
80 144 1
14 132 20
65 82 1
1 113 6
239 244 14
36 138 1
100 157 1
232 243 1
94 243 1
69 263 1
113 181 1
146 237 5
93 244 2
36 145 1
125 164 8
212 230 1
247 249 2
38 197 3
71 186 1
168 263 4
75 247 2
90 158 15
7 168 1
41 141 4
145 162 10
19 28 1
48 157 3
107 223 8
50 148 5
125 230 6
50 138 21
7 170 14
141 231 11
1 229 6
107 244 8
179 223 8
116 142 3
79 97 3
47 100 1
47 47 1
119 152 1
163 233 4
48 61 3
107 232 5
28 100 2
7 234 7
233 260 2
148 188 3
13 107 12
141 164 21
223 230 12
134 249 1
43 223 2
1 249 4
225 225 2
137 236 11
107 226 7
13 45 3
65 161 7
143 194 1
137 209 5
69 148 1
220 235 1
114 152 2
116 234 6
143 249 9
48 60 1
244 263 6
168 169 1
148 173 4
225 232 1
132 220 9
211 249 11
74 128 2
152 202 1
89 228 1
163 237 55
181 238 1
68 157 1
90 108 1
1 236 9
48 209 3
1 137 3
53 138 1
163 246 14
65 140 3
132 243 8
68 88 6
100 144 4
125 137 4
68 215 2
45 137 1
37 90 5
42 168 6
179 234 6
198 256 3
88 227 1
137 255 3
49 249 5
65 90 1
68 78 1
56 249 3
43 196 2
125 234 6
42 119 2
230 250 1
188 193 6
25 90 6
179 231 3
161 238 49
97 237 5
130 246 1
100 129 2
216 216 11
142 164 23
133 133 3
148 177 2
107 143 2
95 113 1
82 186 4
47 249 1
48 125 12
93 161 5
48 70 3
48 130 2
65 97 3
234 234 30
212 213 2
83 142 2
13 138 28
143 263 6
226 236 18
182 182 1
118 132 2
148 161 10
8 132 1
50 170 22
130 238 1
88 113 8
1 50 10
71 137 3
74 138 9
75 233 20
231 262 1
132 252 10
82 138 2
21 68 1
143 220 1
82 258 1
40 211 1
179 263 4
89 231 2
45 90 4
168 236 4
88 169 1
167 230 1
28 237 2
142 261 6
211 234 5
82 114 4
33 97 2
50 263 4
123 163 1
21 123 1
125 125 3
71 230 1
79 174 1
11 249 3
114 223 2
14 186 3
129 148 8
112 179 1
144 249 20
225 231 2
83 162 1
217 232 1
107 168 1
141 254 2
24 152 3
48 112 8
197 260 1
162 223 6
87 137 14
43 141 20
140 157 2
132 152 6
9 132 5
75 169 2
45 74 1
141 261 2
79 203 2
7 113 5
7 133 1
164 252 1
90 162 31
133 148 1
41 140 3
166 168 1
61 144 2
50 229 9
41 114 2
129 238 1
90 239 8
70 137 1
41 186 8
114 210 2
161 232 2
4 198 1
41 236 19
114 261 6
125 144 4
151 152 7
151 246 11
116 238 20
90 152 2
152 263 2
82 223 1
151 186 10
186 209 9
48 147 1
13 217 1
13 87 8
83 223 1
106 163 1
126 262 1
72 79 6
50 211 2
93 262 3
82 249 3
53 53 3
134 258 1
140 223 3
45 233 2
148 247 1
61 177 4
88 138 9
45 132 9
75 260 2
80 141 1
87 236 6
113 137 20
61 100 8
50 93 1
143 143 19
76 193 1
13 263 2
41 262 4
56 230 1
152 152 10
12 33 1
14 209 1
4 62 1
114 212 2
83 263 1
45 209 3
87 181 3
225 255 2
70 82 2
152 239 6
114 255 2
106 256 1
90 243 2
64 132 4
43 113 3
148 175 1
132 211 19
224 234 13
186 247 1
80 200 1
41 93 2
164 168 1
43 230 20
68 188 7
7 43 1
28 191 1
48 169 3
107 116 1
61 90 2
237 261 2
130 148 1
230 249 34
198 255 2
196 229 3
182 220 1
250 250 2
13 164 7
36 231 2
48 261 3
106 132 4
79 134 1
82 233 2
114 168 4
74 181 1
242 249 1
1 237 12
75 259 1
132 218 15
162 196 1
129 234 5
68 260 1
163 261 8
65 186 8
43 163 14
132 168 4
82 226 7
215 239 2
130 186 1
70 70 1
82 90 3
93 152 1
82 234 6
33 249 5
106 231 2
28 50 1
13 100 5
43 161 23
43 229 6
13 148 2
12 113 2
41 164 2
7 152 1
144 233 6
90 224 8
80 238 1
142 145 14
107 129 2
68 166 8
87 140 5
107 141 29
1 262 2
41 43 9
138 158 12
45 262 3
243 262 7
125 239 6
26 26 12
13 186 21
1 238 13
75 87 4
97 191 3
116 236 3
75 249 8
132 201 2
114 162 11
209 234 2
43 234 5
158 239 1
37 164 2
137 239 4
137 238 9
137 138 21
93 100 3
70 193 1
90 93 2
140 163 15
50 88 5
179 230 5
69 136 2
213 263 2
146 262 9
65 237 1
24 132 17
70 138 4
179 238 4
48 83 7
191 241 1
43 68 18
4 170 1
41 234 9
61 61 10
7 74 8
158 228 2
140 152 2
13 48 12
46 75 1
68 125 17
219 261 2
36 100 1
50 237 16
13 13 7
45 246 2
87 141 10
137 151 6
88 209 1
158 224 2
79 238 8
13 239 27
138 231 22
79 230 26
143 231 5
211 233 3
246 261 1
158 246 7
87 163 11
25 186 3
7 87 2
138 166 18
146 164 2
87 116 1
33 230 12
125 236 10
137 261 2
202 229 3
233 238 9
82 95 2
130 141 1
35 68 2
32 143 4
147 174 1
78 244 1
19 42 4
137 191 1
10 145 1
259 262 3
228 228 4
119 161 2
116 186 1
43 215 1
145 146 6
82 113 2
145 234 6
69 170 1
231 233 13
18 51 1
88 97 5
114 142 5
76 149 8
1 13 11
74 145 2
137 231 8
1 90 6
224 263 3
17 107 2
69 174 2
75 138 26
25 49 1
37 211 9
24 233 8
13 129 5
142 262 16
56 158 1
97 170 6
21 132 5
43 239 20
4 224 2
1 211 5
75 166 6
33 33 3
88 141 4
112 162 1
49 263 1
48 168 5
79 126 13
125 138 9
130 237 1
114 231 16
113 218 3
90 140 11
152 163 5
123 141 1
170 211 17
10 244 1
50 61 7
102 235 15
219 219 1
10 143 1
129 145 4
90 144 12
18 87 1
113 261 6
138 223 5
24 262 2
35 258 1
24 246 2
70 262 1
163 223 5
87 261 6
144 261 4
163 166 2
196 230 8
100 249 10
150 150 2
113 244 5
25 33 1
93 164 1
107 261 6
179 226 5
65 226 8
143 168 9
140 168 1
143 166 9
137 249 11
63 148 1
101 140 2
37 112 1
70 151 1
40 133 1
54 100 2
188 249 2
90 189 2
107 165 2
132 208 2
79 215 2
17 100 4
76 248 1
240 262 4
144 202 2
100 211 6
75 224 8
232 249 4
97 97 2
74 247 1
97 114 1
129 231 7
140 248 1
13 40 2
10 43 1
41 138 9
112 239 2
22 140 1
97 186 1
68 261 6
7 14 1
145 161 5
50 236 7
45 263 9
45 113 1
123 123 7
79 257 1
13 246 8
152 223 1
79 181 13
97 231 1
138 194 2
35 197 13
50 189 4
74 97 1
107 157 7
34 170 2
60 74 3
100 152 1
68 106 1
20 116 2
88 100 5
74 163 3
159 263 1
166 239 13
43 170 12
160 180 1
52 140 2
33 49 3
88 186 14
188 237 2
66 226 7
75 159 4
13 161 17
52 233 4
226 233 6
91 107 1
42 231 5
132 185 1
24 100 4
10 170 3
75 212 2
102 132 3
112 142 5
52 231 2
87 229 3
13 68 7
9 138 1
62 249 2
211 236 9
129 237 5
50 224 6
158 163 4
74 226 1
24 244 8
142 152 6
141 209 3
79 154 1
25 161 4
94 239 1
100 125 15
138 179 5
185 263 1
164 177 3
89 90 3
74 90 3
93 114 2
50 141 9
125 162 7
75 193 2
95 228 3
50 143 18
152 230 7
69 213 3
113 189 1
88 256 1
52 162 6
88 263 3
107 152 1
60 151 1
127 238 3
100 239 10
13 262 5
7 261 1
13 140 8
17 224 1
43 246 2
141 244 3
25 193 1
193 223 1
13 233 1
42 237 7
1 68 16
1 146 1
90 255 5
158 233 4
70 146 1
33 138 4
18 236 1
83 97 1
114 179 1
97 226 1
145 237 4
232 262 2
25 229 1
45 238 2
83 163 3
20 132 4
90 247 2
140 169 3
43 233 5
141 168 6
134 238 1
41 79 7
145 229 4
97 249 2
146 239 1
12 132 3
88 125 1
129 249 3
42 193 1
37 62 7
23 208 2
140 209 4
13 141 4
48 92 1
168 262 1
32 174 5
79 193 1
107 146 1
143 233 4
56 209 1
151 262 6
166 223 5
163 255 2
14 218 2
12 79 3
33 246 1
75 243 9
93 230 3
68 189 3
181 231 4
7 246 2
148 238 2
73 132 6
93 236 3
132 207 1
132 153 1
93 162 4
179 236 3
62 170 2
142 232 2
161 224 6
224 229 5
145 249 1
37 107 2
25 37 2
158 230 5
74 261 1
128 236 1
151 233 3
12 48 7
132 160 12
79 166 5
82 170 5
90 233 5
1 87 5
45 140 3
209 230 2
25 141 3
67 132 3
14 33 1
98 170 1
1 25 1
37 249 2
13 65 1
164 179 4
7 233 4
87 114 7
145 193 12
87 224 7
43 231 3
170 181 2
145 148 5
162 166 2
42 249 4
140 246 8
166 233 1
78 168 11
29 132 8
113 152 2
142 209 3
114 138 9
13 163 5
138 200 1
17 228 2
1 246 4
177 181 1
90 125 3
13 211 2
164 260 5
236 260 1
56 260 2
43 249 5
226 238 7
261 262 2
50 196 2
182 229 9
87 189 2
13 152 1
51 248 3
193 244 3
69 244 1
1 41 1
31 233 1
188 188 5
56 229 1
87 97 3
82 261 1
107 126 1
93 261 1
132 242 2
136 208 1
170 198 1
138 198 2
7 121 3
159 262 2
141 173 1
146 246 1
234 257 1
40 164 3
148 154 1
148 206 2
40 137 2
42 126 4
146 205 9
95 137 1
22 249 2
129 244 1
158 234 15
113 237 9
116 138 3
7 236 4
19 134 11
13 244 1
77 231 1
88 224 3
173 179 10
213 254 1
125 170 8
93 142 4
202 226 1
79 151 9
137 256 1
134 162 1
4 246 1
147 233 1
26 79 1
125 167 1
198 230 3
1 141 3
3 231 2
75 246 7
249 256 2
169 234 1
88 229 4
142 168 9
140 224 4
230 232 2
19 145 2
129 164 2
116 158 4
33 48 3
82 196 4
114 237 1
50 243 3
239 241 1
66 90 1
83 260 3
181 237 1
132 150 2
68 247 3
40 138 2
174 235 1
36 148 13
242 242 10
125 263 5
144 239 2
42 239 2
88 250 2
24 43 2
100 158 7
95 223 1
87 257 1
45 136 3
146 209 1
75 226 1
157 170 4
41 50 5
212 212 2
62 233 1
236 261 1
3 208 3
50 87 2
42 213 6
137 152 5
146 146 12
186 232 4
74 169 2
162 247 1
238 243 5
56 68 2
168 230 2
90 151 4
40 231 2
114 226 1
74 223 3
100 116 6
80 232 3
208 244 1
230 261 8
134 230 1
93 148 1
65 170 2
29 29 6
231 237 4
50 262 7
68 158 13
87 228 1
106 106 3
146 202 1
141 211 3
82 164 2
107 142 11
132 154 1
211 237 2
141 228 1
174 229 4
231 255 2
37 255 3
11 48 2
48 212 1
200 244 1
100 179 1
112 164 1
107 255 3
56 113 3
24 113 3
65 74 1
24 144 1
85 148 1
52 261 1
116 169 1
116 148 2
167 232 1
140 196 1
146 162 4
42 232 3
71 79 3
114 181 1
89 114 1
75 256 1
79 140 9
36 80 1
234 258 1
135 138 1
164 244 6
237 249 4
223 237 2
148 160 3
4 137 3
166 263 3
33 148 3
68 70 2
130 145 1
61 163 1
211 239 3
66 66 1
7 196 6
52 74 1
56 112 1
48 155 1
7 243 1
11 234 1
148 237 4
229 232 4
33 90 2
148 209 3
43 260 2
116 193 2
89 162 5
179 217 1
89 181 2
114 236 3
119 132 1
25 40 1
1 232 1
45 114 3
161 194 1
17 97 4
89 209 1
24 170 2
74 126 4
146 161 1
179 237 4
144 263 2
140 143 8
145 236 1
211 226 1
137 144 4
144 237 2
18 74 1
211 223 1
75 129 1
102 170 1
69 100 7
82 107 3
37 65 3
141 198 1
7 175 1
137 189 1
28 230 1
116 202 1
90 188 7
42 256 1
37 100 4
37 50 2
10 230 2
33 233 3
36 144 2
41 61 1
237 260 3
160 263 1
100 223 3
70 229 1
129 161 8
61 249 6
90 146 2
152 249 1
65 256 1
179 249 2
49 164 3
36 234 1
74 113 3
70 239 6
49 68 1
79 118 2
146 233 2
49 223 1
50 113 4
80 88 1
179 229 2
20 42 1
144 173 1
75 232 3
210 249 1
48 171 1
95 173 1
144 161 4
16 38 1
78 254 1
40 119 3
57 234 1
48 128 1
90 232 3
68 144 4
197 197 2
151 163 5
146 166 1
47 238 1
142 233 6
4 196 2
129 146 8
90 257 1
230 247 2
29 211 1
132 221 1
188 232 1
98 161 1
232 233 1
79 217 2
79 195 1
45 87 1
142 216 1
25 45 2
146 148 2
62 137 7
129 170 5
80 198 3
100 235 1
45 260 1
162 173 3
142 247 2
28 82 1
244 247 3
7 18 1
17 232 2
80 92 1
116 211 1
89 186 1
61 107 3
75 179 1
52 148 2
7 231 3
106 144 1
61 186 3
79 188 4
88 181 2
48 225 2
52 181 2
37 256 4
107 256 2
137 158 1
100 243 1
93 239 3
88 188 1
41 233 2
150 170 1
33 231 1
100 112 2
90 259 1
132 247 1
47 232 1
68 102 1
106 211 1
65 164 1
146 249 2
4 80 1
113 256 1
37 261 1
61 164 2
54 249 1
194 237 1
164 171 1
90 181 2
7 114 4
107 125 7
116 164 2
87 158 2
11 87 1
170 256 2
211 227 1
61 230 2
49 256 1
216 231 1
129 247 1
4 13 2
17 65 2
18 249 1
18 20 1
62 90 1
250 262 2
143 145 3
67 230 1
80 162 1
70 116 2
148 212 1
162 256 1
76 113 1
14 237 1
74 144 2
113 143 4
234 247 2
90 228 1
202 249 3
249 257 3
232 261 3
86 132 18
220 223 1
1 140 2
13 137 6
158 236 3
68 139 1
75 146 4
143 151 10
83 230 1
61 97 5
116 247 3
107 239 4
90 256 3
41 242 1
229 260 4
215 215 1
93 141 1
164 209 1
42 211 1
70 233 1
42 134 1
193 263 7
83 132 4
186 188 1
93 163 2
17 225 1
56 137 3
208 242 1
28 75 1
50 158 1
66 140 1
19 101 1
53 142 6
87 166 2
134 226 1
179 239 1
216 236 1
161 211 7
87 263 2
142 243 2
13 142 4
79 145 4
149 186 1
152 233 1
35 142 2
56 87 2
87 144 4
12 262 1
116 208 1
113 116 4
134 192 1
161 209 7
25 246 1
127 230 3
88 107 4
145 260 2
41 69 1
215 238 2
88 145 2
7 158 4
74 100 5
69 237 6
24 79 2
101 231 1
116 162 1
41 244 5
24 162 1
93 170 1
132 183 1
151 168 1
75 144 3
129 144 2
119 137 1
36 90 3
246 262 7
167 250 1
248 250 1
56 79 2
70 163 2
141 225 1
125 262 1
136 177 1
49 49 1
113 166 3
75 218 2
34 238 1
68 243 2
152 254 11
12 261 2
215 263 1
87 215 13
145 197 2
79 146 3
58 148 1
137 146 2
90 197 3
157 226 1
198 198 3
170 215 8
53 186 1
130 130 2
145 238 1
28 236 1
132 171 8
223 262 2
156 261 1
113 262 2
234 256 4
88 238 2
138 260 3
224 246 9
40 40 1
138 146 8
67 89 3
107 189 5
146 231 1
48 190 1
13 50 6
162 188 1
33 50 1
55 132 2
45 231 2
65 262 2
142 231 8
228 239 1
4 125 1
82 140 5
146 250 3
65 87 3
48 193 1
53 143 1
13 236 2
1 33 2
85 133 1
112 138 1
83 161 1
125 260 1
161 256 2
235 238 1
112 238 1
114 238 2
41 231 1
255 262 1
228 249 3
151 194 1
13 230 9
102 130 7
1 52 1
137 182 1
92 215 6
10 68 1
188 229 1
69 183 1
137 149 1
116 161 2
4 87 1
224 226 1
50 166 1
33 42 1
42 159 3
160 237 1
250 256 1
45 100 1
138 224 8
224 261 1
70 79 1
132 187 1
1 114 3
113 226 3
24 186 4
106 113 2
56 144 1
80 158 2
151 224 1
166 244 7
78 182 1
34 132 1
65 137 3
19 88 1
126 233 1
141 166 3
93 171 1
145 163 1
113 192 1
88 163 6
142 194 2
159 159 1
86 209 1
142 226 3
135 142 1
216 226 2
132 194 3
68 93 1
79 93 2
18 244 1
69 97 1
185 239 1
20 78 1
194 230 1
95 121 1
70 162 2
181 186 1
37 186 2
54 148 1
50 65 2
48 179 2
47 75 1
123 249 1
70 230 2
132 182 1
89 233 1
69 141 2
141 195 1
43 93 1
223 231 7
81 209 2
101 132 4
82 145 1
97 113 1
119 164 1
144 209 3
143 179 1
182 261 1
236 244 6
164 256 3
95 246 1
1 45 1
128 141 1
132 259 4
43 137 3
40 229 1
69 152 1
18 136 1
65 249 2
13 134 3
74 179 2
74 143 1
132 210 5
28 170 1
127 166 2
4 238 2
83 261 1
209 233 2
83 129 2
14 50 1
197 232 1
179 246 4
186 215 1
87 238 1
4 142 1
14 214 1
88 142 2
42 223 1
148 236 2
166 228 1
79 228 6
197 226 1
138 243 1
93 151 1
75 231 3
137 168 4
116 140 6
25 260 1
21 48 1
13 196 1
87 143 2
22 231 1
65 163 2
24 237 2
28 223 1
142 223 2
13 224 1
145 152 1
25 233 3
223 238 3
148 189 2
76 155 6
148 190 1
167 262 2
223 236 2
48 55 1
51 151 1
65 133 1
186 196 2
108 132 3
48 63 9
208 243 2
25 230 2
141 151 3
194 262 1
33 236 1
95 198 1
107 190 1
10 226 2
114 224 1
138 189 2
4 163 3
67 90 1
100 173 1
170 216 2
90 209 4
155 225 1
56 88 1
223 255 1
157 162 1
175 175 1
186 191 3
107 188 1
25 238 2
188 189 10
83 186 1
119 141 1
166 249 1
10 146 3
75 157 1
70 74 1
76 114 2
24 82 1
121 138 2
25 65 2
40 68 1
52 195 1
50 215 1
26 43 1
56 234 4
181 261 3
231 260 1
50 76 5
68 196 1
114 127 2
226 231 1
41 237 8
107 179 3
28 200 1
166 226 2
119 162 1
13 56 2
93 145 1
83 236 2
17 45 1
33 211 1
48 119 1
4 152 1
10 239 3
116 143 1
48 56 2
95 234 2
79 211 5
28 229 1
113 177 1
14 161 1
239 261 1
45 234 2
48 211 1
134 236 1
48 160 1
112 163 2
112 113 1
28 90 2
224 233 5
107 173 1
173 239 2
166 230 2
219 249 1
48 93 4
152 261 2
4 138 1
13 237 9
211 215 1
93 137 2
151 243 2
48 213 1
74 174 2
238 254 1
179 209 3
34 61 2
13 43 1
130 138 1
82 100 2
178 186 1
138 145 2
127 231 2
47 237 3
119 140 1
70 237 1
138 248 1
10 83 1
83 138 1
113 225 2
142 227 1
89 249 11
143 211 1
1 209 2
137 244 1
41 229 2
158 238 1
129 261 2
130 263 1
82 87 2
56 163 1
42 235 2
165 165 4
161 197 1
37 155 1
4 42 2
196 234 7
219 237 1
24 243 1
127 152 2
1 144 1
177 230 1
33 66 1
186 256 1
224 239 1
129 224 1
37 189 1
100 177 1
39 80 1
197 236 1
37 76 3
229 259 1
17 80 7
68 232 1
100 133 3
42 45 1
48 220 1
143 229 1
25 140 2
137 159 1
127 211 1
181 188 1
151 223 1
148 243 1
211 212 2
41 125 1
226 248 1
231 243 1
145 223 6
114 220 1
181 211 3
47 168 3
100 200 2
238 240 1
141 152 2
68 169 2
42 90 5
116 220 1
116 261 1
157 249 1
36 209 1
36 198 3
113 224 7
249 263 5
37 114 2
249 255 1
140 188 1
4 209 4
130 170 2
80 225 1
1 133 1
75 240 1
182 242 5
237 244 3
43 146 2
211 230 2
166 246 2
129 192 1
217 225 1
223 239 4
62 234 1
68 111 1
248 249 1
171 186 2
10 137 1
173 230 1
79 260 3
168 233 2
243 247 1
83 164 1
68 146 1
7 33 1
48 89 2
164 188 1
193 229 3
77 179 1
28 68 1
22 79 1
238 241 1
65 158 1
164 250 1
189 231 2
132 253 1
93 107 3
185 244 1
93 263 3
28 125 2
48 159 2
10 193 1
144 180 1
45 195 2
61 89 4
137 177 4
74 231 2
234 254 1
50 152 1
125 198 1
83 238 1
83 144 2
148 215 1
69 232 1
79 83 2
17 198 1
177 198 1
114 263 1
74 256 1
42 47 1
189 256 1
48 247 1
159 168 1
4 211 2
157 234 2
157 263 1
148 197 1
146 186 3
145 255 2
137 166 1
157 246 1
14 87 2
76 107 3
83 141 1
42 194 1
92 231 1
33 80 1
148 257 1
70 223 1
37 166 1
49 91 2
185 209 1
141 247 2
13 54 1
209 249 2
37 142 1
223 260 1
223 249 1
125 202 1
7 83 2
50 151 1
25 185 1
25 249 1
93 125 1
180 255 1
121 130 1
74 129 1
18 116 1
127 169 1
116 223 1
4 226 2
14 124 1
211 261 1
13 62 3
74 137 4
82 229 3
62 148 1
132 159 2
48 78 2
42 224 1
100 196 1
93 231 1
41 223 1
173 186 2
157 236 1
142 157 1
81 132 1
75 134 2
36 158 1
114 244 1
139 205 4
53 129 1
193 260 1
106 195 2
161 223 1
100 259 1
12 231 1
151 200 1
75 194 3
90 97 2
134 170 1
185 236 1
114 129 1
148 223 1
70 260 7
41 45 1
50 114 1
138 144 4
39 113 2
41 158 1
17 231 1
4 45 1
87 146 1
41 87 2
36 181 1
60 238 1
145 186 2
74 157 1
41 72 1
166 234 1
186 189 2
37 181 1
223 244 1
94 140 1
132 241 1
107 130 1
97 161 2
18 42 1
185 213 1
229 241 1
129 211 2
25 80 2
69 159 1
50 125 3
161 189 1
41 247 1
95 134 2
228 261 1
186 227 1
168 170 2
28 161 1
193 216 1
93 113 3
92 239 1
56 82 1
66 97 1
129 166 4
88 255 2
62 139 3
39 137 8
50 261 1
78 230 1
48 65 1
185 238 1
20 241 1
20 59 1
60 126 1
126 126 2
129 142 1
196 218 5
68 227 1
10 205 11
113 239 2
163 260 1
222 230 1
25 25 4
144 168 3
81 87 1
24 107 1
100 189 1
122 239 3
68 168 3
166 231 1
36 92 2
76 197 3
7 75 1
101 223 9
40 170 3
72 165 1
22 137 1
14 140 1
74 219 1
181 230 3
91 140 1
112 260 4
88 236 2
113 263 2
246 256 1
162 209 2
164 215 1
65 209 1
108 166 1
55 197 1
75 76 2
36 146 1
28 231 1
146 160 2
72 261 4
137 181 1
193 211 1
226 243 1
137 167 3
28 239 1
134 144 1
209 246 3
25 97 1
7 197 1
158 261 4
78 137 1
132 248 1
61 87 7
75 216 2
140 251 1
13 229 1
45 181 1
45 211 1
125 129 1
93 229 2
24 129 3
70 87 1
41 119 3
34 151 1
188 230 1
23 132 1
170 212 1
97 260 1
140 159 2
75 83 1
39 138 1
10 164 1
33 164 1
233 243 2
74 225 2
89 189 1
25 87 1
216 229 1
233 255 1
216 237 1
45 162 1
132 169 3
95 162 1
21 100 1
163 188 1
4 17 1
186 235 1
75 213 1
132 240 2
78 161 1
142 159 1
235 247 2
232 238 2
222 261 1
163 225 1
23 43 1
160 260 1
83 160 1
107 221 1
21 234 1
146 234 1
97 138 2
95 170 1
132 206 1
130 158 1
93 249 2
134 232 1
145 207 1
65 107 2
224 236 2
102 226 1
83 237 1
24 116 3
97 107 2
140 213 1
56 56 2
69 230 5
132 156 1
43 129 3
10 141 1
162 232 2
43 56 1
43 45 1
143 173 1
137 258 6
76 179 2
65 167 1
19 132 2
209 226 1
41 169 1
226 239 1
13 232 1
7 224 1
125 225 2
140 261 1
49 66 1
34 90 1
83 231 6
196 239 1
171 179 1
68 193 1
25 228 1
141 224 1
94 116 1
10 65 1
148 216 1
29 257 1
82 157 1
56 138 1
170 247 2
13 158 2
51 68 1
45 93 1
76 137 5
49 113 1
79 190 2
88 90 2
88 216 24
62 97 3
13 97 1
167 239 1
107 248 1
34 231 1
188 246 1
65 228 1
48 72 3
52 87 2
7 173 1
79 220 3
169 262 1
137 213 2
125 237 1
65 246 1
70 148 1
50 102 1
80 186 3
73 175 1
65 88 1
51 132 2
41 212 1
25 68 1
50 181 1
151 229 3
43 261 2
147 244 1
69 211 1
161 168 1
71 74 7
231 256 1
37 263 2
218 218 1
7 228 1
45 68 2
1 158 3
100 198 1
12 88 1
120 209 1
177 233 2
74 127 1
71 90 1
183 230 1
89 141 1
53 68 1
37 246 1
87 260 1
144 164 2
153 231 3
62 72 3
190 231 1
76 145 3
250 254 1
14 216 4
69 239 1
168 249 1
145 213 13
42 65 1
37 45 1
43 197 1
106 249 1
79 196 1
97 233 2
116 170 2
35 86 1
100 134 1
132 147 1
92 129 1
140 226 5
247 247 2
4 141 2
11 132 3
117 170 1
42 229 1
77 193 1
75 93 1
79 235 3
87 134 1
62 188 9
52 170 1
42 93 1
12 13 1
66 88 1
52 113 1
127 239 1
229 261 1
224 231 3
82 179 1
50 225 1
18 163 2
10 231 1
79 127 1
14 246 1
90 134 1
85 100 1
143 152 1
170 209 2
100 181 1
158 263 1
43 166 1
57 179 1
164 165 1
90 254 2
24 234 1
93 140 1
14 256 1
112 145 1
144 232 3
112 141 2
90 159 1
186 212 2
161 193 2
60 168 1
66 141 1
88 140 3
153 244 1
144 224 1
145 157 1
80 164 1
1 152 1
122 226 1
112 226 2
40 52 1
50 221 1
107 247 1
25 177 1
72 231 1
97 158 1
40 209 1
145 263 2
16 223 1
192 192 1
75 183 1
137 235 3
68 191 1
28 79 1
35 115 1
145 170 3
82 142 2
82 242 1
31 230 1
97 125 1
140 194 1
257 263 1
18 230 1
163 168 1
60 186 1
211 262 1
100 241 1
69 242 1
137 247 1
33 144 1
116 243 2
100 127 1
28 148 2
162 255 1
77 238 1
73 170 1
11 65 1
4 158 1
177 186 1
45 186 2
33 170 1
70 179 2
211 260 1
41 126 1
37 68 2
107 135 1
216 239 1
232 256 5
70 100 1
50 209 1
3 170 1
36 233 1
22 148 1
68 95 1
221 221 1
60 234 1
36 50 1
48 255 1
68 182 1
173 229 1
37 95 1
66 256 1
42 144 1
49 226 1
33 68 1
56 107 1
148 259 1
61 140 5
162 193 1
173 211 1
33 107 1
148 196 1
9 196 1
54 231 1
36 232 1
79 177 1
80 163 1
137 173 1
42 50 1
65 95 1
69 249 2
121 230 1
121 131 1
4 65 1
24 236 3
90 136 1
179 211 1
116 144 1
50 144 1
47 229 1
37 113 2
68 179 1
97 225 3
112 225 1
67 68 1
65 260 1
90 212 1
10 140 1
90 248 1
52 107 1
50 260 1
49 232 1
49 230 1
48 235 1
112 170 1
232 263 1
60 164 1
37 48 2
37 66 13
13 243 2
89 239 1
68 248 1
80 255 1
93 216 1
7 238 1
45 116 1
145 209 1
48 54 1
48 136 1
37 145 1
170 232 1
39 91 3
131 131 1
154 158 1
235 243 1
178 188 1
22 100 1
144 145 1
157 233 1
130 249 1
49 137 1
115 132 1
28 143 1
28 220 1
90 157 1
18 132 1
142 202 1
137 188 11
42 143 2
17 226 11
24 140 2
247 262 1
63 137 1
134 198 2
145 262 1
17 137 6
70 142 2
39 48 2
75 222 1
100 240 1
216 234 1
14 224 1
151 211 1
36 186 1
13 17 1
113 193 1
138 255 1
66 230 1
48 216 1
20 113 1
138 252 1
35 133 1
34 79 1
43 87 1
43 109 1
13 144 1
144 220 1
163 241 1
18 248 1
61 115 1
89 261 1
157 186 1
121 157 1
74 80 1
39 164 1
33 114 1
28 162 1
33 37 1
10 209 1
130 232 1
70 107 1
130 233 1
28 263 1
74 216 1
21 193 1
61 211 1
12 107 1
88 151 2
140 247 1
92 148 1
40 234 3
25 138 1
82 246 1
65 72 2
4 237 1
126 140 1
93 143 1
68 181 1
93 146 1
142 182 3
140 215 1
12 237 1
145 246 1
157 231 1
82 211 2
72 136 1
47 132 1
179 233 1
65 65 3
42 69 1
164 198 1
119 186 1
78 241 1
80 125 1
132 250 2
132 193 1
133 138 1
78 132 1
232 246 1
52 186 1
40 90 3
93 209 1
96 132 1
26 89 1
42 137 1
235 244 1
75 92 1
45 223 1
127 186 1
219 242 1
50 168 2
168 237 1
28 48 1
173 226 1
191 191 1
46 168 2
146 238 1
130 135 1
1 166 1
72 185 1
75 217 1
82 236 1
173 223 1
164 227 1
93 234 1
90 155 1
51 125 1
100 224 1
127 161 1
235 260 1
43 50 1
132 174 1
139 209 6
79 152 1
48 176 1
212 229 1
145 224 1
61 145 1
163 196 1
114 166 1
151 231 1
127 144 1
200 243 1
211 255 1
224 260 1
74 193 1
186 260 1
143 261 1
151 249 2
169 244 1
87 173 1
168 181 1
189 246 1
43 125 1
75 155 1
17 163 1
35 230 2
82 230 1
33 78 1
62 256 1
74 211 1
66 87 1
55 61 1
45 161 1
248 248 1
94 161 1
144 226 1
61 232 1
75 127 1
75 119 1
22 158 1
61 142 12
223 233 1
135 135 1
8 74 1
143 226 1
130 231 1
72 72 1
40 249 1
38 61 1
33 38 1
126 151 1
224 232 1
163 173 1
140 177 1
234 235 1
113 149 1
42 243 1
74 250 1
173 173 1
75 136 1
134 262 1
141 255 1
7 80 1
61 125 2
66 113 1
113 242 1
163 209 2
168 211 1
211 232 1
164 243 1
159 186 1
76 234 1
8 145 1
37 125 1
126 223 1
42 88 1
138 228 1
68 241 1
175 249 1
58 132 1
107 193 1
33 137 1
60 113 1
10 114 1
81 254 1
17 61 2
48 183 1
197 216 1
151 242 1
134 244 1
160 196 1
134 233 1
63 68 10
75 117 1
35 174 1
197 201 1
39 229 2
188 209 13
88 92 5
91 129 5
235 241 2
68 136 1
215 218 1
51 254 5
89 165 16
87 165 1
166 219 10
231 254 1
14 177 1
62 71 2
65 83 1
10 142 18
205 240 1
97 130 2
126 236 3
29 55 4
182 234 1
39 165 1
137 157 1
151 219 4
31 60 1
124 137 22
97 219 10
65 191 4
242 254 6
49 107 1
74 208 1
179 213 1
88 182 6
140 205 7
20 231 14
47 169 3
139 226 7
71 88 10
97 134 1
205 231 23
95 231 5
45 180 4
37 228 1
182 197 11
19 218 8
88 173 2
69 140 1
68 167 1
35 166 3
75 205 2
72 76 7
39 234 1
140 218 4
91 145 1
216 232 1
163 219 2
205 205 3
102 157 4
102 258 14
213 222 1
106 218 9
192 205 7
153 186 1
136 205 1
61 233 1
72 142 8
212 242 7
55 97 1
35 234 7
163 171 8
3 87 1
77 86 1
94 174 4
61 210 1
190 222 1
61 242 2
227 254 1
97 195 1
25 188 5
45 51 10
85 228 4
235 236 1
65 205 4
95 130 7
174 205 3
48 69 1
7 167 2
60 254 4
107 191 5
167 242 8
33 53 4
87 218 2
21 155 6
45 227 5
89 188 11
213 213 4
42 248 1
16 60 2
107 136 1
51 226 1
10 215 1
72 222 5
76 201 1
39 76 4
42 97 5
35 39 6
137 198 11
26 210 1
47 244 3
97 218 3
89 151 3
10 18 1
87 216 4
93 196 4
45 218 6
48 76 2
71 72 1
26 133 6
80 138 1
46 185 5
42 226 3
61 139 9
129 215 3
10 162 8
86 226 1
72 188 1
116 232 1
134 205 6
51 163 3
42 254 1
76 76 2
76 188 3
140 216 1
61 159 1
140 171 4
10 242 5
37 130 1
28 76 5
164 240 2
159 246 1
102 256 2
136 162 15
254 254 6
61 222 4
107 218 9
76 139 8
71 85 2
165 188 7
216 243 3
14 35 3
38 231 7
136 263 3
85 165 2
188 241 3
65 147 3
133 185 2
71 233 6
39 60 2
143 182 2
72 88 8
71 227 2
73 121 4
72 75 4
61 226 9
3 3 2
11 216 2
39 197 8
188 236 4
71 203 5
96 213 7
71 107 2
25 76 2
85 209 8
41 258 4
92 144 6
91 188 2
168 254 3
81 231 4
65 86 2
28 92 5
164 216 2
136 246 2
61 137 4
106 177 2
76 93 4
191 216 2
149 180 6
209 256 7
16 121 4
62 165 8
51 208 9
203 226 2
197 254 13
41 88 5
191 240 4
121 161 10
183 193 4
165 257 4
107 219 2
210 222 2
35 179 2
159 260 2
76 88 12
61 106 7
35 242 4
10 241 7
71 89 4
16 218 2
124 180 2
76 226 9
61 94 2
125 213 3
28 102 2
71 162 4
26 225 2
242 248 2
225 243 2
88 248 4
205 209 4
142 205 4
222 242 4
76 222 4
76 162 7
25 72 5
92 163 8
56 130 3
51 242 12
39 89 2
51 87 4
77 170 2
129 209 2
205 226 11
17 146 2
35 90 2
42 146 5
167 226 6
157 157 2
87 205 2
56 203 2
78 209 10
88 129 7
39 93 2
20 151 3
36 95 7
28 131 2
25 191 2
191 261 2
67 188 3
72 189 2
143 196 2
101 216 2
35 137 6
39 155 2
130 260 2
17 52 6
75 215 2
205 215 3
62 231 5
170 258 3
85 137 6
130 134 2
140 222 2
216 261 2
89 97 2
9 121 4
121 226 3
38 164 7
48 203 4
89 226 2
35 155 2
13 147 2
14 188 6
67 228 4
28 203 2
88 93 2
16 82 2
45 77 9
126 237 5
137 147 2
145 218 5
64 130 2
26 35 3
76 213 2
75 91 2
17 37 2
100 130 2
87 259 5
170 218 3
74 131 2
188 203 7
82 137 2
39 233 4
17 189 2
65 218 4
42 255 2
51 88 2
39 39 4
28 205 5
81 162 2
35 145 2
61 192 2
35 65 6
4 129 2
181 218 5
216 250 2
79 139 2
82 130 4
19 226 5
60 60 2
225 226 2
56 241 3
79 191 2
49 80 3
72 108 2
131 205 2
39 145 2
137 190 4
50 250 2
162 258 2
39 222 2
157 179 2
141 191 2
130 168 2
107 258 3
85 242 2
95 218 2
197 239 2
208 235 2
49 254 2
11 22 2
41 135 2
69 254 2
61 183 2
14 205 3
49 90 2
92 194 2
52 119 5
71 222 2
90 121 2
148 201 2
39 81 2
60 171 2
203 233 2
50 255 1
197 248 2
119 230 2
69 197 2
130 177 4
102 164 3
61 114 1
91 137 1
85 220 1
69 216 4
48 177 1
209 215 2
81 82 7
76 207 3
130 200 3
91 226 3
76 124 1
161 205 3
16 83 2
18 209 2
101 260 1
68 131 3
137 183 1
7 42 1
121 209 1
45 78 1
87 203 1
14 89 1
32 50 1
146 167 3
76 95 2
102 233 1
62 140 2
134 174 1
91 147 1
76 224 1
122 143 1
89 166 4
209 216 1
213 258 2
87 182 5
146 225 2
26 124 1
174 231 4
88 101 1
85 140 1
168 231 1
180 201 1
39 230 1
88 235 3
203 242 3
218 226 1
39 101 1
49 61 2
182 231 1
81 185 1
35 80 1
11 55 1
11 228 1
85 223 2
66 218 1
182 249 1
227 228 4
235 249 1
219 250 2
237 243 1
164 247 1
22 71 2
61 82 1
39 96 1
77 140 1
32 100 1
139 218 2
85 216 1
126 141 1
21 198 1
75 147 1
55 91 1
107 210 1
91 234 2
10 136 1
225 242 3
205 261 2
129 137 1
10 76 4
48 139 1
17 188 1
181 222 2
134 216 3
131 145 1
25 35 2
10 41 1
139 181 1
18 90 1
107 177 1
71 113 2
81 248 1
51 259 2
35 235 1
205 223 1
146 212 1
26 123 1
76 117 2
92 135 1
102 161 1
47 205 2
35 35 1
140 181 3
72 77 1
37 203 1
75 203 2
76 242 2
94 145 5
49 86 1
42 225 1
10 31 1
45 212 1
72 246 1
35 224 1
75 196 1
89 125 1
117 201 1
102 148 1
188 223 3
61 146 1
213 242 2
76 182 1
192 262 1
4 145 1
183 212 1
92 145 2
62 69 1
67 205 1
35 157 1
41 83 1
119 261 1
117 137 1
151 205 1
38 137 2
47 235 1
69 225 1
36 134 1
61 162 1
81 146 1
137 222 1
29 123 1
215 216 1
55 55 1
61 72 4
129 183 1
14 21 1
76 106 1
86 93 1
87 91 1
71 209 1
67 218 1
78 130 2
41 188 3
97 137 1
155 164 1
139 177 1
25 39 1
45 259 1
35 117 1
49 141 1
26 71 2
38 141 1
130 164 1
76 231 1
216 247 1
76 122 2
73 226 1
158 216 2
18 151 1
76 205 2
39 188 1
17 76 1
87 254 1
35 208 1
71 164 2
153 220 1
18 130 1
87 149 1
155 263 1
48 182 1
93 139 1
145 219 4
22 155 1
50 69 1
76 233 1
139 236 1
72 230 1
92 261 2
85 233 1
76 147 2
81 241 1
88 123 2
75 197 1
248 261 1
180 197 1
81 88 2
215 257 1
97 205 2
3 81 1
152 213 1
48 98 1
139 139 1
38 146 1
69 188 1
39 71 2
107 196 1
224 258 1
219 226 1
51 233 1
21 91 1
205 218 1
79 197 1
169 197 1
7 250 2
92 191 1
17 175 1
197 203 2
173 224 1
25 205 2
14 123 1
100 155 1
88 180 1
39 262 1
61 169 1
61 246 1
39 92 3
39 77 1
117 209 1
81 83 1
38 191 1
213 261 1
197 209 1
185 242 2
4 159 1
45 215 1
50 78 1
7 51 1
76 152 1
198 216 1
71 140 1
130 216 2
95 209 1
45 85 1
37 213 2
83 203 1
145 192 1
70 215 1
20 95 1
33 142 2
215 227 1
219 231 1
35 75 1
71 191 1
33 117 2
42 205 1
147 205 1
69 168 1
17 258 1
89 137 1
86 91 1
107 216 1
32 258 1
21 170 1
38 226 3
165 218 1
18 62 1
76 130 1
106 159 1
83 182 1
3 50 1
26 195 1
16 169 1
91 108 2
42 113 1
71 139 1
78 237 2
56 162 1
35 82 1
71 234 1
95 102 1
76 100 1
55 121 1
19 39 1
213 249 2
55 141 1
209 250 1
35 162 1
77 181 1
16 232 1
29 39 1
254 257 1
188 219 1
39 117 1
18 186 1
18 242 1
39 134 1
70 113 1
145 208 1
65 225 1
81 137 1
81 113 1
70 231 2
194 203 1
88 197 1
90 167 1
242 250 1
82 161 3
139 188 1
117 205 1
98 100 1
55 152 1
161 171 1
65 210 1
96 235 1
45 216 1
41 89 1
185 250 1
166 197 1
98 192 1
7 235 1
72 140 1
37 74 1
11 26 1
75 89 1
248 258 1
22 141 1
53 168 1
75 97 1
125 243 1
56 125 1
50 139 1
147 168 1
168 242 1
28 215 1
76 244 1
49 130 1
76 170 1
75 248 1
203 208 1
81 261 1
65 250 1
170 219 1
18 140 1
31 254 1
162 254 1
10 233 1
170 227 1
65 77 1
208 252 1
17 205 1
213 250 1
138 216 1
74 254 1
17 73 1
179 203 1
71 237 1
86 140 1
32 244 1
87 139 1
