68 238 100
90 100 317
186 200 3
79 260 2
138 239 155
140 162 850
48 161 787
142 142 629
42 127 3
162 229 780
130 132 108
13 48 189
25 138 32
145 145 289
142 233 93
146 193 15
100 229 152
42 43 20
166 238 524
239 239 982
140 236 1324
89 138 13
107 141 197
161 237 2601
92 212 1
163 262 162
158 170 80
41 142 87
75 75 357
236 237 6082
87 263 31
234 249 697
231 234 455
43 140 260
114 140 36
50 163 319
45 232 27
132 230 444
148 232 63
141 263 1251
237 263 1194
236 263 1641
45 229 14
79 232 78
79 144 221
170 236 520
233 233 120
140 166 42
163 166 60
138 170 316
138 230 1248
230 233 233
142 162 558
161 246 619
170 261 83
262 263 829
162 237 1990
107 229 255
198 249 1
163 239 693
90 249 592
137 262 87
48 148 54
82 95 5
140 186 324
79 186 335
127 138 15
186 246 822
48 239 564
24 239 232
151 239 858
151 238 857
41 75 145
43 138 108
75 239 164
43 143 222
143 163 436
142 230 698
163 246 537
114 232 18
13 79 78
68 186 589
186 230 1943
88 161 107
79 262 54
237 237 2471
142 229 231
43 162 423
229 237 1155
233 262 158
107 144 142
231 236 94
12 162 7
162 261 131
48 170 414
50 100 208
140 140 412
43 163 529
164 262 68
1 1 27
87 161 165
113 262 40
162 230 875
68 164 487
142 143 961
79 162 216
37 87 2
79 79 338
68 246 726
132 255 33
138 144 57
113 230 165
113 211 328
161 164 1375
100 141 116
41 211 5
142 186 371
75 246 18
138 178 2
68 140 80
79 141 86
162 163 878
43 246 152
231 237 137
48 186 783
100 261 95
142 161 915
170 186 1058
152 179 1
170 229 672
162 238 197
138 237 218
76 138 5
141 237 1995
132 233 99
90 164 328
158 186 198
132 186 95
161 236 1635
162 236 1303
163 238 341
50 239 202
233 237 296
170 263 196
144 164 92
237 262 928
230 239 373
163 230 775
143 239 1268
68 224 19
79 234 434
13 107 54
12 161 17
161 230 1013
42 166 51
138 138 273
48 138 341
74 151 109
41 74 198
43 236 1138
112 236 5
164 237 470
50 164 137
48 143 476
143 162 176
116 238 51
113 138 63
230 246 988
161 211 209
209 233 28
211 231 377
132 132 328
249 261 81
79 125 73
24 74 36
43 79 48
107 137 465
239 262 222
138 238 119
238 262 178
233 236 177
79 263 55
17 236 3
82 238 1
43 164 238
164 232 25
132 144 35
82 226 14
107 161 433
75 140 171
239 263 318
13 186 225
113 231 353
13 88 113
151 236 344
163 237 1297
137 229 310
236 262 1512
141 234 153
107 170 934
141 162 925
79 137 286
107 231 142
90 186 504
90 137 132
1 246 21
132 162 197
148 263 18
90 138 83
162 239 346
4 249 21
4 161 12
238 239 2286
75 262 204
170 237 875
4 148 64
48 68 912
162 246 445
186 233 402
49 112 1
4 107 44
79 226 11
79 114 265
132 164 170
137 186 293
90 234 548
100 186 454
170 234 1220
107 158 68
236 238 1463
142 239 2115
7 226 42
132 145 71
162 164 693
186 224 57
162 186 1083
158 164 104
179 179 13
140 229 817
107 239 70
107 249 221
95 132 58
141 170 421
132 213 4
137 236 116
43 141 354
50 140 54
25 68 3
68 107 271
24 151 147
43 238 480
50 138 80
100 237 325
48 249 150
48 79 83
107 263 87
42 138 30
158 166 3
138 141 141
140 164 127
164 234 852
163 164 579
43 144 31
43 107 63
211 230 171
100 246 613
50 158 55
158 230 126
68 230 662
13 68 207
211 246 184
48 100 403
186 249 306
138 226 39
138 263 89
142 236 1129
68 262 40
161 186 1646
161 261 149
4 79 96
13 246 291
50 143 263
43 114 24
107 114 228
106 106 9
45 161 42
140 141 883
43 230 549
73 95 1
87 231 251
13 113 96
107 164 386
236 236 2650
161 233 457
107 186 547
68 90 725
158 234 278
100 170 599
148 164 82
138 262 115
79 249 277
50 246 394
246 246 306
161 262 313
137 158 24
132 201 5
48 236 268
211 249 240
13 144 72
93 138 32
141 236 1939
68 249 408
138 236 158
132 223 37
43 262 155
43 142 709
141 262 721
100 262 48
162 263 339
164 233 246
170 212 3
186 238 97
237 246 250
93 132 378
158 161 139
13 158 148
152 236 9
1 230 74
186 234 893
164 170 768
132 158 32
234 237 483
186 239 211
79 87 83
188 190 1
79 90 217
230 236 354
74 168 17
208 236 1
42 75 77
142 249 81
141 229 995
50 132 28
231 249 404
132 170 167
87 170 135
88 137 50
79 231 193
68 132 103
138 142 180
48 142 877
237 239 1108
158 246 258
68 144 118
234 246 577
107 237 279
142 151 409
1 239 19
230 249 150
48 162 486
141 163 463
140 163 321
140 237 1568
13 141 34
138 162 675
138 163 585
74 75 471
137 263 106
112 138 38
79 246 88
113 170 426
140 262 848
161 163 1395
48 107 129
79 132 50
100 113 104
79 148 250
43 100 224
45 142 14
7 179 50
137 233 301
100 233 237
143 246 226
42 143 14
100 132 139
144 231 267
41 41 133
43 75 145
230 234 445
132 234 90
114 161 146
137 162 329
161 170 1278
113 164 279
1 170 17
140 239 292
170 246 310
48 144 61
138 213 6
234 263 93
181 238 2
132 209 16
170 233 417
138 186 204
113 233 80
48 52 1
162 249 140
236 239 1512
234 262 84
88 163 32
13 90 125
233 249 49
13 231 449
141 148 24
79 107 527
45 211 23
92 231 3
158 211 161
211 211 66
142 263 279
4 170 35
137 224 72
141 224 26
234 234 396
114 233 41
170 249 255
74 238 111
234 255 6
132 163 176
90 158 291
166 230 34
50 230 426
74 239 79
68 68 421
107 234 652
68 231 303
229 230 252
100 163 591
151 170 34
48 246 789
113 249 442
79 113 433
50 90 131
100 230 834
164 246 452
90 113 390
113 125 162
79 229 151
7 100 4
88 170 71
50 170 97
50 186 277
186 261 183
79 236 65
79 100 101
138 161 887
148 193 1
233 234 213
151 186 38
229 244 5
141 238 243
116 138 23
138 179 29
29 68 2
229 239 114
179 223 31
161 229 699
113 234 655
166 236 190
148 230 72
140 170 353
48 50 514
48 230 687
74 236 282
141 142 458
143 236 367
18 179 1
7 7 72
7 129 16
158 237 66
43 249 42
114 236 48
33 263 8
33 161 8
42 114 3
148 163 44
161 234 1340
82 170 4
100 161 920
48 132 200
114 144 88
141 239 359
125 186 165
107 140 164
142 261 21
43 129 1
229 262 335
141 141 621
129 138 309
140 263 831
140 171 4
43 158 33
170 262 169
161 263 288
162 162 563
162 170 1265
132 238 51
1 237 8
79 138 96
7 223 38
230 230 381
74 230 11
68 79 174
142 238 1322
158 239 35
45 246 26
48 140 146
75 236 956
114 226 2
148 249 86
125 144 86
90 142 83
141 186 226
141 233 404
137 170 545
68 233 121
100 211 105
45 88 42
143 229 69
48 166 66
79 140 74
79 233 192
114 229 53
4 234 49
48 113 97
87 238 9
41 262 27
12 66 2
13 261 134
263 263 451
125 161 86
143 161 296
132 143 39
45 209 15
161 162 1299
100 114 67
114 164 125
142 163 988
50 229 37
68 234 821
68 239 172
164 186 517
100 164 373
48 163 671
75 170 74
65 140 17
45 231 87
48 238 287
163 186 913
161 232 21
68 163 388
165 261 3
90 261 49
239 246 229
36 107 1
107 233 303
100 162 593
229 263 421
75 119 1
90 107 333
142 164 194
13 164 143
246 262 36
74 166 74
137 141 214
141 230 175
164 209 31
148 162 98
79 224 64
230 232 14
162 234 717
158 231 315
90 114 184
114 234 428
170 230 625
43 209 12
13 163 159
186 231 495
107 132 78
24 236 109
186 263 107
90 144 88
144 249 163
144 186 180
164 231 214
68 161 578
141 249 35
48 224 19
164 211 153
36 161 3
144 162 105
90 170 358
43 233 64
90 132 51
163 261 89
75 129 6
143 143 354
140 261 27
143 237 406
45 170 44
7 79 4
132 262 43
43 161 876
79 211 201
144 163 94
144 234 272
153 243 2
75 244 14
88 162 123
82 82 4
41 138 39
7 260 16
114 132 17
211 234 334
90 244 8
80 125 3
74 263 271
258 260 1
233 261 37
141 161 707
87 230 106
140 142 413
87 151 3
68 141 75
43 186 291
226 233 10
75 238 366
12 238 8
141 152 6
72 76 6
7 138 109
107 211 146
138 225 15
186 236 333
146 157 2
127 238 9
50 113 53
35 79 3
107 107 297
107 238 49
48 263 92
181 216 1
164 164 237
100 263 72
186 262 84
87 233 61
163 170 681
140 226 31
162 262 294
75 263 551
73 146 1
50 161 261
50 142 352
50 141 45
50 237 105
138 171 17
87 209 37
88 186 84
42 116 40
43 237 1045
63 132 15
90 231 270
50 79 40
148 161 101
33 138 32
33 33 19
12 65 4
12 164 15
163 233 197
100 234 471
100 107 168
114 249 225
125 125 22
125 249 177
75 151 131
151 237 199
132 179 9
48 231 151
141 211 37
141 166 41
186 229 300
229 236 676
132 181 33
129 141 7
87 158 56
170 170 461
43 151 172
138 159 3
42 69 5
68 143 144
43 87 24
48 90 275
144 145 4
231 261 403
90 163 190
87 164 85
75 234 39
75 138 37
107 236 190
239 252 1
137 234 337
79 158 90
33 107 13
113 237 152
48 256 4
88 233 46
42 239 31
68 137 119
50 50 127
12 100 12
43 50 97
186 237 557
224 239 2
74 141 109
42 74 107
87 162 147
87 144 71
125 163 43
164 236 275
4 261 17
246 261 132
144 236 51
161 239 483
137 217 15
113 162 192
42 47 3
50 238 127
107 148 131
151 263 92
41 143 31
113 158 247
4 211 24
114 246 107
50 162 182
50 236 93
113 246 178
211 236 60
65 66 11
140 230 139
7 229 22
146 181 1
75 114 9
148 211 107
79 163 61
138 249 33
4 177 1
166 239 378
45 107 29
164 238 75
100 148 41
13 170 133
138 259 1
140 238 259
13 45 48
144 261 85
209 229 20
236 261 20
7 263 11
143 238 663
229 261 28
13 43 55
138 260 56
68 138 208
34 112 1
162 231 281
48 151 91
138 234 191
138 223 148
45 261 58
12 181 1
12 48 34
170 224 116
119 179 1
100 137 151
114 230 89
238 238 647
163 231 172
87 246 81
80 138 31
88 262 17
138 235 3
237 261 42
68 170 454
88 140 68
90 161 353
13 50 56
246 249 255
68 87 80
164 229 223
24 238 273
43 239 616
230 261 209
48 164 346
68 158 254
186 189 2
12 90 5
68 114 138
82 162 3
100 142 266
100 236 196
224 261 9
43 74 52
211 239 30
82 137 9
100 158 68
68 125 148
74 237 97
186 186 175
48 66 4
13 230 374
107 162 581
113 114 274
145 186 16
125 234 251
82 161 7
142 246 334
4 209 9
142 237 1410
107 246 159
152 239 23
41 233 6
138 261 138
163 234 456
37 229 2
232 234 42
229 234 239
75 161 133
137 230 85
158 261 68
148 209 30
148 255 20
224 234 97
90 211 192
129 226 8
148 158 40
16 236 1
13 239 41
87 186 160
48 48 585
101 230 1
48 237 369
45 48 33
25 52 18
1 186 21
107 142 89
68 100 332
88 261 58
4 246 4
158 249 240
148 231 118
87 249 49
75 107 36
87 148 78
116 244 53
90 162 181
113 261 79
41 116 37
42 236 40
87 163 58
7 95 4
148 186 135
90 224 39
45 90 20
41 42 157
145 237 19
138 197 7
80 229 1
143 151 189
41 238 167
129 236 5
75 158 3
75 142 146
75 166 122
151 166 414
168 263 9
100 239 141
125 158 101
158 158 73
229 233 421
43 113 56
68 162 358
140 161 563
231 246 392
68 261 109
79 170 375
140 146 11
88 100 42
158 162 96
138 246 163
237 238 724
125 236 23
141 261 22
43 68 151
90 233 61
164 224 40
114 141 28
79 142 51
68 211 186
231 231 398
33 231 45
41 66 1
100 249 110
141 151 61
1 142 16
87 261 78
125 261 62
70 138 96
138 164 472
80 163 5
124 132 22
125 231 299
41 137 8
43 223 4
100 100 120
132 263 31
33 189 4
113 238 35
223 226 5
164 230 616
234 256 14
148 262 15
230 231 259
210 237 1
13 132 58
87 135 2
87 87 58
116 147 1
87 90 40
68 113 263
113 137 192
48 209 21
43 48 366
239 249 54
249 256 4
1 107 4
144 209 31
95 138 50
143 234 85
66 79 10
132 166 37
7 163 8
238 244 74
95 107 5
151 226 2
143 263 90
116 151 33
75 152 16
141 164 168
13 211 129
12 186 19
48 244 33
151 151 208
239 243 18
151 211 7
66 125 4
170 238 123
80 87 1
112 112 5
1 97 1
32 74 2
66 87 22
87 107 79
164 261 117
179 233 3
7 162 18
43 88 16
143 158 24
26 256 1
62 138 10
65 163 9
113 148 126
161 166 53
162 233 329
68 229 90
132 261 66
13 100 130
144 161 199
65 186 23
79 189 3
33 140 20
65 263 3
164 219 1
33 170 20
161 249 200
75 186 76
13 217 2
13 114 63
50 107 49
148 170 82
114 186 173
151 234 23
18 140 1
33 116 1
142 262 237
28 138 11
138 140 122
97 233 2
113 143 26
231 233 69
132 237 81
259 263 1
161 238 278
144 170 153
114 224 22
50 68 319
88 113 20
97 114 1
97 209 2
79 161 212
90 246 537
43 231 55
48 211 93
148 234 144
48 261 92
24 142 127
163 236 1078
211 237 133
145 209 3
87 132 58
41 68 18
43 229 148
24 50 22
125 230 84
151 162 39
163 163 231
112 255 5
151 152 41
90 263 24
74 132 12
88 164 90
113 229 73
100 116 2
224 233 27
170 231 245
45 87 70
140 233 353
65 233 9
142 234 198
229 229 267
33 229 8
125 239 21
68 145 8
17 161 3
236 249 74
13 162 244
137 161 237
151 246 53
1 68 22
79 209 41
74 186 16
74 74 121
137 249 92
138 229 163
48 141 161
87 234 93
107 262 95
41 125 3
209 231 84
79 88 41
65 142 3
141 246 57
229 238 63
75 141 219
100 138 339
43 43 500
50 151 68
148 233 52
45 68 34
4 229 8
138 151 40
107 113 369
211 232 22
107 138 121
161 231 342
79 238 25
12 43 7
88 230 89
36 65 1
52 261 1
114 148 85
43 263 232
129 237 18
90 230 285
1 163 57
114 137 85
142 166 193
137 140 136
1 137 3
132 161 261
100 144 92
132 194 4
144 230 122
112 231 1
42 148 2
74 229 33
49 88 1
49 144 6
13 33 8
181 234 8
43 45 9
132 226 86
24 43 59
116 162 5
138 233 206
41 100 9
13 148 50
211 263 17
41 263 48
107 256 10
79 256 15
43 211 46
79 180 1
231 239 66
143 164 85
94 244 2
42 42 74
45 148 27
229 255 4
40 138 8
1 48 30
88 246 52
48 88 37
142 158 47
138 158 43
40 43 1
224 249 33
45 144 30
107 224 107
75 90 16
90 239 64
18 136 1
116 166 61
66 137 3
87 138 147
54 211 2
144 239 13
90 238 49
116 143 9
262 262 213
132 203 40
7 173 1
137 232 55
13 151 27
24 163 30
45 230 44
114 237 74
132 236 51
237 249 109
88 211 21
43 170 195
43 234 179
144 237 61
11 48 1
160 164 2
1 79 10
50 263 15
13 237 76
74 138 48
65 97 17
65 125 5
48 208 2
41 166 153
75 237 377
162 209 40
107 143 26
151 262 45
238 263 326
48 137 95
114 163 64
161 161 854
132 142 69
80 132 24
148 148 47
52 138 13
143 261 19
137 246 56
13 137 44
166 186 41
230 238 193
148 238 10
151 243 5
181 233 3
100 112 1
41 79 11
138 145 45
113 186 327
138 224 28
148 246 51
144 158 102
74 107 14
43 148 15
163 263 162
68 148 77
50 114 24
230 237 533
61 132 40
164 213 1
174 213 2
163 211 135
13 138 125
135 138 17
113 140 65
170 239 194
7 186 10
68 142 333
193 230 7
116 141 4
17 225 4
17 256 8
161 256 8
107 230 168
138 181 23
90 90 237
21 21 2
211 262 21
194 230 1
41 151 191
68 89 3
24 158 4
4 13 9
138 143 48
80 239 3
186 257 3
17 140 3
163 223 9
42 152 23
74 152 22
40 234 2
125 233 30
113 142 67
13 142 58
246 263 50
49 138 26
17 87 2
142 244 44
68 75 32
68 88 49
12 261 11
113 209 25
186 209 31
137 143 25
261 261 57
7 132 24
90 148 66
144 144 51
226 260 21
162 211 118
113 161 291
138 216 9
163 229 449
145 236 8
45 100 30
97 234 5
132 148 60
43 226 2
142 170 297
164 249 173
13 161 282
225 234 7
211 261 121
75 224 12
68 236 150
28 132 112
137 148 62
166 170 24
143 170 93
137 211 32
132 193 6
13 13 104
166 220 1
90 229 67
166 168 5
144 211 108
88 114 15
75 233 31
170 211 167
79 237 83
75 230 38
75 235 2
74 241 1
68 166 26
13 87 150
143 230 224
13 38 1
48 234 344
1 13 19
61 79 2
209 234 25
249 249 210
114 170 167
40 40 7
4 45 12
152 244 25
65 249 1
129 186 5
90 232 16
90 236 74
164 263 70
163 232 14
19 132 5
1 161 36
131 138 6
151 223 2
41 239 102
151 230 54
234 239 154
72 132 9
4 256 2
161 209 37
137 164 249
68 179 3
50 234 123
24 161 23
75 79 29
56 138 13
33 239 3
36 152 1
82 237 4
25 97 11
233 263 175
211 233 29
43 137 33
188 228 1
90 95 6
137 237 166
33 65 10
65 138 35
230 263 62
33 224 3
7 170 8
132 134 25
142 224 5
13 232 13
114 231 236
68 263 34
88 158 21
66 261 15
137 138 50
48 233 150
12 114 3
148 229 32
43 166 109
163 249 108
140 211 39
162 224 61
234 261 121
87 152 2
79 230 93
132 239 63
24 24 21
47 48 1
107 209 28
148 261 54
113 113 198
186 211 248
25 48 5
45 233 21
174 246 1
86 132 14
7 146 33
65 132 32
88 132 24
79 261 67
10 132 101
75 167 7
114 162 100
129 231 3
144 246 97
132 198 12
255 261 3
75 162 106
48 87 45
236 246 152
189 229 1
129 230 8
40 132 14
164 239 121
138 146 42
144 224 19
13 233 80
138 244 39
238 246 124
125 138 71
50 231 77
13 234 192
65 164 10
87 114 38
13 140 54
132 139 11
100 231 190
166 166 202
162 181 9
125 164 89
41 229 5
7 48 11
138 188 16
74 262 94
12 87 11
66 133 2
1 249 7
41 48 37
48 229 175
119 148 1
100 140 119
137 146 7
50 75 14
146 230 6
211 238 25
12 13 26
113 144 235
41 132 17
210 230 1
146 161 11
13 249 139
75 229 68
107 163 179
144 229 39
62 141 1
68 209 23
145 162 23
113 163 113
79 164 148
209 230 27
24 230 25
234 238 91
4 113 63
139 161 1
41 186 20
132 141 51
14 113 1
238 243 18
74 211 2
36 80 2
80 112 7
4 162 18
56 132 56
21 132 10
231 254 4
38 132 12
186 256 4
138 173 13
137 231 53
243 244 25
186 255 11
82 132 93
65 112 2
49 190 1
50 97 1
114 143 19
38 68 1
140 143 144
65 239 4
132 216 97
160 161 2
141 226 28
29 231 3
24 90 9
151 163 113
69 168 2
70 197 1
1 50 8
1 238 4
146 237 14
132 218 30
42 237 28
162 225 2
14 230 2
132 138 244
79 255 25
42 158 2
75 146 3
80 186 6
179 194 1
41 43 105
42 163 13
88 231 147
12 234 7
88 249 21
132 157 28
75 168 18
97 113 3
238 249 23
107 261 39
113 239 48
152 166 103
141 145 15
16 138 9
100 256 5
36 50 1
80 140 5
90 237 145
243 243 11
74 116 13
95 134 3
28 219 1
163 217 1
90 147 1
145 161 13
90 125 139
45 157 1
75 163 97
37 193 6
107 232 47
66 113 3
55 74 1
113 141 65
4 87 14
148 239 17
142 231 65
73 137 1
114 138 35
143 186 111
93 164 6
24 137 7
200 200 4
200 240 1
25 132 22
209 237 19
87 140 66
7 43 4
244 249 3
40 209 4
74 140 81
66 141 6
13 29 1
37 138 26
138 196 10
35 186 1
50 261 30
45 249 26
24 237 62
48 168 5
132 177 9
12 230 48
68 151 36
100 166 28
170 232 39
10 141 1
65 189 3
152 186 6
132 256 22
41 113 3
132 191 15
142 209 11
74 161 25
100 209 21
157 237 1
157 226 3
132 155 14
132 151 17
132 225 23
132 246 42
79 207 1
158 233 20
33 164 12
68 175 1
41 162 26
114 262 27
226 230 22
45 162 37
12 45 4
209 236 10
116 142 21
66 195 1
113 132 47
45 137 32
24 166 129
226 226 82
50 137 25
209 261 28
42 151 60
125 246 140
137 137 90
33 114 5
233 246 89
67 233 1
138 168 7
52 262 5
80 107 5
215 222 1
68 215 2
24 141 14
143 262 53
145 170 25
132 215 56
223 232 1
24 143 53
86 138 1
17 170 10
166 237 83
88 244 1
114 114 69
4 43 2
43 132 48
130 138 20
24 261 1
140 151 62
249 263 21
211 224 19
45 234 40
166 244 77
161 224 27
129 193 2
143 244 29
142 194 1
166 246 22
87 125 36
113 236 90
170 215 1
50 145 2
260 260 16
10 113 3
88 224 12
65 226 1
74 234 9
66 163 10
66 88 12
7 137 10
138 231 154
132 231 62
42 162 8
33 226 2
158 229 18
87 137 77
88 141 31
75 211 7
68 237 212
244 262 14
43 90 73
181 186 12
88 209 34
140 231 70
112 137 8
41 140 26
24 113 1
41 163 37
143 233 35
19 138 2
65 170 20
113 232 31
87 237 51
7 140 21
13 209 50
7 236 14
48 125 51
113 263 30
144 263 18
42 197 1
125 162 54
24 162 15
48 158 117
114 158 137
140 244 19
87 236 48
79 145 10
132 133 3
161 226 25
239 244 68
163 209 20
138 148 67
137 163 90
224 231 21
12 211 7
229 249 34
24 138 12
4 137 32
4 233 17
12 142 9
25 163 3
24 243 5
37 132 16
4 141 13
144 148 97
13 52 4
208 237 2
42 186 19
67 132 4
18 48 1
170 244 9
41 168 11
138 257 9
13 236 50
88 138 85
140 152 9
162 232 31
83 148 1
4 232 22
144 262 15
132 211 30
226 236 10
76 132 27
87 211 69
39 113 1
125 237 34
24 41 85
226 256 2
140 224 37
47 68 1
137 256 12
231 244 6
140 249 34
83 146 3
42 263 29
25 114 2
132 227 5
13 125 98
88 232 18
114 239 24
138 160 5
116 236 15
39 75 2
231 263 23
49 224 2
116 140 11
164 166 11
158 236 45
45 79 52
138 252 13
12 79 5
45 186 55
144 233 40
162 202 5
132 160 6
92 113 1
17 97 9
157 256 2
49 79 7
132 249 30
137 239 45
146 252 1
42 68 10
126 237 1
79 116 4
224 230 14
117 132 5
244 244 34
65 87 14
31 179 1
209 225 2
132 219 62
140 148 31
112 162 13
229 246 70
90 97 1
141 231 48
151 244 37
79 151 14
122 138 3
130 234 1
41 236 113
125 170 88
90 141 60
87 229 33
132 228 9
158 163 99
141 144 24
108 142 1
179 229 6
87 262 31
65 113 6
161 223 11
230 256 3
45 125 22
74 242 2
119 161 1
68 181 1
42 142 20
13 143 33
75 143 60
13 224 13
25 87 10
130 239 1
140 247 10
95 145 2
141 256 4
141 243 5
232 232 18
186 220 2
43 116 8
4 90 17
52 114 2
236 256 9
143 211 18
4 186 21
98 138 8
24 42 16
93 162 4
143 152 8
45 188 1
141 244 19
75 189 1
152 238 42
1 233 5
138 189 14
4 138 9
229 231 56
74 233 14
181 246 3
138 242 7
137 142 69
50 249 50
22 140 5
224 263 16
145 226 27
66 193 1
127 239 8
97 211 6
256 261 4
25 181 13
37 137 3
14 72 1
25 140 9
88 90 25
36 138 9
87 113 52
134 137 1
137 226 8
12 50 7
12 68 19
100 143 83
4 230 14
166 229 21
97 189 1
87 88 58
40 52 11
4 144 29
90 140 51
234 236 257
138 166 47
236 244 47
186 244 28
226 237 39
170 255 8
138 254 1
69 132 3
45 165 2
168 262 10
33 132 28
114 142 25
88 142 12
138 185 1
132 188 18
50 211 38
74 142 42
31 234 1
24 262 16
98 209 1
140 193 11
144 260 1
116 186 12
97 106 1
138 202 5
12 246 11
24 48 25
193 193 227
87 100 61
102 236 6
51 132 3
143 166 113
48 146 4
151 161 78
116 231 4
42 48 19
232 246 8
38 230 1
90 112 3
14 100 3
114 151 8
138 243 23
17 132 20
148 256 10
41 237 67
28 237 1
45 237 18
233 239 60
100 125 58
132 152 6
112 132 17
136 235 1
65 231 39
138 165 3
162 194 2
185 223 1
63 70 1
45 164 28
125 142 15
66 255 6
80 114 3
13 82 3
164 226 14
48 255 6
116 237 11
75 147 3
132 229 57
169 246 1
141 143 144
164 247 1
129 163 3
88 236 26
49 113 2
193 260 3
107 125 63
62 137 5
41 246 16
48 262 39
211 229 45
157 229 1
88 125 14
186 226 7
138 207 18
224 229 25
48 70 2
17 137 5
230 262 43
65 161 12
66 97 5
132 232 17
7 233 4
127 161 3
96 163 1
66 230 15
186 232 28
50 244 15
45 65 23
129 132 23
220 262 2
97 249 2
52 181 5
129 140 7
113 227 1
229 232 17
4 255 1
88 148 43
75 144 12
12 220 1
132 189 19
1 234 13
47 138 4
88 237 33
68 226 3
24 164 10
75 164 28
107 193 2
24 68 15
161 200 2
37 186 6
75 100 34
232 262 4
114 211 126
193 239 2
88 144 21
141 209 13
48 135 3
13 196 1
14 137 5
101 138 3
93 233 4
170 202 8
114 125 78
138 256 13
48 114 42
70 132 15
137 222 8
33 158 2
125 146 1
88 234 52
92 261 1
138 220 10
209 232 12
33 45 10
41 93 2
35 39 4
179 202 2
48 55 1
66 231 27
92 132 23
74 100 7
95 143 1
66 209 9
48 243 12
244 261 1
43 125 16
107 228 2
186 223 4
53 233 1
42 262 8
100 157 2
42 161 12
97 261 5
42 246 6
37 43 1
74 203 1
113 151 11
140 234 163
4 68 20
48 248 2
68 112 4
10 230 3
24 75 41
61 262 1
100 244 16
41 152 40
166 243 7
1 132 11
100 238 76
141 158 19
14 261 1
132 197 33
132 205 21
89 209 2
12 225 1
75 116 16
138 247 4
132 174 2
146 186 10
179 236 3
12 144 5
163 226 17
232 261 21
55 261 3
112 193 3
75 132 25
92 138 39
125 137 20
74 163 8
125 132 26
83 138 20
65 141 3
148 236 23
179 226 9
129 129 17
12 148 6
151 164 27
223 230 5
75 249 4
97 155 2
137 181 9
74 137 14
74 79 16
163 256 4
52 256 1
24 244 30
142 211 43
90 106 7
108 186 1
93 141 1
45 113 27
42 244 18
116 247 6
74 148 7
51 100 2
125 211 86
66 100 3
97 161 6
192 196 1
130 193 1
13 65 5
66 246 6
41 141 26
193 207 1
207 207 54
33 232 2
166 263 58
49 238 1
138 193 8
68 232 11
65 137 10
41 249 3
89 89 11
50 233 44
45 158 13
226 231 4
65 190 2
1 263 2
12 163 15
137 144 40
88 107 41
132 210 12
24 140 28
7 193 24
24 129 1
181 181 26
181 225 3
164 195 3
87 232 34
161 195 4
82 246 3
42 132 13
195 212 1
134 197 4
12 232 1
1 162 19
195 261 5
148 188 2
140 202 4
50 144 19
41 230 31
145 163 14
4 132 9
223 236 13
24 116 13
24 234 14
100 151 30
137 260 3
33 40 22
71 75 4
112 238 1
195 231 6
141 232 10
132 243 8
130 229 1
116 137 4
137 209 18
223 263 8
132 195 8
210 233 1
25 142 2
83 95 2
142 256 2
48 65 5
237 242 3
75 202 4
116 148 1
116 152 26
77 90 2
77 234 1
50 88 16
68 116 5
74 170 25
132 258 15
87 224 11
140 246 50
22 170 2
33 246 10
66 234 19
45 239 1
33 137 15
100 195 7
52 234 5
87 142 15
17 90 1
49 66 2
102 229 1
220 239 5
40 231 2
42 238 57
138 208 4
137 238 50
24 211 2
26 61 1
13 42 1
68 80 4
50 87 25
45 163 15
145 193 16
87 97 1
97 228 1
107 260 5
49 132 20
145 146 13
237 243 6
195 233 2
6 229 1
43 127 2
125 148 53
87 195 2
209 249 13
79 130 1
41 234 6
143 144 11
236 248 1
132 185 2
45 224 9
42 164 6
35 35 5
66 148 12
79 166 4
116 116 32
48 75 68
1 231 16
45 166 4
32 244 2
100 224 22
35 231 2
137 168 2
116 168 1
4 151 2
1 87 13
37 142 2
25 49 4
80 262 2
48 232 15
144 151 3
231 260 2
102 170 2
158 195 4
90 143 65
143 249 27
170 226 14
4 231 16
62 107 4
25 45 5
66 85 1
23 44 13
18 247 2
50 152 13
14 132 12
25 261 5
162 195 5
170 209 33
196 226 6
159 168 5
71 132 9
65 224 5
102 160 2
24 263 31
142 152 12
157 170 8
142 195 2
195 230 7
50 223 3
140 144 32
36 164 2
114 263 16
87 141 38
25 228 6
12 170 6
87 256 2
114 152 3
35 80 1
33 234 16
211 228 1
217 236 6
90 209 8
42 261 2
231 243 4
100 202 1
75 179 8
43 243 3
132 140 45
75 126 3
42 100 9
97 148 9
52 132 12
132 220 9
113 195 3
71 138 2
43 152 5
163 244 18
73 141 2
114 261 44
100 168 2
62 188 4
65 195 5
140 209 26
4 263 13
12 158 6
125 229 11
26 170 4
162 166 40
62 132 12
138 152 12
36 79 3
148 157 2
26 132 5
230 260 4
36 132 11
17 138 17
1 261 16
137 223 5
13 263 9
195 237 1
24 231 7
143 231 50
112 226 6
146 163 6
123 133 2
92 146 1
74 162 17
116 246 5
13 189 1
17 75 2
45 138 17
45 262 17
137 151 11
144 256 15
89 132 20
53 79 1
112 170 13
25 144 5
132 242 2
66 132 12
24 152 15
186 243 4
100 243 5
137 145 12
48 195 4
186 195 3
69 166 3
75 88 7
80 113 7
129 216 1
43 224 9
29 195 1
87 239 9
102 138 6
60 223 1
140 232 12
42 141 15
25 170 8
89 170 6
162 226 23
130 237 2
142 144 28
1 236 3
33 87 13
12 237 1
24 100 8
13 195 3
1 195 1
189 231 3
80 167 1
61 138 21
11 163 1
61 65 6
24 186 13
45 97 1
186 208 1
227 236 1
70 163 1
28 130 4
140 160 5
51 195 1
186 222 1
12 209 2
129 223 9
107 181 8
112 237 5
112 142 3
1 43 6
25 162 5
65 230 16
112 211 1
152 234 5
45 241 1
230 243 7
41 244 23
43 128 1
42 170 9
75 160 1
170 195 3
89 107 3
33 237 11
82 138 26
45 140 17
159 262 4
130 209 2
224 224 10
50 224 3
42 223 2
75 145 4
17 230 2
100 174 1
231 238 36
98 132 6
33 186 16
163 179 1
37 144 7
127 142 15
138 217 6
119 162 2
74 113 5
26 140 5
161 189 3
53 71 1
91 195 1
49 230 2
224 238 9
41 127 1
132 137 25
137 261 22
41 164 7
209 211 17
161 179 5
36 158 1
223 223 28
43 261 30
113 145 6
132 154 8
95 95 6
200 220 4
35 132 6
127 130 1
76 76 16
17 61 6
33 230 6
10 10 2
130 164 2
66 80 1
90 145 4
25 25 19
70 230 6
88 88 14
223 229 3
178 195 1
45 132 7
146 162 13
116 243 4
100 232 13
56 237 1
66 170 5
40 100 1
161 255 9
138 211 50
97 132 12
75 137 30
138 191 5
13 229 43
216 231 2
193 246 1
132 257 6
151 233 17
55 162 1
93 148 1
132 260 34
68 195 2
97 138 16
219 230 1
131 132 2
33 148 6
41 50 14
141 160 1
132 196 33
41 90 12
13 238 34
166 232 2
33 88 8
82 107 3
158 238 18
232 249 13
224 236 20
116 239 29
140 181 17
62 71 1
40 181 2
137 215 4
83 260 3
224 262 18
25 234 10
24 79 2
193 226 10
179 193 25
141 179 9
17 223 1
43 112 2
231 232 41
126 137 4
146 263 3
147 263 1
148 224 21
4 166 1
49 107 3
68 74 9
68 129 3
33 52 45
33 90 6
125 209 16
145 229 12
90 166 14
146 260 4
146 226 20
48 145 11
123 249 1
14 236 4
152 246 4
148 237 35
236 243 14
42 234 8
82 130 3
82 260 10
125 224 5
33 43 6
145 239 5
56 230 3
66 263 3
52 231 6
94 235 1
113 256 8
140 145 18
145 260 4
140 200 6
137 195 4
80 80 2
107 179 3
68 71 1
65 209 11
66 114 9
107 255 9
32 138 1
48 94 3
33 233 7
144 244 2
12 239 3
142 148 21
141 146 19
25 33 14
231 262 28
112 186 9
25 256 1
226 255 2
132 254 3
78 230 1
41 247 2
144 232 25
224 237 27
151 229 21
146 146 29
79 106 2
160 239 1
144 255 3
209 263 10
189 234 4
116 230 8
121 135 1
14 121 1
66 144 12
132 168 8
87 189 1
141 255 3
33 42 2
256 256 4
113 181 6
141 197 1
125 263 11
140 158 21
25 100 5
78 85 1
56 135 1
49 97 11
48 116 17
25 217 2
33 79 11
91 132 11
230 255 4
114 179 1
132 224 14
100 145 12
36 162 1
79 112 4
143 148 6
53 100 1
52 68 2
14 164 2
17 162 2
50 125 21
249 262 18
226 234 8
213 263 3
152 152 20
132 135 22
181 231 11
97 107 7
123 188 1
52 230 2
93 170 6
18 50 1
234 260 4
79 143 15
127 132 6
107 151 14
143 224 3
50 71 1
48 74 15
40 90 3
76 109 1
25 141 3
106 262 1
25 189 3
125 262 11
79 239 29
65 148 20
146 229 13
66 138 9
125 143 10
45 50 10
82 230 4
116 263 7
125 141 9
13 256 4
163 224 15
102 132 3
4 262 2
13 75 7
52 148 1
143 219 1
43 65 3
75 231 14
20 163 1
125 232 13
12 249 7
244 246 11
133 186 1
179 189 1
74 159 3
4 75 6
151 231 17
49 87 3
112 144 4
10 164 6
48 247 8
116 163 10
224 246 16
152 247 2
162 179 5
66 211 12
88 239 6
45 45 24
144 223 1
90 262 15
181 232 1
1 100 11
181 237 2
33 34 2
61 144 2
45 114 24
42 243 1
239 261 14
113 224 48
209 247 3
134 138 5
132 253 9
17 166 1
41 107 5
51 138 3
125 255 3
13 247 1
68 225 2
162 196 3
158 200 1
85 132 6
33 74 1
132 259 3
42 229 3
42 231 5
17 186 2
13 116 1
53 138 20
42 90 6
65 261 11
211 260 1
66 162 12
82 234 2
194 223 1
237 244 25
1 90 6
29 186 1
92 223 1
10 166 1
48 226 11
45 181 4
55 181 1
169 170 1
34 52 1
93 239 2
61 210 1
17 49 6
65 88 8
193 223 4
159 167 3
50 148 12
33 113 5
226 232 2
163 255 8
66 186 11
33 162 26
97 164 7
12 231 23
65 114 6
80 148 3
146 179 14
39 138 3
232 236 9
157 230 7
226 238 2
10 138 10
61 164 4
28 131 1
17 48 3
82 83 4
127 152 2
127 244 6
190 261 2
24 170 8
42 174 1
138 198 7
132 146 18
50 262 22
93 246 2
152 263 5
148 189 2
159 170 3
13 97 5
139 179 1
92 237 3
255 260 1
68 196 2
17 177 1
114 145 4
41 170 15
13 66 7
132 222 17
152 159 2
82 141 1
79 93 4
233 243 1
152 227 1
164 181 7
167 236 1
3 132 3
181 190 3
61 181 4
231 255 6
40 148 8
39 132 16
25 74 1
33 188 5
45 236 17
65 65 19
1 114 3
138 255 29
85 138 2
151 158 4
74 261 4
129 260 12
7 239 5
144 238 7
40 87 4
7 208 1
35 138 6
68 244 20
137 166 8
181 209 4
121 138 9
158 232 5
137 255 11
189 244 1
116 132 11
95 196 6
22 55 1
126 231 1
194 236 4
145 233 9
35 61 3
61 89 5
31 141 2
75 194 1
40 186 4
37 79 5
7 142 10
133 232 1
49 261 5
255 263 2
233 238 33
209 224 12
162 260 10
83 129 2
132 159 2
24 132 8
7 161 13
48 152 12
36 142 1
114 255 2
179 186 5
85 148 1
12 25 3
25 229 3
74 244 17
90 247 1
130 260 1
140 217 6
63 138 6
237 260 5
82 236 2
164 244 7
74 179 4
38 138 5
148 190 2
190 234 1
161 198 1
48 169 2
80 256 4
186 258 1
31 43 2
40 163 2
137 193 3
13 226 4
74 223 5
61 232 1
205 205 7
70 223 1
202 237 5
114 157 2
69 137 2
50 76 1
107 196 1
33 209 10
112 148 8
167 247 1
129 173 3
93 229 1
17 246 2
145 263 9
50 74 9
233 255 6
50 166 21
132 171 9
69 262 1
143 179 1
33 249 10
65 257 3
1 33 1
5 155 1
35 62 1
50 93 2
54 138 3
33 236 11
49 65 4
243 249 4
83 102 1
209 239 1
48 167 3
17 107 5
97 97 12
75 87 9
159 159 3
193 236 4
61 97 5
28 238 1
161 244 17
186 260 2
61 61 10
135 141 1
42 168 1
129 246 1
142 177 1
162 190 3
65 144 9
87 146 3
164 256 4
7 202 9
25 231 6
100 196 2
124 180 1
88 263 15
14 135 5
13 135 1
66 229 3
17 234 3
60 191 1
145 230 19
144 217 2
33 256 4
138 174 4
33 261 16
132 252 4
223 239 7
52 228 2
68 247 1
79 83 1
40 144 3
1 164 18
66 237 11
208 262 1
101 132 3
12 137 1
7 15 1
28 186 1
232 239 5
186 213 2
129 142 1
123 231 1
28 28 3
29 163 1
230 244 22
132 208 4
4 50 3
77 138 3
129 229 4
93 232 3
48 260 5
45 141 5
80 231 6
143 255 1
33 68 3
74 226 2
28 113 2
141 190 1
25 65 12
79 129 4
87 116 2
217 238 2
166 226 2
65 181 4
73 140 2
40 97 2
210 255 1
39 39 6
123 132 12
79 198 7
116 161 4
132 165 9
86 117 3
7 41 1
66 68 7
226 262 4
112 262 2
97 162 4
93 113 1
132 200 6
93 114 2
170 189 4
161 243 6
10 124 3
7 75 9
37 107 3
77 132 5
40 195 3
29 161 2
211 256 7
100 260 3
232 255 4
224 256 1
168 168 30
41 161 29
225 226 1
82 160 2
56 249 1
8 68 1
52 75 2
146 202 4
62 87 2
48 127 1
17 80 2
28 253 1
26 261 1
14 161 1
68 243 6
138 209 26
47 263 1
88 217 1
209 246 14
70 92 2
132 235 2
4 164 22
53 231 1
39 107 3
78 188 1
121 132 7
88 229 34
52 65 4
113 255 5
165 239 1
70 209 1
10 48 2
33 144 9
168 244 3
79 217 3
87 166 4
209 262 16
106 132 3
83 196 3
69 138 6
164 214 1
133 137 2
97 137 10
22 178 1
138 227 4
92 125 2
7 249 2
65 256 6
75 223 6
49 181 2
61 211 2
13 152 2
48 147 1
25 237 4
41 231 3
87 106 1
13 40 5
138 218 2
164 227 2
141 252 1
200 230 3
152 241 2
138 248 3
25 186 6
86 211 1
173 173 1
41 215 1
232 237 12
89 165 5
170 181 9
78 238 1
40 261 4
74 147 1
173 226 1
148 181 3
113 225 1
127 170 6
243 262 4
4 237 12
140 223 8
254 259 4
88 226 3
86 170 1
177 209 1
36 36 1
4 88 13
32 45 1
94 220 1
65 68 7
39 61 4
125 238 9
140 243 5
66 140 5
86 244 1
83 179 1
227 233 2
170 217 9
127 209 1
74 90 7
137 219 1
181 239 1
166 262 29
236 260 9
97 236 4
7 135 1
97 144 8
36 209 1
68 78 1
129 146 3
17 198 1
78 263 1
118 145 1
225 230 2
165 257 1
108 132 1
97 262 2
26 236 4
166 249 10
152 230 9
60 167 1
149 229 1
138 157 9
22 161 1
25 211 4
223 261 1
33 227 1
129 137 3
39 72 9
114 166 5
80 255 6
62 189 2
17 68 2
166 167 2
132 153 1
145 231 5
226 229 10
114 181 1
45 74 8
50 227 2
124 140 1
248 250 1
48 155 3
42 230 8
138 219 5
128 244 2
188 236 1
7 68 5
106 236 1
166 231 10
97 221 1
66 66 2
138 149 3
33 211 11
137 244 7
141 208 1
52 161 2
42 140 17
115 156 2
69 74 5
65 210 1
79 181 5
25 137 4
93 161 5
48 171 1
74 194 3
82 114 1
37 210 1
53 132 7
26 90 1
138 232 13
71 236 1
52 249 4
162 168 2
79 225 2
75 131 1
87 130 1
149 149 2
165 188 4
145 234 7
1 209 4
91 138 2
236 255 6
56 82 2
217 237 4
144 242 1
161 174 2
163 207 1
233 244 5
41 208 1
68 257 2
132 247 1
162 247 1
136 167 1
75 93 5
217 231 2
149 237 1
152 237 6
49 158 3
175 238 3
4 140 8
129 162 8
7 234 11
87 143 7
197 197 2
132 149 9
97 140 4
50 53 1
72 225 3
4 114 31
145 164 22
17 79 1
164 255 8
49 231 7
22 68 1
48 112 4
55 91 1
56 186 5
155 233 1
17 211 1
181 188 5
169 235 1
78 242 2
72 237 1
186 228 4
13 262 15
132 245 1
170 196 3
143 232 3
87 217 4
93 137 4
7 261 3
228 230 1
165 234 3
225 231 2
220 236 7
132 244 10
71 123 3
16 161 1
55 231 5
79 80 2
138 194 2
13 244 2
92 164 2
138 167 5
100 134 4
1 143 3
65 69 1
10 140 2
141 218 1
75 113 13
140 256 4
69 247 5
22 233 1
237 256 4
143 226 2
41 120 1
138 175 2
61 77 2
164 189 1
74 164 9
112 233 9
211 226 2
45 194 1
244 247 4
7 237 8
43 244 16
66 256 2
92 262 2
129 262 1
136 138 1
138 205 5
7 145 12
87 198 1
14 170 3
23 135 4
65 107 13
75 197 1
170 220 2
79 250 1
12 132 1
97 195 3
13 255 2
31 163 2
12 233 5
7 141 11
145 179 8
164 220 1
203 261 1
26 141 2
200 239 2
52 170 2
168 238 2
138 169 3
112 230 5
45 143 4
153 233 1
151 168 3
35 137 10
4 100 8
45 263 7
4 48 7
231 259 1
112 113 3
87 121 1
77 244 2
77 170 3
48 82 5
200 231 3
129 263 3
165 170 1
119 239 2
95 162 6
86 229 1
20 47 1
39 237 1
233 260 2
61 62 4
14 138 7
8 138 1
33 238 3
70 218 1
217 232 2
52 97 2
235 237 1
86 130 1
7 87 2
67 170 2
26 143 2
18 142 2
41 87 3
184 186 1
166 234 17
200 237 2
217 244 1
138 192 6
61 90 1
107 155 2
51 226 1
132 180 13
140 260 5
121 141 3
52 189 2
48 193 3
17 233 1
170 188 3
43 95 3
17 217 5
163 243 7
90 256 6
71 186 6
26 238 1
75 148 5
112 234 9
45 226 2
140 189 1
90 93 1
125 195 1
78 138 4
66 158 3
66 161 18
83 230 2
60 182 1
236 250 2
20 132 3
37 232 2
207 230 2
168 236 4
87 188 1
188 209 2
34 97 2
25 95 1
83 107 1
28 244 1
7 160 1
68 82 4
85 140 1
68 152 4
143 193 1
61 234 2
88 97 3
22 132 5
28 163 2
41 174 1
116 164 5
107 217 4
162 227 1
75 226 6
70 162 3
37 61 3
40 236 3
130 148 2
97 217 1
1 256 1
142 232 4
170 243 3
209 238 3
17 17 4
50 116 8
234 250 1
14 231 4
151 249 6
79 111 1
55 55 1
232 233 21
114 209 12
4 12 1
152 243 4
88 146 2
82 166 1
25 161 3
9 132 6
14 141 3
75 214 1
51 185 2
37 246 1
142 220 3
20 247 1
160 226 1
41 78 2
37 140 6
42 167 1
223 244 2
83 226 3
12 12 3
12 88 4
140 175 1
24 107 4
134 192 1
65 93 1
202 233 3
167 200 1
163 225 3
13 25 1
25 195 2
127 151 4
20 138 3
162 244 16
66 130 1
25 239 3
79 244 4
202 231 1
137 189 5
26 217 1
92 166 1
74 224 4
42 50 3
25 54 1
140 228 2
26 130 1
132 202 3
71 166 1
52 61 5
95 170 10
17 71 2
106 170 2
231 257 3
42 107 9
107 243 1
146 232 3
33 100 3
33 228 2
88 152 1
157 260 5
22 261 4
255 256 8
116 262 3
22 168 1
108 261 1
125 140 19
66 236 4
231 258 1
143 181 2
49 61 7
53 140 1
42 49 1
209 209 15
181 230 4
137 160 2
45 217 1
138 147 3
166 233 14
40 211 6
41 261 4
106 195 1
61 246 3
1 144 5
65 211 10
37 141 1
129 148 1
228 234 3
140 208 1
13 41 2
107 257 2
45 75 6
90 228 3
216 216 6
68 258 3
40 137 9
87 210 1
17 65 2
186 188 1
159 239 1
41 147 1
162 255 15
83 132 6
97 125 2
160 263 3
123 142 1
141 217 3
140 177 2
82 196 5
13 194 1
225 225 2
16 132 3
160 170 2
82 134 2
50 256 1
119 262 1
83 170 2
97 170 2
177 226 1
48 179 3
163 220 3
231 256 6
134 231 1
141 223 3
40 189 1
60 74 1
163 189 1
167 181 1
31 75 1
72 170 3
196 261 2
49 189 7
63 107 1
128 170 1
228 263 2
93 116 1
126 138 4
48 223 6
94 132 2
25 40 11
93 238 1
24 114 5
116 159 4
168 247 7
47 161 1
159 247 3
152 158 1
209 226 2
20 238 2
25 188 1
28 161 1
157 196 2
106 181 6
140 179 10
65 79 7
4 223 1
49 249 1
223 262 2
165 222 3
189 189 4
53 218 1
87 260 2
74 144 1
13 39 1
13 166 4
174 259 1
33 141 6
74 143 29
7 262 6
33 163 4
137 179 2
224 232 9
39 90 2
162 258 2
89 133 7
4 236 4
79 97 8
116 127 1
65 162 10
137 216 1
75 157 1
116 229 3
32 68 1
34 140 1
87 187 1
50 127 1
66 112 4
7 238 1
37 100 1
41 70 3
25 61 4
135 237 3
25 79 2
226 263 9
126 263 2
50 94 1
89 231 4
164 169 1
74 202 1
7 116 1
210 241 3
153 236 1
256 263 4
90 243 1
80 170 2
26 138 7
121 261 1
129 224 1
43 257 1
141 168 8
144 166 4
92 170 6
22 164 1
40 113 3
217 239 1
141 260 4
68 97 2
66 106 4
45 177 1
75 248 2
151 224 3
225 232 1
52 164 1
50 209 8
1 262 2
9 28 1
141 220 2
71 239 1
119 170 3
15 48 1
107 129 1
165 178 3
177 177 2
36 211 1
223 231 4
40 232 1
41 193 1
170 254 1
39 162 1
231 251 1
63 79 2
100 228 5
1 138 3
3 119 1
52 125 4
16 171 2
69 78 1
193 233 1
198 237 1
42 145 1
37 97 3
9 138 4
49 125 1
89 232 1
14 234 1
93 230 9
133 228 1
228 228 3
100 235 5
93 125 1
65 238 1
138 139 3
217 261 2
40 107 3
68 146 3
75 261 4
138 183 1
186 242 1
54 137 3
129 239 1
130 142 1
24 168 1
113 244 10
13 92 2
62 100 1
1 141 5
227 237 1
220 230 4
116 158 1
73 132 6
10 261 3
139 197 1
158 256 1
246 255 4
41 144 1
158 209 9
33 195 3
29 238 1
237 257 1
56 88 1
75 256 1
25 66 4
133 181 2
140 195 3
71 234 2
43 232 4
82 113 1
209 255 2
75 243 5
17 62 2
168 170 2
126 132 1
75 177 6
10 161 2
223 237 4
158 189 1
130 230 4
66 238 3
74 210 1
233 256 4
69 229 1
161 259 1
129 164 3
10 24 1
37 260 1
74 247 6
29 138 1
205 223 1
61 231 8
69 236 5
207 226 1
50 65 2
29 132 6
220 244 1
134 205 1
81 242 1
244 263 15
160 237 5
93 209 1
185 213 2
37 225 3
102 226 1
61 261 2
19 162 1
212 263 1
41 55 1
113 129 1
126 248 1
107 189 2
195 209 1
223 238 3
72 141 2
62 65 1
216 234 1
73 234 1
17 231 3
82 229 4
165 231 4
138 215 4
73 138 4
56 93 1
48 129 3
95 161 4
142 202 2
107 146 2
241 262 1
52 195 2
50 52 2
74 243 3
24 45 4
137 200 1
217 234 3
1 148 3
88 168 1
144 198 1
48 60 1
145 262 2
40 170 4
112 209 2
93 224 1
181 189 12
142 243 14
34 237 2
65 90 6
1 125 5
169 241 1
170 174 1
223 260 3
7 143 2
159 186 1
69 75 4
247 247 4
39 234 2
234 258 1
134 186 2
7 230 7
69 250 1
67 106 2
53 92 1
95 137 3
14 209 2
49 161 3
45 168 1
116 170 4
227 231 2
1 140 2
181 261 3
10 93 1
114 238 12
36 137 1
94 231 3
163 193 2
79 152 1
67 213 1
76 224 1
88 143 8
161 227 2
52 246 2
161 260 1
190 193 1
99 141 1
49 108 1
170 235 1
133 246 1
95 163 3
43 255 2
87 185 1
52 255 3
35 72 3
71 74 2
13 85 1
137 188 3
145 211 4
67 100 1
39 48 4
48 93 6
68 93 5
1 75 2
26 137 4
211 217 1
82 163 1
89 234 1
95 141 6
179 262 1
144 189 1
42 82 1
89 181 3
65 89 2
48 69 1
40 162 3
37 164 1
133 164 1
82 100 2
152 170 3
65 262 5
202 202 3
119 236 1
93 100 2
132 217 6
33 262 5
97 151 1
65 158 3
106 234 1
13 49 2
162 189 3
89 189 1
1 88 4
180 229 1
4 82 3
35 188 7
124 206 1
42 79 4
208 213 2
31 161 2
186 197 1
119 244 2
152 220 1
41 256 1
146 223 3
70 82 1
33 66 11
145 168 2
80 164 2
114 189 3
48 67 1
70 171 1
62 237 3
106 138 5
75 92 4
168 183 1
162 256 7
97 112 4
48 196 1
48 123 1
14 87 1
91 141 3
159 234 1
138 228 3
113 243 4
196 231 2
185 209 1
67 263 1
75 213 5
166 247 3
10 28 2
77 210 1
82 145 1
164 193 3
4 224 8
43 93 2
194 237 1
40 106 1
227 228 2
66 249 4
112 163 4
181 249 2
33 54 6
29 137 1
142 145 13
70 70 3
55 148 1
89 127 1
25 148 3
140 216 1
194 262 2
181 263 2
75 247 5
7 164 2
69 140 2
43 260 3
148 244 1
4 41 1
42 108 1
80 234 6
52 140 2
7 33 1
141 193 3
42 169 1
107 225 2
55 132 9
35 228 4
35 222 6
12 107 1
249 255 2
10 246 1
4 158 6
123 230 1
113 228 3
14 15 3
7 166 2
70 74 1
134 216 2
151 181 2
163 174 1
133 237 1
55 230 2
92 260 2
13 208 1
146 148 1
186 198 2
112 141 3
22 113 1
119 247 2
163 216 1
97 190 1
170 256 6
144 226 1
68 255 3
56 95 1
49 68 3
190 239 1
22 22 5
22 183 2
25 238 2
158 263 8
9 234 1
52 186 6
230 257 2
43 159 2
112 239 2
5 170 1
90 255 4
61 140 9
7 82 11
186 227 1
49 163 2
100 226 12
76 151 1
142 226 7
89 169 1
261 263 5
24 246 13
195 246 3
12 226 1
161 181 2
157 163 2
97 231 10
80 261 1
100 129 2
66 107 12
75 232 7
42 159 5
158 262 11
148 151 5
107 112 1
80 97 3
52 144 4
52 52 5
1 113 6
132 173 5
7 231 3
12 52 1
179 260 11
43 218 1
129 157 2
112 161 9
82 146 2
45 66 5
68 94 1
7 56 1
100 152 2
52 137 5
193 237 4
78 186 1
162 193 4
140 255 5
85 238 1
177 230 1
232 256 5
100 181 6
125 256 1
52 263 3
61 158 1
33 181 4
66 262 3
17 37 2
15 138 4
215 230 1
191 191 3
92 161 2
24 148 1
97 229 1
92 229 3
10 231 1
3 167 3
162 243 4
28 48 2
56 162 1
93 142 1
66 142 3
152 163 2
70 229 2
13 36 1
43 49 1
97 181 7
147 254 1
148 173 3
3 261 1
7 158 1
127 236 2
77 258 1
170 179 8
34 100 1
85 97 1
129 233 2
189 237 1
197 233 1
24 220 4
97 255 3
42 194 1
14 244 1
95 197 2
181 260 1
40 66 1
80 144 4
240 262 1
25 158 2
82 129 5
140 194 1
93 186 1
162 185 1
79 174 1
17 148 3
49 246 2
65 234 8
127 259 1
107 166 6
74 231 5
162 223 6
190 249 1
66 233 6
33 39 1
163 181 2
87 255 5
251 261 1
166 209 4
97 263 4
31 162 1
20 42 1
72 140 3
7 113 3
232 263 9
68 256 2
40 49 1
92 100 1
107 145 6
52 113 3
45 116 1
188 229 1
55 138 3
4 33 1
92 159 1
179 237 1
13 188 1
135 262 1
56 179 1
90 121 2
39 71 6
116 249 3
185 186 1
46 138 1
90 151 14
116 233 6
37 48 2
50 181 4
43 200 2
114 243 1
138 212 1
56 163 2
92 225 1
118 210 1
52 87 6
81 138 1
132 175 3
106 162 1
83 237 1
112 125 1
181 236 5
40 230 1
141 202 5
151 242 1
127 127 2
82 173 3
127 246 2
132 178 3
141 181 6
138 250 1
25 113 1
142 255 1
100 259 1
90 157 2
10 87 3
61 162 1
40 158 4
25 76 2
13 31 1
152 231 3
157 162 4
43 181 2
95 234 1
185 185 1
14 259 1
80 237 3
36 231 3
130 205 3
146 233 5
25 230 4
35 77 5
146 255 1
48 61 1
83 193 1
82 232 2
117 117 1
62 113 1
88 238 4
43 145 3
146 209 2
32 132 2
22 151 1
240 263 1
162 178 1
72 125 1
57 132 1
119 138 3
189 224 1
13 181 4
28 246 1
76 181 2
238 261 7
134 215 1
165 263 2
208 242 2
88 178 1
117 164 1
41 159 2
198 231 1
22 165 3
50 235 1
48 254 1
36 76 3
112 140 7
56 107 1
24 125 2
62 238 1
142 196 1
189 233 1
61 148 3
152 195 1
48 200 2
226 239 1
88 166 2
48 219 1
101 140 3
68 167 1
28 141 1
43 196 1
36 87 1
72 137 2
56 146 1
89 137 2
112 146 1
70 141 2
132 248 1
171 231 1
48 62 1
62 89 1
26 186 1
106 228 4
34 68 1
140 205 3
50 243 3
34 34 1
88 255 1
107 244 5
133 257 5
33 62 2
136 208 1
41 69 1
42 247 5
64 132 5
70 233 4
87 226 2
76 101 1
168 246 1
100 248 1
51 142 1
91 205 3
246 250 1
119 163 1
166 224 1
183 236 1
29 151 2
48 177 2
4 74 3
70 186 2
68 228 1
241 263 1
49 51 1
40 228 4
52 90 1
62 170 1
128 151 2
25 169 2
97 225 3
51 236 2
35 76 5
68 95 4
86 90 1
145 238 3
140 191 1
152 255 1
152 242 1
93 234 3
133 236 1
70 151 1
92 252 1
10 215 1
43 179 2
47 223 1
37 113 1
76 107 3
43 146 2
14 228 4
107 202 1
71 97 1
7 64 1
14 130 1
68 250 2
34 132 1
65 246 4
162 251 1
135 191 1
236 247 1
69 151 1
17 261 4
136 230 1
29 149 2
119 166 2
220 259 1
164 223 3
4 125 9
9 145 1
171 238 1
72 138 1
10 131 1
33 71 1
12 143 1
127 143 2
91 140 1
52 158 2
151 167 1
28 223 1
54 87 1
75 159 4
256 262 3
113 166 8
217 256 3
186 190 2
191 205 2
68 127 1
163 208 1
116 234 5
161 220 3
26 233 1
126 143 1
12 113 1
143 243 8
193 225 1
89 161 3
195 249 1
49 140 4
123 161 1
17 43 1
40 161 2
128 238 1
101 135 1
119 164 1
119 230 1
4 238 2
41 226 4
138 182 2
125 216 1
90 210 2
162 188 1
69 159 2
127 186 1
50 217 1
181 226 6
40 45 3
90 150 4
51 231 1
145 246 4
136 183 4
193 231 3
3 41 1
49 234 4
247 263 3
136 159 2
21 229 1
85 188 3
146 246 1
55 161 1
82 139 1
45 238 2
145 261 2
260 262 4
135 226 1
41 243 6
100 225 2
43 195 1
54 164 3
8 132 1
151 194 1
126 230 1
62 236 1
157 160 1
50 61 1
40 141 2
191 236 1
24 229 5
158 257 1
97 186 5
107 123 4
52 162 2
17 125 2
239 260 2
71 188 5
70 129 7
71 141 2
35 68 1
121 170 1
68 120 2
25 244 1
88 94 1
93 145 1
21 195 1
40 246 2
48 72 1
95 261 4
71 85 1
186 193 2
157 209 1
38 48 1
76 130 3
7 83 1
144 181 5
78 152 3
39 50 1
137 180 1
217 233 6
69 244 1
47 262 2
51 186 1
3 100 1
74 114 1
61 63 1
127 200 1
54 75 1
4 4 7
17 163 2
22 231 3
56 140 3
26 161 4
78 136 1
121 137 1
71 100 1
76 87 1
85 107 1
3 138 5
90 181 1
33 112 1
125 228 1
181 255 1
65 237 3
170 223 3
66 151 1
133 209 1
118 214 1
153 235 1
164 260 5
76 137 6
141 189 2
74 87 1
97 224 5
128 166 1
75 169 1
52 107 2
161 225 1
107 152 1
129 170 2
75 209 2
162 219 1
48 202 3
50 220 2
151 256 1
168 234 2
124 135 1
63 197 3
41 210 1
7 174 1
173 231 1
76 77 2
68 223 2
159 236 7
126 186 1
234 257 1
140 159 5
183 183 2
185 259 1
69 136 2
18 60 1
84 233 1
93 237 2
61 239 2
68 147 1
95 231 1
140 182 2
94 142 1
200 241 2
147 231 2
92 137 1
46 159 1
40 229 1
68 106 2
68 178 1
91 224 1
93 263 3
42 233 4
25 178 1
65 166 1
181 211 5
66 239 1
90 223 2
169 238 1
91 188 4
101 161 1
95 140 6
31 230 1
49 225 4
165 230 3
163 197 2
137 212 1
45 202 1
41 148 3
3 193 1
39 76 7
132 182 3
70 231 1
68 259 1
47 238 2
40 48 3
131 134 2
52 106 3
119 231 4
34 233 1
122 216 1
148 195 1
79 157 1
132 207 2
167 262 1
61 68 3
119 125 1
181 228 3
210 229 1
162 217 2
179 234 2
186 235 1
7 107 2
32 32 3
10 243 1
75 136 1
34 161 3
50 66 2
40 133 1
107 177 2
83 92 1
87 193 1
150 210 1
87 133 1
100 247 2
149 155 4
168 233 1
65 217 4
121 191 1
83 239 1
50 226 1
89 188 5
34 125 2
191 263 1
85 89 5
177 225 9
37 63 1
188 188 9
177 186 2
122 141 1
65 100 2
75 127 3
74 78 2
164 217 2
14 88 2
82 122 1
40 79 2
4 25 1
129 179 6
181 229 3
107 226 2
140 168 2
42 137 10
34 164 1
138 200 2
210 220 1
238 247 2
220 261 2
29 107 1
114 256 4
28 157 1
13 216 1
92 186 1
15 23 1
132 241 3
21 89 1
129 249 2
145 148 3
158 255 2
106 211 2
71 161 3
213 250 1
10 130 5
112 181 3
181 257 5
213 231 3
229 235 1
87 228 3
54 234 1
116 261 3
229 256 1
195 195 1
182 231 2
17 142 3
130 162 2
153 220 1
100 188 1
68 168 2
8 237 1
12 116 1
60 100 2
136 236 3
100 179 2
43 197 2
69 261 1
146 158 1
42 87 4
83 249 1
161 202 1
142 193 1
106 164 2
223 234 1
62 140 4
20 212 1
7 92 3
13 80 1
13 228 3
42 129 1
106 137 2
100 210 2
45 260 2
52 163 2
119 132 2
90 159 1
91 261 1
145 224 1
40 233 4
95 135 2
125 196 1
130 161 1
134 170 1
66 164 13
20 263 1
62 256 1
123 138 2
74 232 5
151 261 5
168 186 1
90 217 1
144 179 1
29 170 1
14 142 1
134 252 2
129 161 1
147 152 1
113 226 3
186 259 3
182 242 1
93 93 2
95 263 2
180 196 3
159 263 2
48 136 2
89 149 1
160 260 1
196 233 2
26 230 1
146 211 2
163 195 1
107 116 3
82 164 4
57 138 2
162 216 2
108 137 4
261 262 5
186 214 1
50 193 1
51 229 2
148 217 2
56 231 1
228 241 1
28 229 1
225 263 2
20 237 1
202 230 1
88 195 1
85 90 1
70 140 4
235 244 2
134 237 1
129 196 4
33 106 1
45 151 2
35 195 1
25 263 1
33 165 3
65 130 1
133 234 1
166 223 1
88 112 1
135 135 3
49 164 2
216 223 1
95 130 3
22 65 1
13 257 2
162 228 1
35 41 1
37 37 9
198 223 1
74 249 3
94 151 1
25 80 1
97 166 1
107 119 1
18 90 1
87 136 1
54 162 1
42 211 1
10 263 1
91 137 1
24 233 2
140 198 1
7 256 4
90 116 3
43 52 1
43 220 3
79 159 2
71 211 1
22 90 1
88 119 1
74 216 1
71 216 1
102 198 4
79 146 1
17 237 1
75 217 2
42 225 1
1 25 1
200 244 2
137 210 2
17 113 1
25 224 3
236 258 1
228 231 3
140 213 9
54 230 1
161 190 2
228 262 3
137 213 1
62 77 1
75 174 3
90 189 1
11 14 1
66 196 1
65 228 3
61 249 1
70 100 1
86 86 1
133 162 1
237 247 2
86 262 1
54 181 1
255 255 3
49 256 1
4 42 3
79 193 1
79 95 1
134 162 2
22 158 1
128 262 1
13 108 1
228 246 2
36 237 1
130 145 1
161 217 1
138 155 1
148 223 3
137 196 1
7 88 1
146 170 2
202 263 1
77 222 1
92 171 2
36 170 1
114 244 3
114 116 1
129 234 2
69 113 2
89 186 3
82 233 2
53 205 1
179 259 1
146 236 1
235 262 2
76 222 10
153 244 1
45 256 2
95 223 1
97 100 2
76 257 1
175 224 1
87 181 6
37 230 3
107 127 2
229 260 2
106 237 2
1 229 1
220 238 6
36 239 1
79 254 1
158 224 2
50 255 2
42 97 1
169 236 1
25 69 1
49 193 1
166 235 1
33 142 2
61 116 1
42 224 1
100 146 4
36 148 2
24 247 1
87 257 1
50 112 1
142 235 1
136 136 1
170 260 4
23 137 1
1 70 1
54 90 1
40 80 1
52 79 1
90 202 1
100 255 1
80 161 6
113 193 1
4 239 3
124 168 1
125 151 3
28 33 1
132 147 2
1 166 1
200 236 1
163 235 1
40 114 1
75 173 2
15 132 2
116 224 1
4 24 1
10 193 1
1 158 5
49 233 2
82 262 1
13 74 2
21 198 1
4 143 1
100 219 1
74 127 1
68 260 2
127 220 2
106 163 1
130 163 1
43 157 1
61 161 3
132 167 1
93 151 1
74 93 1
87 241 2
54 113 1
127 166 3
77 85 1
25 75 3
226 249 1
9 107 1
65 255 3
243 246 3
41 124 1
152 211 2
151 212 1
142 188 1
18 138 2
220 243 1
225 261 2
148 152 1
4 116 1
64 107 1
43 165 1
235 238 1
132 150 3
18 152 1
113 116 1
106 238 1
74 182 3
15 135 2
42 66 1
7 70 1
48 128 1
48 228 1
130 217 1
148 177 1
35 148 2
132 190 1
10 50 2
70 237 1
193 256 1
25 88 1
82 92 1
142 247 1
116 169 1
23 132 2
7 246 4
49 186 3
211 257 1
36 193 1
65 152 1
5 210 2
13 54 1
59 69 1
125 166 1
257 257 3
93 144 3
50 198 1
12 151 2
50 95 1
65 229 1
42 249 1
17 39 2
54 233 1
40 256 1
24 144 2
88 151 2
4 163 2
42 113 3
152 249 4
190 256 1
190 237 1
3 81 1
90 152 2
133 145 1
202 243 1
194 239 1
119 186 3
139 231 1
23 133 1
134 161 1
33 80 1
168 230 6
55 75 2
83 162 1
51 197 1
44 224 1
41 119 2
152 262 1
106 113 1
13 223 1
49 100 2
76 233 3
89 100 2
54 231 3
17 249 1
41 126 1
90 146 1
10 241 1
33 255 2
32 162 1
68 119 1
146 164 1
71 179 1
35 258 1
34 148 1
52 66 5
61 191 1
26 26 8
3 236 1
52 54 1
238 256 1
28 79 1
69 142 3
142 223 2
82 179 2
118 251 1
56 148 1
88 189 1
82 157 3
14 186 2
34 138 3
126 168 1
42 235 2
162 165 2
45 225 1
66 153 1
22 234 1
117 138 1
14 127 1
235 243 1
233 252 1
65 71 1
73 197 1
65 177 1
102 258 1
55 239 1
35 193 1
140 259 2
45 198 1
45 80 1
95 226 3
33 155 2
70 261 1
40 61 1
26 163 1
25 249 2
16 92 3
242 242 3
142 168 1
24 88 1
18 68 1
48 181 3
130 158 1
112 229 2
138 258 2
26 162 1
14 14 3
31 186 1
1 151 2
64 138 2
14 107 1
62 186 1
186 196 1
80 162 2
140 196 2
12 125 2
224 255 1
43 213 1
127 163 2
10 211 1
161 216 1
142 200 2
61 225 5
168 181 1
196 230 1
196 209 1
161 228 1
253 253 1
42 253 1
55 233 1
113 202 1
160 229 2
37 170 2
28 230 3
4 112 1
161 168 2
85 186 1
35 165 3
40 164 2
80 100 2
93 107 4
138 203 2
25 39 7
8 223 1
166 194 1
34 255 1
162 215 1
146 225 1
93 166 1
70 198 1
34 65 5
196 237 2
51 119 1
130 233 1
157 236 1
75 218 2
133 140 2
71 205 1
69 208 2
136 248 1
36 227 1
11 138 1
164 194 1
87 112 1
237 255 2
226 246 1
34 246 1
4 168 3
220 242 2
38 191 1
242 248 3
17 210 1
141 171 1
56 234 3
42 45 3
88 218 1
29 237 1
172 186 1
69 119 1
130 231 1
135 186 1
93 140 2
196 215 1
87 197 1
4 93 1
127 141 2
33 75 2
43 256 2
40 88 1
54 68 1
138 210 2
61 165 3
140 149 1
140 220 5
56 161 2
32 234 1
109 229 1
140 240 1
135 233 2
165 246 1
112 164 2
15 226 2
70 137 1
192 226 1
75 76 2
47 78 2
92 130 1
37 76 2
3 169 3
32 242 1
45 94 1
213 213 2
53 252 2
171 252 2
112 261 2
40 140 2
39 177 1
16 139 1
125 220 1
132 184 1
54 132 1
1 224 1
36 198 1
21 138 2
14 68 2
20 236 1
1 226 1
45 145 1
234 247 1
142 260 3
36 234 1
34 234 1
127 153 2
11 140 1
25 149 1
108 155 1
47 69 2
34 211 1
39 249 1
61 107 5
138 177 4
20 211 1
130 134 1
140 242 1
67 239 1
90 127 1
92 230 2
41 114 2
113 247 1
6 138 1
157 231 1
161 193 2
126 208 1
41 129 1
18 113 1
198 260 1
61 141 1
170 178 1
88 106 1
179 249 1
88 260 1
140 257 2
130 135 1
52 88 1
91 170 1
196 236 1
89 233 1
12 138 2
56 100 1
37 90 1
14 75 1
114 146 1
6 170 1
6 228 1
117 130 2
35 117 1
63 137 1
146 231 2
25 146 1
65 145 1
127 263 2
195 241 1
171 263 1
4 40 1
169 220 1
167 223 2
132 192 4
37 65 2
194 263 1
40 125 1
217 263 1
124 137 2
140 167 1
92 92 2
106 186 3
71 170 3
13 145 1
74 97 1
25 90 4
137 228 3
7 209 2
144 146 1
49 188 1
137 165 5
243 263 4
48 80 1
76 230 2
4 195 1
151 220 1
7 45 1
76 209 1
161 197 2
72 177 3
42 78 1
138 241 1
113 215 1
39 186 1
34 142 1
123 155 1
152 161 1
129 252 2
74 212 1
34 163 1
147 261 1
70 161 3
78 94 1
56 226 2
70 164 2
15 140 1
131 162 1
83 140 2
16 260 1
57 236 1
29 178 1
188 239 1
65 106 3
41 158 1
100 215 1
167 170 2
169 174 1
28 162 1
168 237 3
18 42 1
45 215 1
1 211 1
31 236 1
142 179 2
121 233 1
132 169 1
69 169 2
69 167 2
78 159 1
191 241 2
137 198 1
186 225 1
211 255 2
91 100 1
44 192 1
58 152 1
146 234 1
76 186 2
70 260 1
91 178 1
76 88 1
75 91 4
36 236 1
26 48 2
145 197 1
61 186 2
254 261 1
180 236 1
18 74 1
138 253 3
209 213 1
7 180 1
25 47 1
70 142 1
22 162 1
87 145 3
159 237 1
36 186 1
68 216 1
39 231 1
50 82 1
161 219 1
78 261 1
195 232 1
1 41 1
164 215 1
93 163 2
108 228 1
163 202 2
13 123 1
112 157 1
127 243 2
75 133 1
34 262 1
73 130 1
130 216 5
121 258 3
40 65 2
4 257 1
76 166 1
66 90 3
95 186 1
119 136 1
33 125 1
164 179 1
137 243 1
24 69 1
76 190 1
65 75 2
65 102 1
28 170 2
28 107 2
14 237 2
70 226 1
67 138 2
220 234 3
23 23 1
198 238 1
38 231 1
62 79 2
80 249 1
124 142 1
91 229 1
28 90 2
188 218 1
10 196 1
146 262 1
13 95 2
160 231 1
75 193 1
217 262 1
45 130 1
23 229 1
163 200 1
142 258 1
88 223 2
68 193 1
170 175 1
45 179 1
140 165 1
67 68 1
10 209 1
140 203 1
77 223 1
83 160 1
148 202 2
87 225 1
47 248 1
79 192 1
89 155 2
137 202 1
34 87 1
82 223 4
14 210 1
179 263 1
72 89 1
25 164 3
174 174 1
10 144 1
112 149 1
61 91 3
47 81 1
190 230 1
65 72 2
18 235 2
141 215 1
47 243 1
141 159 1
134 249 1
25 209 1
34 107 1
166 256 1
89 141 1
159 238 1
74 246 1
27 238 1
97 256 2
31 238 1
48 192 1
25 236 3
52 233 1
56 262 1
49 62 2
80 222 1
90 168 1
7 225 1
68 72 1
113 196 1
45 93 1
14 79 1
91 186 1
149 234 1
112 232 1
227 234 1
7 243 1
142 146 1
161 241 2
160 162 3
92 207 1
25 233 3
49 170 6
55 163 2
23 118 1
74 112 1
107 223 1
65 146 1
47 151 1
146 238 1
50 147 1
171 171 1
17 188 4
225 249 1
61 236 2
206 237 1
43 106 1
130 140 1
7 244 1
112 151 1
112 143 1
36 249 3
107 213 3
83 141 1
151 232 1
20 166 1
61 177 3
70 236 2
10 186 1
236 257 1
106 230 1
228 261 1
121 237 1
95 238 2
189 230 1
74 250 1
141 194 1
83 137 2
89 237 1
153 238 1
137 257 1
223 255 1
65 155 1
62 225 1
49 195 1
106 227 1
192 232 1
97 226 2
37 256 1
36 66 1
7 216 1
161 215 1
202 260 1
49 162 2
24 224 1
232 238 1
119 152 1
133 138 2
72 230 1
38 139 4
92 233 1
145 256 1
151 182 1
92 142 1
74 94 1
88 248 1
17 143 2
160 246 1
37 133 1
139 236 1
25 246 2
74 191 2
142 181 1
7 50 1
7 24 1
25 106 3
62 146 1
80 236 1
113 146 2
80 101 1
197 256 1
160 179 1
82 263 1
14 21 1
74 126 1
145 196 2
61 100 1
15 130 1
107 175 1
193 196 2
67 211 1
202 246 1
239 255 1
71 107 3
25 107 3
10 229 3
18 75 3
40 237 1
225 237 4
80 137 3
70 213 1
71 71 4
193 202 1
127 181 1
129 145 1
133 262 1
247 262 2
40 75 1
238 259 1
26 43 1
74 149 1
68 220 1
89 236 4
48 198 1
202 239 1
10 90 1
42 88 2
7 207 1
3 107 1
12 146 1
137 152 1
8 8 1
136 239 1
24 87 1
155 237 1
186 217 1
107 173 1
69 100 1
10 125 1
231 235 2
174 186 1
7 74 2
135 170 1
26 214 1
14 39 1
141 200 1
246 260 1
23 138 1
138 150 1
52 192 1
22 143 1
196 198 1
88 139 1
135 209 1
193 211 1
11 22 1
200 238 1
145 202 1
17 181 1
61 75 3
74 188 2
150 162 1
71 137 3
52 211 2
182 247 2
165 165 1
51 262 1
60 132 2
151 241 1
106 141 1
43 97 1
51 263 1
163 168 1
100 177 2
69 230 1
88 133 1
87 223 1
136 140 1
83 85 1
75 112 2
38 100 1
80 263 1
166 261 2
61 189 1
50 168 1
166 174 1
126 169 1
125 243 1
12 236 1
137 225 5
134 246 1
188 231 1
198 230 1
93 261 1
37 236 1
93 135 1
25 130 1
34 186 1
28 140 1
116 235 1
197 230 1
13 24 1
124 138 1
64 124 1
32 186 1
145 158 1
125 129 1
39 85 1
10 68 1
226 261 1
13 112 2
67 141 1
130 130 2
197 216 1
93 129 1
64 98 1
131 226 1
75 120 1
28 100 3
145 151 1
168 239 2
120 162 1
51 254 2
224 226 1
100 217 2
75 97 1
234 252 1
15 233 1
125 145 2
113 152 2
33 76 3
106 229 1
158 226 1
74 167 2
136 237 1
188 249 1
25 152 1
26 107 1
124 162 1
190 227 1
43 198 1
116 144 1
205 218 6
123 140 1
61 88 2
157 233 2
85 91 1
35 71 1
142 165 1
136 250 1
162 167 1
68 213 1
147 161 1
22 137 1
82 121 1
70 215 1
100 130 1
181 224 1
150 163 1
19 95 1
24 127 1
250 263 1
70 262 1
74 209 1
42 254 1
83 186 1
10 162 1
209 222 1
28 95 1
45 146 1
55 137 1
125 181 2
91 155 5
79 228 1
5 162 1
56 68 1
198 233 1
49 137 1
114 207 1
7 198 2
134 140 1
14 263 1
136 186 2
18 141 2
36 53 1
50 135 1
239 247 1
83 87 1
39 235 1
32 75 1
26 55 1
92 95 1
72 72 1
75 188 1
235 235 1
4 188 1
97 230 1
20 140 1
151 169 1
161 235 1
179 230 1
188 216 1
145 223 1
185 237 1
60 161 1
65 169 1
74 222 1
23 101 1
52 237 1
18 186 1
76 182 1
127 164 1
137 178 1
18 243 1
50 159 2
121 140 2
22 141 1
14 155 1
157 164 1
197 262 1
148 194 1
97 232 1
100 160 1
128 186 1
32 142 1
37 258 1
76 219 1
125 244 1
37 42 1
92 144 1
130 215 1
49 90 1
31 151 1
87 179 1
50 232 1
178 236 1
130 226 1
7 152 1
230 254 1
181 210 1
130 137 1
197 247 1
139 234 1
212 242 2
76 90 1
7 90 1
10 100 1
45 244 2
146 207 1
95 200 1
39 65 1
148 226 2
152 162 1
89 228 1
133 161 3
219 243 1
101 218 1
132 172 1
14 140 4
102 191 1
87 244 1
15 162 1
20 230 1
26 228 1
94 162 2
75 220 1
82 255 1
4 142 1
63 76 2
61 85 7
185 226 1
168 211 1
56 232 1
60 138 1
25 226 1
25 62 2
69 69 4
34 66 1
49 114 1
29 188 1
14 123 1
21 123 3
99 229 1
35 189 1
196 260 1
34 209 1
62 92 1
182 208 1
26 234 1
41 200 1
24 249 2
160 186 1
69 237 2
33 217 1
134 164 1
157 161 1
161 254 1
132 221 1
238 255 1
180 216 1
32 247 1
34 90 1
196 234 1
48 225 1
74 225 1
167 233 1
43 171 1
33 97 3
70 246 1
113 217 1
29 56 1
79 136 1
67 231 1
8 162 1
194 194 1
74 82 1
37 70 1
82 193 1
165 232 2
33 218 1
37 114 1
195 236 1
126 234 1
49 80 1
3 161 1
79 195 1
174 224 1
29 261 1
95 148 1
37 125 1
24 209 1
95 221 1
43 217 2
170 208 2
10 88 1
18 241 1
80 232 1
51 75 1
53 108 1
43 91 1
148 166 1
173 233 1
25 255 1
174 241 1
241 246 1
75 216 1
107 136 1
60 186 1
11 132 1
188 262 1
25 82 1
170 257 1
163 198 2
116 126 1
3 74 1
95 146 1
147 232 1
155 231 3
47 132 1
69 161 1
137 159 1
61 137 4
114 217 1
66 74 1
26 68 1
188 261 1
218 237 1
17 263 2
17 25 1
123 141 2
215 215 1
13 220 4
61 157 1
12 26 1
65 232 1
166 211 2
159 242 3
53 250 1
93 134 1
166 241 1
16 170 1
152 164 1
67 181 1
138 221 1
260 263 2
1 45 1
167 237 1
82 261 1
145 173 1
75 215 1
28 142 1
90 196 1
42 117 1
225 256 2
112 249 1
95 164 4
63 182 1
37 166 1
73 170 1
25 185 1
62 209 1
71 89 3
94 163 1
135 232 1
35 140 1
169 186 1
79 150 1
91 123 3
37 96 1
77 188 3
33 89 1
177 218 1
196 222 2
35 216 1
202 223 1
123 228 1
22 198 1
3 220 1
254 254 4
25 167 1
73 82 1
155 210 1
149 165 2
47 51 1
39 198 1
3 32 1
51 133 1
168 235 2
56 136 1
127 157 1
79 222 2
101 216 1
28 137 1
50 126 1
39 89 3
29 189 1
161 175 1
155 249 1
60 136 1
60 197 1
75 130 2
213 222 1
125 213 1
62 97 1
61 188 11
35 170 4
26 114 1
170 213 1
177 188 2
20 141 1
63 75 1
35 162 1
39 83 4
165 228 1
22 217 1
155 165 1
160 182 1
66 210 1
174 242 1
181 227 4
72 227 1
7 14 1
14 22 1
100 119 1
26 188 3
39 155 7
155 227 1
12 213 1
119 238 1
67 133 1
134 196 3
140 210 1
131 215 2
124 170 3
55 151 2
162 259 1
122 170 1
167 242 1
76 208 1
166 171 1
242 254 1
41 235 1
25 222 1
72 149 1
219 263 1
147 208 1
42 121 1
131 192 1
177 231 2
26 35 1
26 123 1
140 215 1
95 258 1
89 91 7
85 161 1
196 223 1
170 205 1
167 258 1
45 81 3
149 169 1
163 188 2
33 117 1
188 225 2
72 238 1
76 127 1
76 236 2
71 77 1
62 76 3
87 91 1
232 259 1
183 229 1
225 233 1
25 193 2
161 222 1
168 229 1
28 247 1
183 185 2
248 254 1
247 254 1
81 254 2
139 210 1
210 210 2
188 233 2
65 85 1
80 177 2
51 143 1
106 159 1
39 188 4
3 208 1
76 177 6
17 35 3
38 163 4
64 64 3
66 232 1
179 256 1
90 123 1
47 60 1
17 76 1
216 236 1
165 225 1
167 250 1
170 222 2
61 152 1
24 226 2
116 177 1
42 252 1
200 243 3
37 198 1
68 69 1
9 16 1
76 97 2
220 240 1
235 250 1
208 212 1
98 219 1
95 175 1
60 79 1
168 232 5
119 167 1
82 143 1
42 213 1
139 215 2
18 254 1
25 35 3
85 225 2
22 67 1
167 213 2
133 222 1
61 86 1
16 124 1
159 230 1
16 243 1
75 171 3
196 218 2
48 227 1
72 188 2
153 241 1
61 213 1
63 71 1
181 195 2
49 71 1
71 222 1
49 55 1
7 205 1
182 230 2
22 26 3
63 244 1
92 107 1
53 53 1
69 186 1
77 177 2
72 165 3
68 123 1
61 133 1
191 218 1
68 217 2
55 236 2
43 126 2
61 76 4
35 154 2
231 247 2
82 218 2
10 192 2
137 220 4
196 202 2
92 185 2
192 205 4
160 196 2
14 67 6
51 250 4
136 261 2
22 244 2
114 123 2
14 149 2
49 76 4
235 263 2
61 180 2
169 261 2
3 162 2
89 162 2
101 131 2
48 63 2
21 133 2
107 195 3
39 236 2
163 248 2
73 226 2
56 130 2
61 238 2
48 89 3
51 170 3
117 201 2
115 143 2
51 161 4
82 197 2
53 197 2
87 177 4
56 212 2
77 165 3
67 234 2
203 205 2
21 155 2
171 242 2
63 177 3
101 169 2
18 92 2
129 232 2
56 233 2
168 174 2
196 216 2
28 37 2
36 73 2
123 210 4
62 181 2
61 72 4
76 79 5
167 261 2
37 249 2
170 248 2
102 131 2
51 212 2
36 177 2
165 210 2
69 143 2
51 242 3
47 242 4
51 174 2
51 69 3
14 55 4
92 157 2
76 225 8
28 232 2
61 123 2
39 63 2
85 237 3
26 148 2
46 218 2
71 165 2
76 244 2
17 227 2
107 133 2
73 107 2
3 51 7
14 189 2
72 80 2
15 131 2
15 252 4
234 243 2
191 203 3
141 258 2
205 233 2
55 188 2
15 15 2
16 131 3
193 241 2
145 205 3
91 222 3
20 220 3
88 89 2
35 224 6
86 231 2
15 238 2
164 228 2
82 216 2
72 169 2
48 257 2
76 91 4
215 218 3
72 74 2
22 91 2
170 218 3
155 161 2
79 242 2
29 86 2
61 228 2
136 244 3
216 235 2
121 130 2
168 242 2
65 91 2
26 227 2
75 121 2
50 210 2
95 237 2
48 126 2
35 141 3
216 225 2
78 131 2
75 82 3
39 91 7
81 162 2
91 91 2
139 170 2
36 37 4
16 134 2
212 261 2
61 263 2
37 81 2
48 117 4
75 196 2
208 226 2
98 140 2
33 35 2
108 108 2
91 150 3
39 164 3
48 212 2
43 160 2
124 201 2
141 205 2
71 181 3
91 215 2
22 222 2
32 174 2
174 200 2
92 143 2
36 167 2
41 220 2
91 129 2
42 222 2
108 216 2
119 190 2
107 222 2
107 168 4
140 188 3
76 167 2
186 212 2
49 86 2
21 165 2
58 236 2
26 150 2
101 205 2
139 192 2
174 229 2
167 174 2
4 91 2
61 170 3
4 123 2
42 242 2
75 181 2
4 69 2
46 254 2
192 209 2
61 145 2
149 222 3
37 217 2
131 140 2
140 212 2
51 141 2
220 247 2
72 113 2
170 210 3
91 210 2
3 170 2
119 174 2
69 170 3
169 213 2
182 225 2
107 159 2
89 142 2
131 139 3
89 180 2
4 217 2
177 181 2
51 51 5
76 165 2
66 178 2
209 256 2
14 78 2
22 97 2
229 243 2
161 165 3
124 252 3
17 179 2
76 85 2
39 261 2
40 76 2
72 222 5
159 183 2
141 259 2
64 236 2
15 53 2
65 247 2
56 170 3
97 131 2
191 192 2
20 50 2
33 77 2
3 45 2
164 165 3
93 236 2
35 234 2
33 210 3
48 81 2
29 97 2
62 75 2
35 49 3
78 161 2
85 155 2
155 183 2
25 26 2
64 142 2
149 228 2
39 62 3
218 219 2
14 61 3
67 140 2
85 217 2
61 197 2
210 225 2
168 223 2
212 220 2
91 233 2
71 225 3
4 7 2
29 225 2
76 124 2
95 102 2
92 192 2
149 210 2
72 196 2
63 112 2
141 182 2
81 164 2
20 231 3
229 242 2
100 124 2
161 210 2
159 259 3
121 171 2
18 47 2
159 244 2
91 119 2
48 222 2
155 191 2
10 76 4
37 208 2
63 77 2
42 250 3
119 259 2
48 213 2
85 116 2
74 189 2
180 222 2
36 61 2
155 190 2
17 135 2
208 215 2
18 87 3
47 182 2
91 246 2
129 130 3
66 177 2
41 182 2
14 256 2
11 45 2
25 55 3
113 220 3
143 235 2
55 210 2
39 222 3
113 147 2
51 85 2
95 239 2
113 212 2
117 205 2
196 263 1
86 95 1
91 108 1
22 98 1
35 74 1
26 39 1
26 76 1
141 198 1
16 16 2
35 225 3
233 250 2
38 62 1
107 134 1
49 49 1
18 234 1
137 173 1
28 261 1
131 197 1
74 130 1
135 137 2
61 122 1
76 229 1
90 235 1
18 61 1
35 113 1
165 201 2
218 226 1
32 254 2
9 64 1
55 149 1
94 140 1
119 240 1
9 131 1
220 237 1
42 200 1
129 227 1
149 233 1
26 28 1
130 179 1
72 91 2
202 236 1
121 131 1
74 235 1
162 182 1
3 18 1
7 10 1
147 247 1
159 179 1
179 196 1
14 89 2
68 133 1
56 137 1
45 223 1
17 33 2
89 177 1
90 182 1
47 186 1
79 98 1
19 262 1
33 61 1
136 242 1
72 205 2
225 236 2
53 69 1
181 222 3
76 231 1
107 250 1
38 205 2
35 249 1
145 149 1
148 212 1
91 231 1
102 137 2
177 197 1
39 140 3
55 140 1
75 212 1
174 244 1
3 14 1
185 248 1
164 188 1
26 209 1
71 155 2
44 140 1
102 233 1
196 205 1
17 130 1
51 90 1
60 163 1
25 157 1
16 241 1
16 121 1
89 178 1
223 233 1
97 188 1
121 188 1
121 122 1
140 169 1
203 219 1
14 36 1
3 250 1
69 242 3
171 226 1
35 161 1
66 76 1
201 258 1
168 261 1
37 161 1
170 190 1
77 155 1
72 162 1
117 261 2
167 232 1
92 162 1
74 85 2
89 116 1
25 219 1
217 255 1
49 209 1
17 55 1
51 184 1
101 134 1
107 188 1
142 189 1
29 123 1
63 225 1
170 225 1
31 140 1
95 225 1
74 193 1
14 181 1
35 121 1
25 177 1
102 146 1
155 181 1
213 235 1
41 130 1
10 218 1
102 188 1
72 234 1
20 143 2
61 106 1
32 263 1
125 253 1
37 71 1
106 165 1
123 181 2
26 85 1
118 233 1
9 130 1
21 108 3
197 234 1
83 192 1
25 91 1
78 168 2
32 159 2
121 236 1
92 197 1
119 192 1
143 174 1
60 174 1
35 100 1
153 242 1
21 237 1
51 107 1
136 220 1
168 213 1
139 141 1
62 149 1
123 165 2
169 242 1
174 247 1
3 254 1
142 159 2
49 183 1
107 169 1
65 222 1
170 193 1
218 233 1
38 95 1
89 117 1
21 61 1
121 197 1
37 72 1
41 169 1
45 169 1
79 89 1
74 81 1
91 213 1
80 165 1
71 76 1
94 236 1
216 222 1
68 130 1
72 85 1
18 78 1
151 250 1
192 216 2
155 188 1
41 85 1
45 46 1
16 91 1
213 254 1
41 60 2
16 74 1
18 169 1
31 250 1
144 225 1
213 234 1
86 195 1
189 201 1
16 73 1
70 119 1
56 90 1
35 177 3
203 215 2
77 203 1
92 135 1
25 205 1
51 167 2
141 188 1
216 226 1
21 26 1
76 218 1
42 139 1
39 49 2
50 91 1
72 262 1
198 261 1
7 252 1
53 162 1
55 185 1
135 145 1
180 232 1
67 232 1
14 76 1
42 62 1
159 195 1
35 166 1
92 145 1
213 216 1
35 91 1
130 250 1
129 143 1
117 139 1
18 144 1
222 237 1
10 102 1
213 244 1
130 218 1
95 203 1
123 170 1
95 260 1
95 215 1
164 198 1
24 134 1
46 95 1
10 95 3
69 263 1
69 163 1
42 232 1
121 218 1
16 135 1
51 169 1
22 232 1
145 232 1
171 234 1
213 229 2
28 93 1
78 90 2
3 174 1
157 157 1
90 225 3
91 165 1
140 222 1
43 62 1
72 87 1
71 86 1
14 26 1
7 25 1
170 171 1
51 237 1
133 170 2
39 170 1
193 229 1
222 249 1
71 261 1
26 222 1
136 234 1
14 74 1
63 143 1
51 183 1
85 228 1
22 181 1
145 249 2
113 150 1
134 248 1
29 61 1
75 222 1
78 182 1
78 250 1
122 174 1
88 173 1
60 247 1
75 81 1
15 239 1
72 79 1
155 234 1
236 259 1
107 167 1
143 256 1
166 248 1
188 210 1
69 177 1
35 48 1
131 216 1
102 157 1
42 126 1
123 177 1
51 213 1
169 233 1
95 160 1
119 213 2
95 205 1
137 150 1
14 66 1
162 220 1
33 178 2
140 225 1
72 258 1
41 97 1
55 219 1
202 208 1
77 229 1
52 222 1
16 19 1
16 101 1
72 216 1
188 263 1
185 244 1
173 196 1
140 190 1
163 171 1
209 259 1
149 243 1
22 149 1
141 192 1
78 129 1
63 210 1
137 203 1
121 215 1
130 139 1
95 218 1
91 162 1
68 76 1
78 137 1
55 165 1
26 100 1
56 129 2
51 218 1
209 217 1
91 143 1
136 174 1
95 129 1
61 207 1
216 219 1
22 70 1
29 140 1
61 193 1
53 170 3
26 89 1
61 202 1
218 260 1
35 255 1
167 259 1
68 219 1
17 213 1
18 209 1
113 121 1
92 134 1
127 149 1
107 121 1
19 261 1
41 212 1
37 49 1
166 254 1
137 157 1
38 229 1
123 227 1
107 165 1
229 257 1
69 227 1
3 144 1
117 135 1
4 124 2
178 227 1
26 67 1
72 155 1
45 62 1
142 157 1
26 157 1
65 80 1
167 263 1
75 205 1
51 140 1
22 61 2
143 169 1
78 141 1
135 192 1
113 208 1
21 236 1
191 219 1
9 162 1
220 241 1
177 223 1
153 263 1
29 133 1
162 191 1
155 257 1
117 145 1
60 141 1
79 197 1
65 116 1
158 216 1
19 191 1
131 191 1
159 169 1
86 215 1
163 165 1
62 86 1
94 146 1
10 223 1
182 237 1
17 74 1
9 140 1
21 228 1
17 95 1
136 153 1
47 212 1
69 235 1
60 254 2
19 197 1
93 192 1
135 165 1
126 244 1
61 168 1
210 254 1
22 209 1
62 88 1
35 36 1
97 130 1
63 234 1
55 170 2
124 205 1
14 165 1
26 91 1
32 231 1
76 260 1
143 182 1
3 94 1
82 131 1
131 218 1
21 149 1
81 100 1
39 145 1
169 244 1
14 243 1
9 157 1
56 223 1
220 220 1
87 89 1
74 76 1
69 164 1
107 124 1
169 219 1
21 178 1
61 227 1
72 209 1
47 87 1
18 164 1
71 87 1
33 63 1
49 151 1
137 174 1
56 121 1
45 91 1
61 222 1
41 65 1
168 224 1
202 229 1
21 225 1
153 247 1
119 141 1
173 263 1
95 262 1
16 137 1
198 224 1
180 217 1
97 142 1
16 129 1
24 101 1
177 233 1
146 216 1
37 233 1
29 91 1
95 113 1
92 236 2
128 167 1
113 171 1
38 219 1
113 177 1
165 181 1
135 229 1
51 123 1
21 140 1
95 216 1
92 218 1
51 79 1
101 170 1
37 192 1
95 201 1
17 224 1
185 242 2
208 247 1
17 222 1
77 77 1
90 212 1
12 153 1
72 106 1
61 80 1
37 80 1
25 225 1
198 236 1
162 235 1
72 123 1
124 124 1
140 155 1
17 54 1
213 238 1
22 108 1
4 219 1
76 170 1
32 42 1
18 223 1
62 90 1
119 237 1
159 248 1
39 87 1
29 29 1
86 209 1
76 237 1
51 162 1
48 91 1
216 244 1
236 254 1
81 137 1
90 188 1
106 140 1
37 228 1
183 223 1
87 215 1
86 213 1
41 136 1
63 196 1
55 87 1
16 98 1
7 73 1
3 242 1
205 219 1
197 205 1
63 101 1
195 202 1
9 137 1
18 137 1
22 106 1
62 232 1
71 177 1
35 261 1
134 226 1
76 148 1
149 225 1
159 235 1
72 88 1
19 90 1
22 148 1
15 16 1
17 218 1
130 171 1
31 183 1
174 248 1
107 157 1
35 146 1
108 181 1
75 139 1
76 216 1
218 236 1
