125 137 27
230 249 364
125 261 41
42 114 4
113 211 263
230 233 364
141 162 1059
90 230 410
100 230 736
68 161 517
42 151 60
4 79 265
13 132 87
74 75 307
90 107 485
43 186 132
107 137 484
239 239 716
151 151 152
68 186 598
132 164 289
170 186 1113
164 239 170
237 263 1007
75 237 310
75 138 91
151 239 784
132 162 240
79 138 133
186 229 351
164 238 122
50 132 85
138 241 9
74 195 1
142 236 935
100 163 459
48 237 458
163 164 428
162 231 280
236 263 1240
107 170 1315
163 170 541
45 232 24
138 166 75
138 229 152
142 148 48
100 170 621
229 263 672
50 229 74
113 142 144
68 87 123
132 249 111
144 209 71
48 114 157
132 140 108
79 233 435
48 138 171
236 238 1029
236 237 3082
142 164 278
45 48 32
231 231 328
48 132 310
186 239 265
132 236 193
142 163 899
112 230 29
90 137 148
161 186 1010
43 68 69
141 142 575
114 162 236
132 238 196
166 238 363
140 263 787
132 233 168
13 144 103
137 141 281
162 170 1045
229 233 540
263 263 423
237 239 746
141 263 1416
100 107 279
151 236 229
161 246 408
234 246 461
229 239 231
88 164 32
68 144 178
4 186 70
140 142 336
43 234 124
75 234 39
145 170 44
142 239 1842
140 262 702
233 236 258
107 231 295
132 181 240
93 132 612
48 113 204
92 132 69
48 246 747
239 262 262
48 148 106
132 219 194
132 142 225
138 181 104
132 262 166
37 132 84
68 100 313
107 186 789
114 211 141
148 148 142
1 1 19
116 244 57
141 143 167
142 262 255
143 237 339
132 231 167
230 234 681
163 234 413
141 161 816
234 237 400
144 162 205
163 236 714
107 234 694
186 234 961
182 213 2
53 179 1
148 231 274
142 142 560
137 140 133
142 161 844
100 186 298
152 236 14
166 262 35
113 114 383
181 195 4
236 236 1429
48 230 977
48 68 1290
137 170 452
41 238 211
229 237 925
238 263 353
162 262 428
170 229 792
75 263 421
164 229 371
68 164 438
50 142 335
132 216 150
132 244 50
186 230 1327
163 229 560
113 246 168
132 261 69
13 230 154
95 138 63
161 237 1300
146 170 15
132 223 135
142 238 1294
48 143 582
48 162 699
68 249 816
13 13 79
13 87 187
13 88 90
161 263 597
13 45 41
45 230 35
100 236 154
238 239 1693
142 143 841
151 152 31
137 224 117
132 157 80
132 158 78
132 256 114
170 237 647
143 151 158
43 236 504
158 170 165
107 113 567
229 230 537
80 138 39
87 88 68
87 114 126
90 186 539
114 234 543
48 141 271
140 224 59
161 163 858
100 137 190
61 132 128
25 132 116
140 161 444
138 237 113
161 162 705
162 230 854
114 249 468
141 229 1114
233 234 310
79 107 1244
161 164 909
75 75 163
132 166 106
132 145 201
79 249 966
79 232 240
79 148 782
142 237 1114
132 239 187
79 114 706
114 146 2
68 233 149
144 234 279
50 163 232
87 132 142
18 132 5
113 143 66
142 263 396
232 236 21
138 159 2
97 138 26
89 148 7
138 141 173
137 263 171
132 230 436
112 138 78
164 164 235
138 238 149
79 231 420
138 162 274
79 90 510
143 161 318
48 79 276
68 163 341
140 234 197
132 146 43
48 233 214
144 237 81
143 186 184
143 162 240
141 262 676
52 113 17
132 203 83
186 262 143
114 137 115
140 164 161
45 132 28
68 211 179
142 234 298
50 186 306
24 239 256
79 170 904
161 170 896
186 246 507
186 263 224
211 232 57
246 249 382
170 211 139
132 138 155
48 142 1201
125 144 88
144 230 249
90 233 114
113 164 319
33 43 10
7 193 25
112 132 150
132 136 7
7 230 56
141 141 637
113 138 74
79 186 658
114 141 81
236 262 943
170 230 755
68 230 645
230 239 639
140 230 208
4 132 42
234 238 175
161 230 1039
113 231 365
211 234 272
148 233 101
90 234 588
79 234 978
144 261 101
79 144 518
13 186 144
161 261 90
48 238 475
143 230 430
79 246 193
137 186 437
37 186 14
48 161 948
107 114 470
13 164 82
90 162 372
164 230 836
158 186 302
234 263 189
140 141 725
163 230 870
50 100 198
151 238 734
151 263 132
65 186 28
132 137 84
141 237 1383
68 148 165
88 137 31
124 132 38
87 138 108
51 138 4
163 239 577
68 138 131
237 237 1305
74 237 117
43 237 517
56 132 120
75 236 512
33 263 7
43 141 236
164 234 592
236 239 1212
162 229 779
143 239 906
42 238 72
10 128 1
231 261 229
68 181 29
48 87 94
100 233 216
88 144 38
87 230 121
42 138 45
87 144 167
87 261 83
13 48 123
237 238 545
43 230 320
230 230 472
48 186 894
49 132 135
137 162 568
107 141 350
140 229 720
100 263 122
140 244 16
9 138 4
138 249 67
141 163 537
42 152 23
161 236 1285
107 164 493
229 236 612
233 237 289
143 229 111
88 230 51
158 209 20
43 239 420
79 132 236
211 230 137
224 249 78
79 79 760
68 170 534
24 231 15
142 151 446
82 234 3
143 236 263
79 113 714
140 162 485
231 234 444
106 181 14
234 249 890
24 151 153
143 170 145
107 224 171
158 234 343
144 161 220
36 132 66
229 229 301
132 209 44
142 231 116
231 249 696
148 186 231
48 144 107
230 236 567
186 237 383
87 163 41
132 228 34
18 230 2
137 148 131
113 186 412
164 246 295
142 249 135
161 231 300
138 226 45
42 132 61
142 230 873
143 238 572
13 231 442
132 134 81
93 163 4
4 114 71
50 164 161
1 231 3
164 170 818
163 186 607
114 255 24
68 79 409
107 138 114
132 132 500
132 246 69
48 140 153
230 261 102
100 231 121
41 229 29
162 236 964
236 249 164
132 232 59
50 75 8
107 162 917
237 249 201
151 166 293
166 244 54
140 257 4
107 132 217
107 107 344
113 113 177
158 246 269
148 158 113
141 186 317
141 239 434
75 238 257
161 234 945
100 161 664
161 249 473
107 230 408
137 234 384
148 211 226
61 138 47
170 263 378
113 238 75
13 68 181
74 263 294
140 236 746
79 164 485
141 164 271
68 239 223
42 90 24
132 170 318
132 141 181
90 158 355
13 113 118
50 70 1
79 229 446
132 189 90
162 186 774
48 170 618
113 234 647
107 211 200
100 234 373
41 143 46
40 125 6
138 145 85
113 161 435
148 162 215
33 45 12
125 148 102
132 193 14
141 230 399
140 186 232
100 142 214
68 244 15
138 163 152
161 229 841
141 233 522
140 145 18
75 140 137
42 141 36
163 163 230
41 43 62
170 233 447
113 230 280
68 132 223
238 244 67
50 143 188
50 161 306
88 129 1
87 249 166
7 114 19
113 239 101
144 211 156
112 211 9
138 223 118
24 42 33
43 229 147
132 186 156
107 161 681
158 262 22
79 162 751
179 229 17
161 239 606
48 151 197
42 69 4
137 163 94
230 238 400
162 233 404
74 247 6
68 261 74
68 158 403
133 162 3
42 186 39
132 237 165
233 263 311
144 233 82
158 211 184
234 234 327
45 249 38
151 230 150
50 113 57
68 90 670
132 155 35
68 107 440
239 246 210
114 188 7
181 181 52
86 203 1
138 234 90
75 186 60
87 125 58
45 100 14
132 175 26
113 162 367
52 237 8
45 237 14
114 163 125
249 249 353
137 238 62
100 125 40
100 164 284
28 132 327
93 107 7
132 211 82
138 143 69
74 74 105
141 236 1415
88 100 27
83 231 7
163 261 37
75 166 51
112 143 2
162 237 1213
138 230 388
114 164 206
48 164 513
116 141 9
142 233 176
42 237 55
48 133 2
101 132 15
231 233 96
132 229 171
130 132 250
82 249 4
138 179 39
129 223 5
82 164 10
114 246 155
163 249 264
48 249 415
113 170 521
170 249 510
113 140 75
238 249 78
138 244 36
230 237 602
163 238 336
164 249 364
138 239 151
76 132 58
229 262 418
43 262 109
226 229 44
238 238 464
17 161 4
48 239 716
141 170 573
238 243 69
50 236 68
138 233 153
231 239 97
142 166 192
54 138 6
137 262 113
170 170 459
231 236 123
67 164 1
125 163 53
148 249 312
230 232 49
68 246 687
79 236 140
129 138 213
100 132 154
87 186 110
113 158 266
137 161 305
161 233 471
97 132 85
7 186 27
233 233 120
162 234 689
231 246 212
137 229 507
114 239 62
132 148 130
158 164 182
186 186 154
68 140 70
164 261 56
33 90 17
186 236 319
186 249 657
40 132 52
162 224 125
42 42 84
143 144 29
79 141 310
161 161 579
24 142 158
229 243 11
107 246 238
148 217 3
24 234 28
41 75 127
90 142 169
50 90 132
41 151 150
95 132 183
13 233 62
138 263 153
148 236 45
143 163 451
114 132 64
90 138 72
88 232 29
148 170 199
148 194 1
138 262 126
112 148 44
107 125 90
45 164 32
143 148 17
33 236 13
43 137 28
13 138 57
43 231 28
140 237 827
100 255 14
74 138 43
132 188 79
114 231 364
21 244 1
148 224 44
33 209 8
100 261 63
141 226 35
151 234 83
198 224 1
37 148 13
43 263 213
43 50 33
158 163 143
138 161 221
132 161 232
186 226 14
164 237 348
138 236 170
75 132 87
79 256 85
164 256 24
41 42 144
233 262 186
137 231 87
132 263 156
232 234 78
66 163 18
33 107 43
107 148 406
164 231 211
74 79 32
129 141 16
138 231 105
13 249 233
88 263 28
50 230 396
48 48 717
43 163 275
186 231 306
249 262 60
186 223 20
68 262 75
114 143 52
43 170 104
68 146 2
89 230 4
7 132 143
41 74 130
68 238 180
48 97 14
132 226 172
144 249 397
162 256 38
68 143 183
262 262 140
65 132 103
79 230 328
43 132 66
141 182 5
230 246 544
137 230 207
87 233 52
142 162 584
162 164 606
68 137 126
48 100 502
87 232 76
33 87 51
112 186 32
24 238 266
164 186 427
52 132 39
107 158 172
138 160 12
148 255 90
144 255 53
230 263 309
43 143 134
114 170 308
37 138 29
25 181 31
45 107 35
45 142 7
163 233 220
158 239 71
114 224 44
79 137 763
209 249 54
141 238 275
162 239 405
48 50 501
50 68 363
87 231 325
138 142 137
100 239 113
24 81 1
100 246 379
24 68 16
17 138 42
132 224 64
132 254 15
61 144 12
13 125 88
132 163 214
148 237 76
148 163 103
88 138 32
114 238 48
138 175 4
158 230 254
47 205 1
137 239 58
43 142 455
140 151 49
141 151 70
144 186 211
100 116 18
142 229 397
239 263 469
161 211 143
88 148 60
162 163 692
88 233 31
160 170 8
48 163 773
132 180 18
79 261 115
138 257 19
163 263 291
41 161 93
24 140 22
140 239 207
170 246 297
140 163 260
45 158 15
48 179 17
48 75 70
148 261 79
7 138 126
170 234 1323
43 79 66
48 236 325
75 244 16
41 166 178
50 151 43
158 263 32
79 142 189
79 211 374
24 79 17
163 237 818
50 138 53
144 158 153
238 246 133
140 143 120
181 228 10
65 67 1
138 246 35
100 224 36
79 263 202
74 141 121
230 231 261
4 138 33
90 161 347
161 238 449
43 238 301
107 140 205
43 75 82
50 107 76
87 148 175
75 262 149
116 166 67
13 234 191
186 261 88
143 158 54
4 148 136
246 256 6
148 234 266
74 262 91
244 263 16
114 140 47
246 261 60
79 100 191
224 237 41
138 191 8
145 229 69
162 209 58
170 238 176
148 229 109
113 157 1
79 161 494
79 87 278
33 132 112
100 160 4
48 208 1
90 163 211
132 195 16
43 211 23
142 170 336
137 138 67
24 143 54
25 144 29
25 61 8
43 48 215
41 137 24
90 246 470
33 249 56
114 138 43
45 90 22
234 261 89
68 142 333
237 261 24
142 259 2
148 161 167
41 239 156
229 261 34
142 261 22
114 230 191
43 162 209
161 166 70
114 186 282
186 224 80
113 148 234
132 151 87
237 262 686
262 263 642
141 234 287
107 239 139
138 170 221
114 144 233
66 211 17
146 229 17
142 186 313
107 229 561
229 238 174
132 135 32
170 262 230
90 229 113
140 140 321
144 164 174
186 233 402
43 65 1
138 216 12
140 233 295
142 243 65
7 68 20
43 244 12
107 144 281
42 75 59
128 236 2
48 66 13
144 170 208
144 231 341
132 139 37
145 186 26
100 238 143
137 144 96
107 233 469
131 132 28
39 132 49
126 236 3
127 132 19
24 137 7
114 233 93
4 13 34
16 132 25
113 137 143
140 170 297
90 144 162
97 144 30
41 142 143
14 233 9
65 138 50
164 263 176
42 137 8
132 196 68
45 234 30
45 79 116
66 233 4
147 168 1
113 232 72
114 148 260
107 249 638
132 191 33
113 237 222
48 193 6
238 262 224
107 142 192
163 246 291
107 263 218
42 48 58
66 249 17
41 130 4
74 179 1
43 158 25
13 224 32
164 236 258
50 246 303
107 238 102
68 88 47
68 162 397
160 252 1
39 133 3
132 255 156
80 148 38
33 79 46
79 97 35
233 261 27
49 79 25
80 186 18
100 262 76
74 236 313
143 246 187
151 163 109
13 170 113
74 142 58
89 186 21
112 239 4
164 211 127
40 142 6
138 138 140
256 263 3
82 132 122
118 132 13
13 161 143
43 161 387
135 138 13
63 132 16
87 234 141
48 209 27
48 90 480
144 146 1
13 211 111
138 252 20
161 256 32
226 239 9
211 263 31
41 61 1
41 41 123
125 170 88
33 138 48
70 138 64
162 261 72
100 168 4
229 249 168
100 257 4
129 263 6
68 151 43
137 164 265
113 249 547
186 238 179
132 215 158
79 223 9
68 113 377
48 234 490
13 158 182
79 224 156
100 138 121
7 100 34
90 132 117
138 232 37
196 196 2
36 249 3
181 238 6
148 262 37
90 113 435
112 234 42
41 237 102
52 97 2
87 137 78
24 152 28
74 169 3
113 141 122
114 236 98
132 234 135
4 170 88
223 229 23
114 209 44
209 211 26
80 209 3
226 230 36
138 255 66
138 148 59
132 205 37
10 132 387
68 237 219
79 158 282
138 211 44
40 79 18
113 163 198
91 132 31
186 193 3
162 263 654
151 237 163
80 132 125
141 249 119
229 255 20
33 137 20
132 257 35
220 229 2
48 244 52
170 231 251
249 256 23
211 246 113
50 238 113
97 142 3
49 65 19
125 237 29
141 224 52
132 218 83
100 114 86
75 141 267
48 263 172
87 170 136
133 138 6
66 132 52
37 158 2
17 132 89
45 186 34
132 143 118
25 89 7
261 261 46
9 132 22
79 179 6
24 166 95
100 237 209
87 238 16
112 256 12
82 82 6
82 83 3
26 163 1
48 107 260
235 247 1
114 229 115
90 249 751
132 208 11
49 90 15
137 223 4
74 233 26
125 238 23
161 262 387
10 170 6
138 225 18
90 100 284
230 260 12
164 233 311
152 238 43
148 230 111
74 239 79
132 243 34
79 209 72
48 224 37
74 166 79
138 151 67
74 186 35
75 164 60
234 239 261
14 138 16
211 261 105
129 237 30
100 158 109
66 66 7
48 158 244
162 238 313
7 226 45
42 166 68
162 246 262
138 186 100
33 163 30
186 244 28
33 54 6
132 160 37
39 177 2
87 162 191
4 236 20
170 224 134
43 209 8
90 189 10
87 100 47
51 100 1
132 198 47
220 263 3
143 166 64
50 50 70
79 163 224
163 231 174
35 43 1
97 234 25
145 239 8
140 168 7
74 100 32
13 237 58
148 164 155
45 113 39
87 246 82
67 132 7
161 212 1
113 181 44
48 243 69
186 219 4
74 132 40
234 262 150
11 132 9
33 68 26
99 173 1
170 256 27
79 106 6
82 229 10
137 233 365
114 161 260
232 249 67
41 48 82
61 186 14
100 100 116
50 239 190
79 237 194
148 256 70
48 137 181
79 129 6
138 256 59
246 263 65
125 211 80
113 144 286
179 236 13
164 262 122
68 234 849
125 239 38
79 140 186
151 248 1
158 249 383
93 114 3
186 256 37
107 262 142
42 79 13
75 170 82
33 170 47
138 260 41
113 236 163
68 189 4
148 246 83
113 132 113
158 232 22
233 246 82
42 230 57
90 211 134
173 182 1
97 148 34
97 97 29
224 236 21
25 186 25
196 246 1
25 107 24
33 256 4
144 232 84
45 65 12
125 249 268
144 163 114
249 261 98
68 68 477
186 255 31
100 226 23
146 230 15
50 263 25
112 141 17
80 164 15
168 246 1
67 255 1
100 162 489
33 162 97
137 236 108
151 162 77
4 238 11
87 161 112
39 217 1
163 226 13
116 186 28
225 230 5
50 234 195
166 237 82
42 50 12
26 113 1
125 186 108
116 246 23
145 158 12
151 260 1
211 231 309
152 166 71
146 161 25
74 234 30
162 257 11
166 243 33
74 244 15
170 209 37
45 209 42
138 164 148
138 228 6
162 162 466
43 249 50
141 243 7
80 196 1
125 125 23
88 246 56
170 239 254
137 158 46
68 75 29
90 151 38
113 262 52
138 224 40
90 170 461
226 260 27
90 231 256
48 229 348
100 113 115
95 229 16
7 161 64
90 166 15
65 144 16
87 142 36
90 263 63
132 202 27
100 141 182
143 143 204
10 224 1
123 149 1
170 226 22
211 249 314
211 262 31
43 151 105
41 249 31
158 238 51
141 148 64
50 137 27
113 224 74
33 65 17
151 249 33
138 169 4
209 231 131
13 145 5
162 249 427
100 144 89
88 113 27
55 132 13
68 209 32
50 249 142
145 263 17
43 233 48
144 148 212
24 229 15
130 249 2
158 161 230
132 144 89
242 261 2
75 162 135
87 107 129
236 255 6
45 61 3
127 186 10
116 238 62
80 161 17
90 226 10
125 234 148
181 234 55
28 140 5
138 144 33
246 246 266
72 188 3
233 249 138
229 234 375
75 239 117
196 197 1
229 256 28
166 186 40
42 107 13
114 114 137
161 223 35
114 263 70
42 239 64
231 263 71
137 202 14
79 125 153
62 138 11
114 158 205
88 209 47
140 249 75
181 231 91
170 261 59
74 87 8
48 125 59
100 143 103
74 151 80
138 243 39
7 7 79
97 222 1
107 163 274
65 249 16
37 161 6
68 263 106
236 256 8
37 231 7
13 25 13
50 237 99
166 236 158
141 145 38
37 170 7
49 138 49
113 233 106
37 97 4
68 114 285
24 236 79
45 211 28
66 170 19
170 236 417
90 90 184
65 97 38
229 231 124
140 235 13
15 237 1
4 164 39
4 162 67
43 107 73
68 231 323
25 40 24
114 125 96
140 238 152
19 100 1
48 260 9
74 211 3
88 125 9
164 181 22
49 186 23
48 262 106
151 161 142
14 79 10
13 50 52
193 193 139
87 164 89
90 239 118
33 142 21
24 141 28
152 186 11
50 170 161
75 151 149
107 151 43
50 226 6
45 45 21
100 202 3
100 198 2
138 152 7
41 138 58
107 143 79
164 179 16
234 236 302
220 238 16
37 107 6
186 232 64
142 246 270
90 114 300
24 41 89
43 166 42
48 129 9
113 263 65
24 48 71
50 148 27
132 225 86
48 93 5
25 90 14
145 161 86
79 88 94
88 163 21
164 209 28
125 158 114
132 222 25
74 113 7
45 161 25
13 79 166
13 100 79
141 166 38
132 179 53
87 158 95
125 132 60
50 158 70
28 100 3
166 263 69
75 127 3
49 100 9
166 239 324
223 239 9
116 142 57
113 261 70
138 146 48
143 145 5
13 151 17
73 132 7
239 244 79
41 152 56
15 138 13
10 140 5
7 141 48
13 162 136
41 140 58
41 100 25
14 142 7
33 125 12
88 186 47
70 132 45
181 186 56
68 133 5
164 260 7
100 229 273
158 237 68
93 170 10
79 262 151
100 211 90
243 243 11
116 120 1
249 263 99
4 262 13
138 140 125
97 137 10
209 261 34
43 90 48
158 162 174
129 132 90
140 231 73
79 255 56
24 163 32
90 235 1
145 145 112
48 189 6
211 237 91
68 125 123
168 238 18
107 237 363
82 100 7
107 261 59
68 141 132
138 209 36
236 244 24
144 236 59
138 200 10
69 75 13
143 262 54
186 243 33
68 229 154
97 186 18
45 87 50
125 161 75
4 239 8
25 45 9
132 152 16
82 170 13
100 140 128
64 132 29
75 232 8
114 189 6
45 88 15
142 145 27
170 232 76
74 162 51
168 263 5
90 244 22
143 164 139
145 146 15
40 114 8
12 161 2
33 113 52
90 232 37
142 144 64
152 230 23
52 138 20
145 246 14
38 138 3
162 215 2
100 249 209
113 130 4
82 237 7
255 261 9
26 67 1
226 226 34
75 161 162
42 74 83
54 161 6
134 209 1
163 166 56
24 74 35
138 158 30
132 171 25
25 87 12
113 127 5
125 164 66
65 229 14
33 140 32
89 132 99
116 161 25
50 162 225
24 237 63
40 143 2
61 100 6
142 244 72
53 132 18
75 142 111
223 224 2
100 243 22
89 138 24
50 243 12
194 262 3
93 162 10
87 188 5
87 93 5
75 148 23
163 211 93
41 164 30
211 224 17
75 100 56
75 169 5
161 232 50
56 246 2
145 179 9
42 223 2
140 208 10
10 231 4
43 100 89
50 87 25
140 226 24
79 239 109
112 232 8
134 162 11
132 177 21
13 93 3
127 127 11
1 148 2
50 114 40
158 226 2
132 197 51
13 197 1
82 163 5
28 164 8
49 68 14
47 100 2
151 226 1
132 194 8
143 231 63
67 90 5
130 236 4
41 211 3
24 24 29
158 231 354
142 158 106
65 68 14
132 165 23
49 112 2
114 226 8
112 161 46
100 209 21
45 68 25
14 186 19
7 145 26
146 162 41
7 223 31
49 97 36
45 246 19
42 68 21
65 261 5
209 238 5
4 161 56
4 137 57
4 107 132
114 142 83
74 229 53
145 234 33
138 188 23
80 162 15
261 262 29
36 231 5
162 232 71
95 134 2
41 116 50
238 250 2
43 43 188
80 255 12
132 200 11
43 87 13
33 144 35
90 164 321
40 246 14
42 142 57
74 163 42
230 247 2
48 255 14
116 239 73
170 200 3
88 231 85
141 168 7
141 144 59
148 232 115
4 232 33
144 144 87
107 145 32
107 236 314
13 263 49
41 163 86
202 229 27
112 229 17
65 114 13
50 140 55
144 238 31
87 211 118
17 211 8
151 262 71
138 189 37
48 157 7
125 135 2
140 211 32
140 152 2
163 174 1
143 234 163
13 160 3
42 236 80
87 143 21
127 166 6
79 116 11
129 226 10
4 144 72
231 238 83
158 229 62
164 226 15
4 88 28
125 230 66
92 236 2
224 234 166
48 52 10
137 249 137
37 237 2
114 237 124
65 170 22
163 191 1
211 229 64
119 151 2
4 113 141
13 90 101
129 161 26
87 262 62
48 74 50
230 262 204
54 132 22
224 261 13
113 229 140
164 224 59
4 244 1
162 243 25
75 230 94
45 236 9
211 211 58
13 239 55
137 237 123
48 88 50
162 169 1
87 97 14
68 89 13
75 107 58
138 165 8
125 231 193
95 161 27
50 231 78
244 249 8
151 246 54
114 181 34
4 97 5
211 257 2
100 225 6
25 234 35
113 209 39
107 146 7
78 148 1
70 70 3
116 138 42
48 166 90
90 238 74
45 144 57
43 140 135
188 237 7
33 189 6
13 163 84
13 246 128
7 162 111
145 231 15
170 223 38
151 186 57
13 261 83
132 258 38
92 138 38
56 138 12
60 163 2
87 87 57
52 231 28
13 114 118
45 75 5
83 161 7
132 227 21
141 231 112
126 238 1
42 263 42
74 212 1
140 166 37
98 132 22
166 166 140
87 236 44
143 211 26
4 75 7
162 211 155
13 140 47
45 233 12
1 262 3
42 234 33
13 80 4
13 141 52
25 125 10
234 243 19
24 50 7
141 246 102
45 162 31
190 236 1
24 263 38
113 125 117
142 152 25
50 125 17
100 232 24
7 170 65
90 148 119
186 211 156
143 244 36
209 224 10
88 239 13
65 223 2
33 211 31
112 137 6
113 256 22
231 262 54
97 231 25
114 232 58
87 113 87
87 140 72
65 246 11
24 138 23
144 189 16
22 232 5
40 162 29
88 262 29
116 209 5
237 256 8
233 239 74
116 132 35
26 234 1
3 3 1
13 107 133
90 140 73
10 138 11
4 141 22
148 168 3
74 238 111
177 186 3
48 231 217
158 236 59
90 262 39
249 255 26
164 225 2
33 231 78
25 25 25
25 246 18
42 113 6
22 164 1
13 229 58
10 90 2
7 142 28
132 260 55
14 132 56
116 231 7
7 48 28
88 95 4
138 217 11
97 217 2
60 138 2
33 229 44
13 232 33
113 250 2
22 132 24
237 246 156
87 223 8
114 116 3
116 250 1
17 170 13
41 141 47
90 237 154
88 114 34
88 132 28
161 165 12
162 255 61
48 152 25
93 138 10
88 140 40
24 162 40
140 223 6
82 179 1
74 230 57
33 61 4
137 232 51
75 137 31
13 243 14
41 90 20
186 188 15
158 233 40
79 213 2
87 90 77
144 239 44
145 255 6
50 141 67
38 132 22
50 144 33
159 161 2
90 193 4
82 140 3
7 229 46
158 158 117
78 241 2
54 186 9
68 93 6
116 151 51
43 246 54
233 260 4
79 151 33
41 263 69
106 164 11
119 230 1
100 148 70
37 233 2
90 224 68
4 90 53
42 161 53
75 229 84
41 234 41
61 230 10
45 231 96
40 90 12
181 249 34
161 176 3
209 236 17
74 168 25
49 148 20
79 143 60
170 179 15
36 138 28
68 69 4
7 79 27
7 237 49
43 181 7
61 170 14
113 145 18
4 234 98
7 129 22
90 261 54
141 261 25
45 114 45
113 223 8
88 178 2
211 256 12
74 140 88
140 144 45
48 261 82
152 239 36
42 140 43
55 246 1
43 164 117
45 148 68
66 148 17
24 244 10
127 230 23
143 220 5
14 107 8
75 86 2
7 164 27
82 138 19
137 211 39
45 125 23
42 162 39
11 261 6
163 178 4
88 133 1
128 239 2
90 125 123
97 162 21
66 97 12
127 158 3
89 164 4
88 261 54
7 107 30
122 233 1
211 236 63
181 261 33
162 165 9
25 162 57
41 132 86
161 220 26
226 234 29
41 170 44
95 162 29
68 223 10
61 234 22
93 140 5
88 158 37
7 261 4
7 146 53
49 181 11
43 261 3
142 256 4
97 237 13
255 255 14
112 255 40
43 114 44
119 132 4
127 246 4
48 211 91
12 48 6
129 140 14
164 257 2
143 261 23
162 202 22
161 224 96
75 116 15
45 50 7
65 137 17
88 161 53
151 167 1
140 232 23
234 255 50
138 171 14
90 236 128
107 181 44
28 236 3
151 164 41
114 262 29
13 26 1
40 80 3
107 179 8
129 162 14
130 138 12
185 230 3
1 68 3
87 225 4
49 237 3
141 211 43
142 235 3
113 260 4
142 160 10
226 237 42
97 233 10
65 231 30
77 132 11
88 181 41
165 230 1
144 229 66
79 145 23
112 140 11
4 230 36
211 223 3
132 154 4
137 137 100
211 225 6
11 137 2
50 159 2
7 179 42
209 232 32
74 116 27
151 244 43
61 107 10
243 261 2
173 230 4
223 236 31
61 90 11
48 194 1
138 212 4
123 163 3
140 243 12
87 209 41
90 243 18
215 246 1
93 238 7
48 102 2
170 244 18
74 164 32
157 164 6
97 249 23
234 256 38
66 161 19
138 168 11
162 223 37
208 237 1
116 116 38
43 74 40
75 246 19
194 236 2
74 194 3
100 151 42
42 247 7
238 247 6
42 144 6
164 168 4
42 116 50
146 179 25
163 262 170
137 142 80
107 232 80
36 186 2
41 261 9
67 209 1
13 257 6
40 181 16
75 163 86
113 151 28
49 140 5
97 177 4
143 257 9
4 66 2
170 177 1
185 185 4
140 181 22
80 249 16
106 132 24
79 217 4
63 231 6
230 255 36
114 256 26
4 261 16
223 244 3
143 249 64
243 244 15
161 194 1
142 260 9
164 192 1
43 88 6
152 162 5
79 166 16
33 262 5
145 162 86
25 138 37
127 239 12
13 143 49
125 141 27
33 186 30
79 189 14
140 260 16
179 230 17
255 256 39
138 207 7
20 132 11
224 246 22
106 231 20
80 181 3
140 209 21
14 229 8
140 246 54
144 246 103
121 132 18
45 163 12
144 256 43
28 263 4
138 185 2
226 249 3
61 164 13
224 229 52
1 132 3
163 224 30
164 232 33
145 249 12
69 163 5
146 193 17
134 161 5
68 225 6
137 179 11
13 226 2
224 263 33
13 209 63
24 243 5
148 263 52
68 157 2
170 181 46
68 256 21
90 143 70
69 237 1
13 148 59
82 90 3
132 220 24
137 181 18
254 254 3
33 246 25
68 243 12
86 132 19
88 237 19
197 226 1
107 116 11
73 138 5
138 254 4
247 254 1
141 158 33
48 116 49
11 88 6
87 166 8
116 162 11
133 249 4
232 233 41
7 239 18
65 141 7
80 107 14
45 170 37
24 144 3
7 233 24
74 161 63
239 249 119
138 192 10
4 163 28
97 209 8
132 252 33
28 233 6
65 65 15
141 189 8
209 230 41
14 161 29
162 192 2
12 143 3
137 261 22
152 152 12
45 181 8
231 260 4
42 43 32
112 231 23
260 260 10
61 231 21
69 138 6
113 189 12
116 163 16
143 263 108
41 236 151
68 232 37
48 226 11
129 229 7
75 114 11
32 75 4
68 169 3
79 146 11
87 244 5
83 129 3
68 116 38
49 113 14
52 79 11
143 233 69
194 230 1
236 260 7
28 234 5
138 261 76
42 100 27
95 233 11
64 230 2
82 107 2
231 256 24
48 155 1
66 90 9
66 112 3
142 224 26
42 164 25
43 256 7
66 158 16
186 209 34
229 246 126
100 173 4
107 244 11
29 132 19
10 263 2
13 181 34
114 261 53
85 132 11
98 230 2
161 243 33
88 229 42
75 79 57
151 229 46
87 224 30
88 224 13
158 260 2
112 162 27
186 200 7
66 164 14
36 229 3
45 140 15
40 88 11
216 239 3
112 238 1
107 255 29
85 138 4
140 158 28
209 234 45
65 107 18
161 209 42
82 236 7
50 219 1
61 61 6
256 256 18
166 230 57
142 232 23
90 256 14
73 164 1
79 181 58
80 144 16
68 224 42
146 146 20
66 231 45
33 66 16
236 246 119
88 91 1
164 178 1
45 141 8
41 223 2
112 170 36
134 230 2
72 132 25
14 67 1
68 236 167
100 123 8
24 246 22
76 100 1
90 220 6
49 234 36
61 225 2
238 261 21
93 263 8
33 161 65
236 261 10
113 215 2
230 248 1
66 138 18
67 162 8
41 231 11
70 230 3
80 80 3
41 186 40
16 138 12
125 246 62
100 194 1
33 52 21
48 200 6
163 196 11
162 260 20
50 261 23
85 239 1
138 196 17
88 143 18
62 231 3
200 230 8
142 223 14
162 198 7
148 179 2
162 181 79
132 242 9
74 235 7
243 262 4
134 134 1
125 138 35
48 247 3
162 168 3
95 230 21
161 260 19
168 186 4
224 230 46
65 161 30
161 226 50
93 232 2
90 93 2
76 177 2
177 177 1
162 226 35
35 48 3
173 263 2
78 132 4
155 233 2
89 188 4
25 249 20
24 186 28
79 226 17
4 179 2
17 262 2
132 133 23
49 107 13
137 156 1
65 232 3
168 241 2
40 97 8
137 246 73
186 228 7
186 258 2
66 125 6
66 100 4
65 87 14
45 261 41
45 229 16
233 255 20
181 255 7
61 181 11
13 137 47
157 239 1
167 169 1
64 138 6
209 233 22
162 182 2
106 233 4
43 232 4
87 257 10
129 148 8
163 244 43
97 246 9
4 249 94
142 179 5
7 249 9
40 138 25
159 163 4
79 190 6
209 246 21
40 113 12
208 263 3
163 260 6
88 88 24
141 232 16
67 138 2
25 79 35
43 113 58
107 129 7
75 254 1
66 209 6
66 162 25
161 189 23
145 163 44
169 231 3
127 138 22
4 211 36
7 140 30
208 261 1
114 179 1
33 114 37
140 193 6
75 233 43
48 181 19
148 209 63
140 148 44
157 237 10
90 168 4
71 132 16
175 211 3
179 223 6
87 237 35
72 100 1
135 229 6
69 186 6
49 114 7
24 75 31
33 106 3
146 237 17
140 202 21
4 158 28
50 211 29
88 220 3
162 166 38
232 256 20
106 138 11
160 237 5
151 215 1
22 142 2
158 224 22
163 212 2
7 80 3
66 142 8
88 170 54
65 181 14
100 127 9
13 220 2
230 256 22
88 234 52
231 237 124
158 256 5
112 209 6
161 202 21
24 127 3
61 229 4
97 229 8
12 79 4
164 189 4
65 113 8
58 170 1
11 229 2
106 195 5
90 181 22
233 238 92
75 249 15
138 235 1
37 228 2
160 161 16
43 223 2
129 236 16
4 231 57
132 190 5
68 152 8
11 11 2
64 162 5
74 143 23
107 209 53
7 260 17
36 79 5
24 230 60
137 151 22
66 79 25
66 189 3
61 189 3
64 186 1
4 209 25
151 170 56
43 148 18
79 95 10
25 55 2
107 127 6
43 144 26
90 141 113
144 181 40
61 255 4
226 236 16
134 234 4
211 233 55
148 151 9
25 49 10
224 239 7
40 158 11
211 238 27
114 225 4
129 230 15
40 231 35
137 226 13
52 90 9
49 239 4
74 88 10
49 89 2
40 234 23
170 202 10
202 226 5
145 164 40
13 75 6
207 260 1
142 211 43
116 263 15
233 243 5
130 170 5
159 236 5
66 87 25
100 180 2
90 255 15
83 138 10
127 243 5
190 233 1
113 255 22
138 213 5
41 193 1
4 224 23
89 239 2
48 232 19
65 238 2
4 237 39
49 49 9
82 226 8
43 260 2
17 249 16
40 87 14
95 236 7
102 121 2
220 239 5
209 229 22
112 163 20
92 229 1
228 231 10
224 233 70
88 112 11
189 231 24
68 95 9
232 261 35
164 243 12
129 244 1
33 49 15
112 144 30
25 262 3
33 143 1
65 162 23
244 244 34
82 162 8
42 170 23
181 211 28
45 259 5
116 170 23
138 194 5
137 255 10
143 243 20
51 239 1
68 255 12
132 149 26
243 246 14
49 52 3
13 142 68
88 211 27
65 185 2
61 65 3
173 237 3
107 223 9
164 166 27
145 148 14
129 177 2
113 133 2
163 220 14
50 79 53
215 230 5
166 229 21
41 50 16
136 239 3
88 107 53
135 161 4
200 223 1
4 151 4
33 40 18
1 161 13
114 228 3
95 107 7
148 181 27
119 161 1
158 181 16
25 163 14
193 236 1
90 127 1
230 244 30
52 164 12
79 260 2
163 255 33
127 163 8
50 233 49
10 234 1
11 233 3
7 112 3
28 138 10
79 238 80
150 186 1
150 150 1
62 189 1
7 236 21
164 255 32
74 159 7
97 232 6
37 88 3
236 241 1
90 145 13
133 231 6
13 89 6
89 89 6
134 141 1
93 262 6
95 262 3
194 263 3
41 194 2
14 230 13
4 48 29
127 229 6
90 209 20
100 220 4
82 263 5
21 261 2
229 232 25
41 107 23
138 227 5
4 100 27
4 233 37
79 178 1
40 236 6
141 209 24
24 249 20
234 257 8
225 261 5
65 236 3
40 195 5
25 97 18
7 163 37
39 48 4
87 116 3
168 236 8
107 119 4
25 112 6
91 161 4
24 114 17
13 236 53
66 68 12
33 100 16
112 142 19
11 231 2
25 88 22
49 170 12
232 246 22
69 168 1
107 112 20
107 188 4
33 234 62
166 246 19
48 216 2
137 166 5
132 250 5
157 262 6
116 262 14
132 169 4
10 166 2
162 179 17
41 246 35
7 263 18
162 195 8
74 148 18
7 234 50
12 231 13
237 244 26
74 167 2
125 232 31
13 52 9
48 127 13
131 229 2
25 113 18
136 220 1
125 162 66
18 48 1
169 249 2
33 158 16
129 234 9
112 237 17
31 159 1
68 258 1
141 260 15
41 87 14
223 231 7
132 213 3
66 234 33
134 164 4
24 132 40
50 88 16
209 255 5
116 234 24
74 170 36
79 244 9
138 206 1
188 261 1
170 196 10
3 161 1
45 49 8
116 152 43
89 166 1
211 239 33
45 188 1
133 189 2
114 127 8
74 152 28
79 130 4
116 168 6
151 211 13
74 137 16
151 223 2
151 158 11
17 65 6
132 235 5
36 48 4
148 239 26
142 168 1
79 80 26
19 35 1
97 113 15
17 237 9
40 170 22
66 230 26
4 50 8
189 249 9
179 186 17
54 144 3
189 234 26
100 129 11
166 181 3
88 249 40
101 162 1
48 112 7
32 68 2
58 163 9
33 261 16
114 151 17
226 233 15
95 100 11
49 137 4
145 232 4
148 152 13
28 80 1
28 63 1
166 234 43
25 170 21
234 247 1
132 159 4
130 164 6
158 261 61
97 261 14
93 166 9
116 230 30
144 263 46
163 228 4
37 82 1
97 114 18
40 211 10
166 168 4
233 244 6
37 45 7
87 239 43
10 141 3
89 229 4
79 257 6
56 107 4
10 163 2
18 262 1
137 143 30
41 250 2
69 167 3
31 230 1
20 138 5
90 223 2
21 132 11
123 132 32
148 243 10
116 247 4
25 231 37
132 192 15
48 123 2
135 226 1
193 261 1
166 233 21
74 241 2
113 226 4
45 238 4
48 182 2
28 163 3
7 160 1
77 161 1
17 141 1
232 232 32
28 48 7
100 244 18
52 137 6
4 188 1
62 144 5
48 168 5
209 262 14
4 68 46
52 161 30
98 142 2
79 152 6
45 262 5
97 263 2
232 237 22
82 230 12
1 238 1
230 241 3
113 116 10
18 234 1
39 230 3
231 232 94
138 220 12
152 249 5
49 211 18
49 163 5
17 232 12
144 227 3
72 229 1
54 170 7
95 145 10
87 219 1
87 255 22
114 145 6
41 114 9
168 262 3
42 235 3
52 181 18
65 263 5
102 163 1
91 246 1
25 161 39
14 224 1
62 132 27
143 152 9
41 162 61
22 162 4
90 228 7
7 137 26
170 257 7
68 220 4
14 249 7
50 95 8
232 262 12
43 255 2
54 114 3
145 224 3
145 256 2
40 209 6
202 230 3
132 185 7
74 191 2
102 132 20
108 164 1
83 100 1
72 261 1
244 254 4
220 249 4
129 145 7
145 215 3
33 33 14
166 249 20
100 145 22
80 226 2
89 233 2
78 208 1
146 260 3
51 132 7
92 173 1
83 179 1
4 142 10
48 145 31
151 216 1
223 223 19
70 223 3
95 260 2
92 151 2
128 170 1
196 260 1
75 213 4
25 148 13
129 257 1
80 114 14
125 236 16
4 229 24
17 195 1
108 132 9
249 257 4
4 181 6
88 243 7
50 145 9
41 233 11
24 159 1
80 256 12
92 92 3
95 263 5
60 166 2
97 225 7
129 163 16
82 148 5
33 37 2
112 233 13
12 158 1
12 97 1
136 241 1
75 212 4
88 162 72
129 260 11
7 82 8
137 260 5
170 189 10
7 144 6
55 68 1
213 237 2
50 146 2
224 224 17
234 260 6
95 226 9
47 132 5
132 259 8
200 231 16
181 230 54
161 196 3
45 166 4
25 237 8
97 161 27
79 198 5
1 211 3
49 141 4
48 82 3
12 144 2
33 148 43
179 237 15
226 246 8
212 263 2
13 238 42
202 237 14
43 194 1
41 158 6
50 166 21
140 182 2
16 163 1
88 142 9
181 246 23
70 112 1
196 229 5
95 196 2
134 197 2
145 260 9
182 237 4
140 146 12
125 229 26
4 87 36
79 228 6
226 231 10
95 163 8
80 100 11
70 193 1
88 141 22
152 200 3
10 28 10
193 230 6
42 249 12
223 230 20
61 74 2
89 113 7
41 182 3
170 210 2
24 43 33
121 161 3
112 133 1
146 226 13
22 239 1
161 219 1
121 145 1
83 145 2
93 226 2
97 140 11
164 247 1
163 202 4
131 226 1
145 237 34
82 145 10
132 182 3
182 182 1
127 151 5
142 227 2
48 56 2
9 230 1
4 112 3
196 226 2
210 254 1
146 163 14
54 143 1
17 90 9
41 148 12
151 233 22
202 236 3
146 223 10
48 220 7
145 230 49
146 233 9
209 239 17
28 146 2
24 100 16
79 157 5
42 158 6
141 179 10
145 193 7
80 163 9
61 137 3
106 113 3
75 90 23
112 164 23
56 230 4
151 231 33
48 106 4
112 146 5
7 43 6
82 161 7
52 211 8
50 74 6
79 195 6
83 226 7
52 106 2
47 48 1
25 236 8
97 181 20
145 233 20
45 239 9
37 48 4
80 113 15
50 56 1
161 168 7
21 138 2
137 145 22
216 237 6
179 193 8
100 260 4
95 237 24
52 232 2
261 263 15
29 100 1
224 238 9
134 145 1
90 192 1
17 79 12
146 173 2
113 190 2
47 236 2
61 62 3
7 88 9
42 244 32
66 229 6
193 195 1
146 157 1
83 95 1
129 186 9
116 237 39
63 137 1
97 236 3
94 132 3
166 170 28
125 181 11
224 262 20
161 198 2
14 234 8
45 66 4
19 132 15
216 229 4
14 261 17
130 195 1
90 95 8
134 146 1
28 170 3
131 140 1
70 162 7
79 112 38
257 263 1
34 132 6
161 197 2
219 230 1
193 223 2
4 263 15
79 124 1
138 198 17
40 186 17
4 246 22
220 230 12
82 129 6
68 145 21
100 200 6
92 170 2
100 146 5
161 216 1
90 179 4
142 196 7
24 36 1
1 163 8
223 238 9
55 88 2
209 263 16
52 52 4
40 232 1
83 230 4
158 188 5
145 226 17
83 83 3
71 79 2
145 160 2
82 146 3
37 95 1
4 140 8
43 116 9
137 209 18
83 132 12
40 148 14
198 234 3
94 166 1
83 162 3
129 258 1
141 202 14
65 148 26
77 263 1
32 146 1
151 202 1
36 107 6
88 166 2
65 211 5
38 107 3
17 48 5
161 188 3
125 233 21
174 263 3
132 206 8
93 239 8
25 33 30
7 181 1
181 227 4
82 260 8
186 215 4
25 114 17
196 237 6
129 173 4
4 25 4
56 145 1
224 231 36
50 188 2
231 257 7
138 173 11
87 141 58
79 193 2
82 246 6
129 146 1
129 129 12
65 79 19
213 229 1
141 157 4
75 143 43
118 138 1
43 145 6
145 196 2
42 211 3
88 134 2
135 197 1
148 177 4
180 209 1
145 202 4
79 127 7
141 152 7
161 193 3
145 236 9
170 258 10
138 197 9
95 142 13
1 230 5
100 197 3
100 193 6
82 95 4
52 148 12
74 232 7
142 194 1
100 196 3
149 231 2
208 234 1
162 196 10
193 237 4
95 141 14
151 255 4
75 129 4
130 230 8
91 148 1
179 263 9
79 216 3
145 151 3
43 138 51
79 225 11
189 228 1
14 137 2
228 257 3
40 66 5
142 257 2
75 224 6
138 183 4
226 263 9
93 152 2
94 241 1
14 145 1
70 145 1
45 224 6
22 100 3
82 158 1
66 113 15
33 244 2
124 138 6
83 186 2
97 255 5
4 146 2
129 170 11
13 157 2
83 146 1
56 161 3
129 233 5
148 150 3
50 262 17
79 83 3
229 254 3
146 249 4
129 196 2
48 130 2
223 261 8
97 100 10
56 226 3
48 256 12
28 141 5
68 82 3
129 193 1
7 83 2
68 166 27
185 262 3
42 246 15
25 140 7
141 255 8
87 216 1
4 4 17
75 168 5
107 157 6
146 186 13
138 259 7
79 134 4
121 142 4
67 141 2
42 168 5
48 235 5
100 112 12
140 215 2
83 260 4
143 146 6
106 261 3
87 95 9
51 186 3
145 198 1
42 262 15
142 181 14
82 141 2
8 166 1
138 205 5
93 113 2
80 229 12
28 161 3
145 191 1
130 162 5
232 239 8
1 48 5
150 163 1
224 226 1
41 145 1
7 148 5
89 237 6
129 215 1
52 100 6
62 79 1
28 145 3
215 237 1
157 161 3
116 194 2
215 236 3
209 256 9
215 215 3
25 48 8
90 97 12
41 93 5
36 263 2
45 189 3
94 138 1
13 33 35
144 151 16
148 225 15
37 113 4
56 141 3
56 211 2
86 139 1
52 170 14
146 164 9
93 137 3
93 164 11
50 244 14
41 144 6
75 211 8
48 65 9
127 143 3
151 243 26
125 140 10
10 48 7
74 249 10
157 230 9
33 239 11
89 181 4
158 166 10
40 48 10
72 165 1
80 211 8
4 43 2
24 90 10
143 202 1
45 138 15
116 249 10
154 209 1
70 164 3
138 248 2
113 225 6
87 112 9
17 255 3
69 132 10
163 209 15
144 262 22
62 100 3
61 162 10
138 247 5
237 255 23
42 261 1
137 256 10
148 257 7
4 24 1
61 68 13
89 114 5
50 119 1
10 143 2
82 189 1
186 195 1
26 95 1
168 168 11
186 189 7
41 230 63
75 235 2
10 114 2
144 257 3
113 166 23
68 106 16
107 198 5
75 200 3
24 220 1
37 68 7
162 244 20
7 158 3
160 263 3
95 186 6
181 256 5
230 243 23
10 68 6
87 263 30
60 75 7
151 261 8
168 230 4
65 143 2
25 66 3
11 67 1
66 263 2
116 229 7
181 237 31
17 234 11
45 255 6
198 255 5
132 150 14
1 80 1
106 148 5
243 263 16
56 148 1
159 237 3
138 157 7
4 174 1
114 227 1
148 223 10
106 127 2
74 226 7
129 144 4
4 45 18
24 116 29
65 255 6
90 225 1
166 169 1
52 144 10
38 226 1
138 208 8
66 186 16
170 188 6
60 74 1
52 151 2
163 181 20
61 161 6
25 65 4
24 224 1
116 137 5
74 107 33
223 262 7
88 97 14
41 195 1
155 209 2
17 209 4
76 262 1
28 129 1
148 190 2
1 186 5
70 229 1
54 79 2
179 234 15
149 211 1
112 236 9
52 229 7
107 177 1
90 177 1
28 134 4
166 231 15
87 177 3
49 249 26
219 225 1
239 261 17
68 101 1
181 188 5
90 146 3
42 145 1
37 79 31
249 254 1
42 148 10
53 138 5
157 162 5
80 234 12
4 65 5
93 230 13
229 260 13
151 232 5
114 243 4
193 229 1
40 161 30
25 263 3
50 116 11
144 195 1
129 171 2
33 230 53
16 161 3
169 230 3
65 188 1
70 129 2
246 262 41
80 217 1
205 230 3
87 256 11
49 262 2
43 219 1
68 257 8
112 112 17
100 166 26
134 263 2
100 256 13
29 263 1
17 186 11
112 158 3
69 161 1
28 158 1
113 240 1
140 218 1
177 263 1
228 249 5
43 243 24
49 209 5
25 141 3
224 260 1
133 142 1
40 107 19
68 80 11
68 179 9
7 238 6
45 97 8
39 142 2
161 258 4
168 239 3
12 261 7
75 216 4
232 263 15
26 132 24
10 230 10
10 125 1
91 162 2
93 148 5
81 186 1
24 161 35
100 130 3
4 54 1
14 242 1
95 148 5
61 142 2
28 143 5
90 152 5
61 80 3
36 142 2
65 146 1
93 100 4
25 189 9
144 225 5
186 225 7
42 209 3
41 179 1
75 191 3
125 244 6
97 179 1
26 188 1
88 258 1
48 119 3
39 138 5
145 211 2
12 138 1
181 236 13
163 179 14
125 142 23
114 166 9
102 230 2
24 158 5
70 119 1
85 148 2
1 162 7
75 82 2
75 223 5
82 166 1
93 211 2
236 247 2
35 213 1
54 181 2
126 132 3
93 209 2
130 197 1
28 107 6
134 138 6
60 244 1
65 66 9
10 137 3
238 258 1
68 168 3
4 143 2
48 197 2
48 223 13
75 152 11
79 165 5
137 168 4
166 241 2
188 249 6
148 196 1
114 260 1
49 216 2
50 127 1
152 246 4
139 186 1
13 255 22
10 142 2
97 107 20
67 234 6
107 189 7
52 263 1
82 151 1
88 198 3
54 68 4
220 236 11
160 229 6
144 220 2
87 181 61
28 93 1
79 188 8
138 174 1
61 211 4
113 160 1
28 95 1
164 188 4
54 87 4
70 237 2
113 257 6
83 237 10
239 243 49
66 236 2
37 236 6
200 238 4
223 234 16
41 232 4
41 68 34
163 176 1
125 263 21
76 87 1
140 261 27
38 130 1
41 262 30
56 129 2
148 238 17
33 88 28
35 132 12
61 87 5
17 61 6
87 200 2
200 239 6
127 236 11
12 90 1
37 133 1
89 161 12
231 255 25
90 116 15
89 261 8
87 252 5
125 223 3
170 260 7
4 255 3
134 170 2
12 68 6
75 87 21
10 50 2
41 244 18
217 261 2
87 196 1
181 239 6
40 249 16
7 87 13
217 229 2
165 237 5
135 137 1
25 137 11
87 243 11
13 66 21
95 238 4
33 164 27
26 237 1
88 90 27
87 193 1
69 262 3
152 237 10
181 210 1
10 151 3
40 144 8
13 42 7
181 189 19
87 229 68
134 229 7
49 229 2
217 256 6
127 238 10
229 257 3
25 229 16
126 161 4
141 181 8
19 164 3
129 164 11
162 227 3
24 107 10
234 244 15
37 49 1
88 151 3
151 168 3
33 97 19
13 70 1
68 74 11
79 89 5
163 232 30
24 262 13
13 40 22
137 173 3
65 237 7
28 223 1
132 210 18
161 172 4
89 231 15
141 159 3
107 166 19
138 202 15
22 114 3
1 239 3
116 236 39
142 255 8
219 263 1
144 166 12
145 152 1
61 237 4
83 148 1
87 145 17
61 88 10
225 236 1
161 255 49
130 142 2
181 233 24
1 113 1
116 125 1
237 260 14
140 200 10
14 140 2
132 153 3
142 192 1
231 243 4
74 144 11
244 246 6
14 55 1
166 261 4
112 246 14
33 141 17
146 235 1
259 263 1
89 97 3
134 142 2
189 261 8
55 138 3
66 107 18
10 93 1
100 149 4
215 231 4
37 232 1
3 132 5
42 231 16
65 80 4
164 223 17
225 231 6
28 50 5
41 66 1
132 201 11
116 143 21
51 162 2
74 261 7
3 236 3
170 217 1
25 261 14
87 129 12
18 141 2
161 181 34
7 255 2
42 229 16
203 263 2
89 162 13
80 142 8
12 142 2
142 182 3
24 170 10
65 189 4
38 261 1
37 261 1
88 145 7
95 164 13
33 237 25
88 189 8
14 164 13
112 114 21
17 261 8
13 95 3
79 175 1
26 138 6
52 162 23
62 107 6
237 243 19
1 246 5
68 260 7
68 197 1
74 78 6
161 244 24
152 263 5
164 195 1
65 163 16
40 163 6
75 243 8
22 79 5
49 66 7
55 79 1
116 243 5
152 243 5
61 207 2
193 226 3
247 247 6
66 144 20
127 209 1
121 138 3
10 186 4
80 97 6
260 263 3
87 189 12
40 52 6
189 236 3
95 114 4
25 164 11
37 255 4
125 209 13
49 189 6
87 228 13
145 223 8
25 230 12
143 209 5
100 223 10
143 181 10
123 234 1
61 66 3
197 230 3
32 138 1
135 239 3
114 244 7
125 262 12
35 164 1
83 239 6
195 233 1
24 125 4
164 244 12
69 116 3
72 226 3
79 85 2
36 75 1
163 243 16
85 230 1
236 243 21
133 181 5
102 143 1
127 162 4
152 244 10
45 143 4
231 254 1
68 112 15
66 114 13
62 142 2
17 100 8
24 93 1
132 168 8
35 117 1
163 217 3
66 261 14
43 125 14
21 144 1
223 249 4
43 129 7
133 238 1
138 149 7
52 246 11
137 196 4
52 186 11
143 226 4
74 231 11
97 170 18
17 45 2
37 117 1
107 256 29
35 138 2
148 198 4
61 148 7
179 216 1
65 226 1
89 140 10
107 226 14
68 128 2
186 208 2
88 245 1
79 243 7
162 216 2
47 238 3
13 65 5
173 231 1
26 91 5
10 41 1
93 151 5
28 68 5
76 188 1
225 234 20
8 132 1
13 262 22
158 257 4
69 239 5
107 109 1
217 231 2
10 164 7
215 238 4
24 209 3
52 114 7
49 87 17
61 232 4
15 132 14
111 261 1
246 260 1
13 54 8
89 141 1
90 188 3
209 247 2
40 164 10
56 162 2
28 101 1
117 132 4
88 255 12
91 170 4
49 71 1
14 231 25
143 168 2
10 229 3
22 116 1
10 100 2
17 114 8
143 200 1
161 171 1
82 232 1
102 231 1
54 249 8
57 138 1
129 166 1
126 186 1
37 87 3
14 50 2
106 163 2
40 100 4
40 137 8
210 261 1
65 164 8
69 234 3
78 247 1
42 143 17
106 228 3
40 140 12
186 259 1
169 239 5
152 234 1
195 211 1
13 167 2
65 95 2
64 141 1
4 33 5
153 220 1
116 127 4
66 181 10
107 243 15
7 113 10
66 244 1
12 13 9
74 224 4
62 113 2
107 194 1
33 181 26
24 164 24
161 179 23
87 89 10
181 257 6
137 182 5
16 236 2
98 249 1
45 89 4
40 65 6
160 226 1
87 197 3
155 231 3
39 72 2
126 140 6
211 217 1
77 186 1
61 236 2
140 188 5
37 164 6
132 217 22
89 90 5
95 158 4
225 233 3
138 250 1
90 112 8
48 228 6
45 112 2
188 231 12
198 236 3
188 190 1
87 165 3
144 188 4
45 133 1
152 164 4
42 243 3
47 237 1
191 195 1
170 201 3
211 228 4
133 186 7
80 87 7
162 172 4
127 140 5
40 68 10
127 170 6
81 138 1
14 181 2
65 140 5
41 81 2
3 213 1
125 256 11
23 132 3
26 164 1
144 159 1
65 239 2
256 261 12
130 237 4
12 211 3
17 88 9
164 216 2
114 152 2
173 223 2
24 223 3
123 239 1
17 140 6
34 65 4
29 230 4
16 230 3
148 210 5
97 141 3
127 263 3
29 170 1
127 234 3
14 170 4
95 95 8
223 263 14
49 164 24
172 230 1
80 125 6
54 237 2
75 231 17
112 249 18
79 133 7
7 90 16
97 125 15
52 234 21
132 178 19
61 163 6
130 238 3
141 216 3
89 123 4
88 238 13
25 52 20
181 229 18
149 210 1
42 88 6
95 140 8
33 48 13
200 249 3
45 137 18
35 115 3
107 202 5
23 161 3
257 261 3
23 233 1
107 220 4
130 231 3
29 141 1
144 252 1
186 254 5
189 211 13
17 107 12
114 216 1
135 237 1
136 161 3
249 260 4
107 258 7
83 140 1
75 125 5
14 236 4
244 262 4
151 159 4
52 141 4
163 256 13
231 247 1
228 261 9
116 220 2
127 244 2
84 132 2
7 231 6
137 147 2
202 246 3
143 247 1
87 151 5
142 200 8
127 161 16
40 237 7
158 255 8
42 233 16
13 82 4
52 158 4
119 138 2
160 163 10
137 243 2
114 192 1
170 255 27
217 255 3
25 158 14
79 93 7
10 256 2
50 220 4
243 249 16
17 97 7
21 186 3
186 206 1
36 211 1
193 231 2
160 186 7
218 231 3
33 238 5
80 246 14
152 161 11
190 234 3
13 41 12
141 257 1
160 231 1
113 243 17
52 238 10
25 133 4
116 144 6
14 88 19
160 239 1
54 234 6
162 188 6
160 162 7
95 231 8
51 230 1
157 231 2
79 185 2
13 35 1
13 17 3
96 237 1
141 188 5
178 230 2
185 238 2
40 233 5
42 193 1
117 191 2
13 210 2
45 256 9
37 114 7
162 193 2
111 164 1
140 252 1
10 107 2
98 162 1
43 160 3
179 179 10
121 134 1
62 170 3
35 239 1
87 106 10
16 142 3
17 256 3
145 261 7
32 141 1
209 237 15
95 170 20
128 142 3
127 142 17
141 241 4
129 231 5
166 247 2
158 195 4
143 165 1
80 88 3
130 261 2
88 257 5
25 211 7
1 100 1
14 209 4
56 113 2
142 226 12
52 230 11
69 114 1
18 140 2
89 144 4
161 200 9
144 224 25
168 213 1
49 161 13
161 247 3
137 197 1
39 234 1
106 236 1
132 214 2
106 230 2
93 130 1
130 260 1
170 182 2
79 177 1
163 241 1
108 231 1
171 228 4
17 238 2
168 229 1
112 125 6
47 138 2
40 230 8
20 107 1
28 166 3
14 162 19
52 233 7
40 188 1
213 262 3
130 130 5
157 170 5
196 233 6
107 217 1
142 220 7
137 157 2
107 120 1
14 210 1
203 219 1
162 189 15
28 186 3
88 226 3
220 237 6
89 234 9
54 189 2
77 169 1
49 231 31
17 25 5
16 87 4
42 163 25
198 237 9
64 88 1
108 123 1
31 132 2
148 166 6
25 37 3
186 260 4
22 170 8
164 184 2
140 179 9
113 195 1
79 196 1
83 196 2
26 217 4
188 229 1
158 190 1
144 196 1
158 179 2
13 97 12
75 113 19
124 230 2
90 210 3
189 225 3
13 49 13
135 162 2
80 140 8
125 127 1
113 152 4
138 167 3
39 261 3
140 241 6
16 170 1
97 164 13
188 233 3
223 237 16
106 239 1
75 144 5
132 221 1
22 113 2
36 68 4
112 113 19
213 263 10
80 239 2
134 163 1
13 61 4
13 129 5
246 255 16
53 87 1
62 66 1
107 133 2
52 236 3
42 224 1
14 189 11
130 263 6
244 261 3
28 116 1
28 113 2
100 102 2
75 167 2
193 234 2
43 152 5
68 227 3
62 261 2
65 262 2
87 227 3
143 224 2
13 244 6
136 138 1
133 233 2
88 89 8
55 228 1
164 200 1
4 7 3
113 165 2
42 127 3
155 170 1
25 227 3
95 121 1
61 249 3
145 238 8
233 256 6
143 241 3
113 220 3
116 164 11
62 162 5
114 220 3
114 128 1
45 260 1
18 239 2
8 162 2
11 230 3
49 230 7
7 262 9
141 160 3
223 246 4
157 226 2
52 189 5
25 210 1
216 231 1
75 146 12
14 237 1
137 216 3
116 158 4
100 179 11
49 88 10
177 229 4
161 227 2
181 262 4
87 214 1
106 162 2
164 202 6
61 158 2
49 144 29
91 113 1
25 209 3
24 89 1
141 146 9
161 210 1
161 174 1
151 200 3
33 255 5
13 196 2
48 146 9
81 90 1
198 205 1
65 125 7
89 249 4
237 257 1
107 225 5
127 233 1
40 261 7
88 165 2
165 186 3
70 260 1
100 111 1
18 254 1
158 189 5
26 238 1
148 205 1
93 244 4
62 141 2
116 148 4
50 178 1
27 138 1
106 234 4
56 237 4
7 125 2
18 151 5
21 230 2
65 234 17
74 246 6
81 162 1
35 145 1
50 169 2
56 62 1
126 237 1
119 262 2
158 243 2
75 250 5
132 247 6
164 197 1
163 200 1
68 188 5
157 234 1
58 75 1
32 132 6
39 151 2
65 230 23
87 226 8
121 186 5
228 246 7
29 231 3
130 146 1
162 208 5
8 75 1
25 68 13
54 90 4
68 97 9
37 234 6
196 231 6
233 257 1
66 74 3
64 161 1
28 70 1
28 79 2
49 255 5
79 160 1
161 228 12
56 79 1
223 243 3
71 261 1
49 125 5
152 211 1
225 239 2
142 157 1
167 230 1
53 223 1
147 164 1
130 141 5
61 125 5
75 119 2
133 137 2
25 91 1
69 90 4
93 231 8
211 244 1
66 255 6
202 262 1
125 226 1
7 241 1
49 246 5
119 263 1
62 165 1
97 158 5
47 231 1
48 54 2
137 160 2
125 166 5
33 233 26
41 79 13
78 107 3
41 113 13
41 60 3
85 186 1
133 257 1
10 161 6
16 186 1
68 207 1
50 232 5
151 235 1
41 227 1
216 216 9
93 234 4
130 161 3
17 231 6
217 217 1
157 166 1
76 76 5
189 189 4
227 230 3
138 222 1
107 257 2
87 134 1
100 190 1
139 218 1
138 203 5
69 246 1
17 125 3
95 113 6
52 261 7
72 138 3
37 146 1
88 179 1
113 208 1
200 220 2
42 167 3
211 255 24
112 145 14
78 138 2
239 257 2
68 242 1
7 211 3
181 209 8
7 143 3
37 141 3
36 148 8
22 87 4
205 262 3
4 42 1
165 209 1
124 161 6
124 231 1
177 250 1
7 70 2
140 220 11
22 138 1
179 238 1
124 142 1
123 142 3
87 260 8
106 161 6
55 137 1
247 262 2
114 223 6
80 170 12
60 78 1
246 250 1
171 234 2
13 189 6
74 90 10
45 72 1
52 68 6
48 128 1
75 147 3
122 132 12
115 161 1
164 196 2
11 68 1
114 201 1
88 236 12
33 190 1
247 263 2
80 232 7
1 164 3
56 137 1
163 216 7
161 208 4
95 143 1
189 229 5
185 231 1
90 257 3
133 230 5
185 239 2
28 162 3
70 186 2
51 140 3
179 249 3
116 140 10
112 226 5
18 238 5
70 216 1
88 244 1
45 54 1
75 88 5
202 231 2
143 223 4
146 234 4
75 158 18
56 100 4
220 234 8
174 186 2
140 171 1
195 256 1
24 65 2
7 166 4
52 249 12
232 238 3
125 198 2
25 106 5
157 186 6
144 177 2
80 231 11
54 97 2
106 107 3
36 87 3
122 238 1
152 231 3
113 241 3
106 257 1
146 231 2
137 257 2
6 132 1
36 230 4
54 100 3
7 13 5
90 165 2
17 189 2
136 234 1
45 52 2
163 197 1
87 179 4
40 229 9
51 75 3
89 137 3
171 230 7
68 200 6
227 231 4
226 255 1
148 189 7
41 209 5
216 236 1
75 220 3
54 125 2
135 261 1
127 148 1
159 233 1
41 88 2
70 238 1
3 170 1
13 223 4
162 252 1
102 239 4
146 239 4
50 255 2
1 140 1
88 106 7
15 162 1
97 230 9
17 113 11
170 183 1
37 100 3
142 209 7
87 131 1
195 249 2
226 244 3
153 170 1
186 257 10
43 215 1
56 140 1
170 225 3
121 170 1
52 163 6
20 146 1
198 209 1
48 61 3
166 223 4
75 134 1
13 43 14
144 152 1
141 220 7
13 21 7
78 225 3
82 186 7
89 100 4
131 138 6
36 114 2
14 246 4
112 129 1
170 175 1
71 246 1
137 210 1
138 178 7
93 233 5
61 115 1
225 256 3
80 137 5
48 80 6
107 160 2
129 261 3
114 217 1
52 107 10
26 26 2
98 186 4
33 145 2
25 100 10
146 166 5
12 87 1
86 186 1
48 196 5
25 143 1
133 263 1
196 198 1
96 236 1
138 193 7
16 261 2
182 234 2
213 230 4
228 234 3
62 249 2
119 141 1
140 256 4
15 163 1
23 88 1
106 246 4
32 100 1
10 79 4
54 163 1
37 90 2
246 257 3
181 190 4
161 217 3
65 209 6
70 74 2
8 261 1
125 224 9
48 62 11
13 216 1
198 233 1
13 195 2
52 142 3
161 225 6
36 233 1
68 127 10
15 229 1
45 210 1
127 164 9
170 219 2
45 177 1
93 261 3
56 232 2
186 198 2
74 93 2
88 260 2
156 231 1
132 183 3
14 87 9
96 138 1
20 230 1
235 243 2
144 175 4
130 143 1
160 230 11
49 225 2
146 263 4
170 190 2
145 173 1
47 151 1
113 210 1
127 145 2
61 76 4
135 230 1
113 227 1
42 87 5
232 243 4
95 102 1
228 229 2
61 79 15
113 244 5
69 151 1
91 138 4
148 226 5
160 260 1
141 223 12
238 255 1
146 236 4
95 137 7
140 225 2
47 74 1
186 220 12
121 254 1
87 133 8
12 238 1
208 262 2
40 133 1
18 138 3
131 162 3
80 171 1
25 233 7
33 89 2
43 136 1
161 201 1
26 186 2
75 83 2
75 159 12
145 174 1
97 211 14
41 241 1
231 245 1
141 248 1
41 243 2
244 247 1
90 260 3
12 232 1
130 148 1
164 190 1
75 209 3
229 244 6
173 236 1
66 137 7
22 236 1
50 149 1
120 142 1
223 233 8
226 238 3
80 112 8
142 250 1
48 95 5
76 170 1
126 239 1
13 252 1
61 97 6
92 137 1
76 237 1
93 143 3
123 161 3
75 179 3
25 255 2
70 75 1
13 14 11
43 112 8
47 166 1
43 226 4
34 87 1
65 106 7
33 155 1
12 148 1
138 177 8
147 239 1
225 255 4
133 133 1
102 170 4
28 229 7
40 40 2
227 234 2
14 163 9
147 234 1
90 129 9
37 162 5
153 233 1
14 144 4
14 100 6
138 215 3
21 87 2
36 226 1
50 61 3
179 261 4
239 256 4
12 112 1
7 202 3
4 168 4
141 198 2
49 233 7
51 263 5
39 43 2
157 236 4
77 108 1
98 161 1
106 114 5
107 212 1
133 234 3
10 219 1
28 130 2
85 87 1
88 256 5
5 7 1
170 259 2
190 211 1
94 234 2
97 143 1
181 259 1
33 232 5
127 144 2
224 232 5
10 146 2
8 87 1
7 65 3
49 142 3
95 249 3
63 138 3
50 133 2
54 233 2
68 198 2
211 243 2
162 225 9
148 260 4
13 24 4
5 164 2
112 157 1
79 197 2
256 262 2
90 122 1
50 225 3
61 113 12
90 133 4
128 152 1
41 168 5
210 231 3
97 226 2
112 260 1
142 213 4
43 45 5
92 164 3
116 211 2
56 142 3
50 179 2
47 246 1
65 100 14
1 234 2
92 249 1
13 256 11
38 247 1
21 114 1
17 148 15
25 151 1
7 151 2
35 70 2
71 230 2
125 151 5
14 48 1
52 88 8
125 255 10
113 159 1
93 246 3
188 225 2
3 48 1
28 262 3
170 208 2
119 244 2
218 263 1
93 179 1
78 142 5
138 182 4
78 263 2
164 210 3
109 132 3
24 168 2
28 211 2
188 234 7
100 121 2
147 166 1
100 157 8
166 167 2
79 258 1
137 212 1
144 244 4
28 75 1
79 159 2
89 125 3
227 261 2
48 49 9
69 183 1
3 234 2
43 227 2
96 132 2
4 80 1
1 151 1
196 234 5
148 157 1
50 198 1
50 181 4
68 72 1
179 233 16
68 130 4
36 170 12
56 170 7
28 230 5
196 230 8
17 74 1
17 133 1
130 234 2
28 231 2
185 209 1
70 146 1
204 230 2
220 243 2
138 201 2
48 254 1
13 165 4
181 224 3
143 232 6
65 112 2
10 238 3
158 227 1
14 124 1
18 94 1
144 228 2
7 75 4
66 237 7
121 263 1
13 228 2
141 247 3
25 54 9
102 142 2
112 179 2
36 162 2
196 255 1
69 263 3
157 198 1
52 119 1
192 236 1
159 166 1
230 235 3
17 137 4
210 228 1
198 263 2
37 223 1
32 51 1
18 193 1
137 169 1
42 169 1
239 255 3
37 43 3
230 257 8
235 239 1
25 239 4
60 262 1
48 190 2
7 50 5
162 258 2
69 162 3
75 260 3
15 151 1
17 87 4
164 198 4
29 145 1
43 93 1
197 262 1
22 238 1
18 163 1
20 42 1
127 194 1
95 178 1
52 188 3
42 85 1
188 193 2
49 151 1
4 256 3
32 90 1
89 228 2
151 247 3
80 93 2
93 186 3
173 234 1
92 237 2
20 194 1
100 195 1
25 228 2
62 181 2
89 232 2
93 146 1
75 215 2
189 246 7
81 132 4
45 106 3
83 163 3
49 261 8
61 141 4
114 129 3
93 142 6
46 132 2
69 107 1
88 242 1
163 223 9
142 202 4
108 186 1
65 196 1
50 224 8
91 228 6
65 151 1
37 249 3
108 162 1
164 220 2
142 146 5
212 254 2
65 90 6
25 225 2
213 250 3
7 250 7
145 262 5
208 229 1
21 48 1
191 237 1
164 248 2
152 163 6
41 248 1
140 196 1
80 237 5
20 126 1
12 224 1
106 249 3
3 262 1
106 141 2
21 231 6
93 249 4
72 246 1
138 210 6
92 186 2
72 76 2
39 76 1
71 86 2
93 145 4
146 246 10
133 178 1
62 230 3
163 247 1
101 171 1
39 262 1
50 69 1
98 234 1
50 260 3
45 263 4
149 158 1
35 61 3
87 217 1
129 142 17
29 138 3
28 246 4
17 230 6
146 177 1
167 196 1
13 166 1
93 161 6
149 161 1
238 241 3
160 164 6
86 138 1
5 11 1
48 225 5
52 262 2
45 82 1
116 167 2
42 159 2
24 233 12
168 170 2
28 209 2
65 254 2
4 41 2
90 202 1
68 182 2
74 209 4
168 237 4
88 149 1
136 235 1
119 235 2
119 247 3
168 247 2
129 194 1
70 93 1
141 177 2
77 138 1
138 258 3
112 261 3
4 74 3
241 241 1
133 237 1
159 263 3
90 182 1
50 223 4
237 247 1
68 218 1
62 62 3
68 228 3
65 89 2
216 261 1
129 232 2
50 227 1
74 145 4
100 212 2
137 217 3
69 236 3
162 220 2
85 233 1
47 244 3
70 100 4
141 193 1
79 135 1
19 142 1
82 211 1
68 215 2
75 198 2
242 242 3
33 228 3
45 248 1
255 263 6
106 140 2
43 70 1
17 162 4
68 172 1
52 65 2
61 256 1
25 258 1
88 208 1
89 263 1
49 158 11
135 135 1
40 255 2
48 69 1
48 84 1
74 158 3
14 90 8
211 226 3
56 87 3
179 226 2
102 138 4
24 232 3
137 215 3
130 145 3
40 82 1
7 213 2
148 188 3
138 190 1
71 100 1
213 255 1
1 249 2
100 210 4
61 216 1
107 134 2
89 170 2
80 233 6
129 158 2
216 219 1
167 244 1
164 215 3
11 14 1
56 231 1
134 186 5
132 253 3
79 168 5
69 112 1
186 216 4
6 66 1
130 262 2
145 189 1
70 197 1
18 42 1
60 141 2
116 241 1
107 260 5
114 130 2
75 226 4
18 77 1
114 165 1
255 262 5
80 158 2
25 142 4
116 119 1
93 229 3
93 236 4
69 100 2
93 116 2
198 198 2
134 201 1
125 133 2
183 239 1
205 236 1
188 230 5
118 170 2
49 217 3
26 181 3
166 211 3
16 162 1
193 260 1
75 95 3
189 255 1
125 143 11
138 218 2
3 249 1
54 209 3
62 88 3
232 255 10
25 168 2
217 237 1
41 125 8
230 252 2
88 117 2
137 228 3
13 127 1
17 229 1
198 231 5
260 262 2
93 160 1
92 234 3
238 248 1
202 233 7
155 189 2
92 141 1
98 138 6
188 257 3
95 151 2
30 161 1
24 255 1
129 239 4
16 257 1
102 198 1
106 186 1
13 198 1
132 248 2
152 241 1
188 262 1
91 231 2
36 100 1
61 67 1
41 188 1
137 146 7
149 170 2
162 214 1
90 216 3
144 145 1
54 107 5
68 241 5
162 171 3
135 208 1
41 136 2
52 87 11
161 252 2
61 114 7
7 74 1
188 211 4
40 239 2
36 144 5
230 245 2
33 50 3
68 92 1
50 93 1
200 237 5
175 186 1
117 163 1
28 237 2
131 186 4
74 114 6
91 237 1
67 249 3
34 234 1
168 211 2
52 129 1
146 238 1
37 177 1
24 113 7
138 147 1
13 74 8
85 255 2
60 132 2
191 229 2
67 161 4
127 249 5
163 257 9
151 185 1
41 216 1
107 208 2
61 91 3
79 202 1
106 170 3
204 246 1
158 223 1
96 229 1
62 263 1
18 236 5
95 234 6
185 249 4
162 228 5
134 148 1
71 138 1
114 257 6
132 172 1
39 74 3
95 211 1
133 209 1
125 146 2
107 190 1
132 147 3
138 242 4
137 174 2
73 170 1
82 173 1
13 102 3
66 246 4
35 181 2
79 171 1
40 262 2
227 262 2
35 161 5
52 140 4
74 127 4
170 174 2
68 76 11
48 109 1
18 69 1
131 234 2
113 168 1
117 222 1
25 71 1
119 208 2
185 186 1
4 125 14
134 140 2
80 263 1
125 188 2
42 256 1
116 232 1
163 219 1
113 146 2
91 233 1
37 246 2
100 215 1
180 180 1
180 236 1
218 218 1
9 186 1
10 237 7
87 157 2
100 188 8
186 227 1
223 226 5
17 17 2
72 77 1
129 179 1
65 88 14
113 197 1
121 229 1
202 234 4
179 260 3
150 161 1
161 195 3
47 230 1
165 261 1
62 234 1
115 132 2
14 114 4
55 87 2
14 68 7
182 230 7
180 237 1
68 129 5
98 164 1
25 62 2
25 195 5
140 254 1
31 129 1
18 24 1
76 166 1
231 251 2
49 162 18
67 262 3
142 225 2
161 221 2
241 246 2
91 155 2
86 246 1
95 239 2
241 254 1
13 36 1
123 148 2
42 232 3
74 207 1
123 138 5
68 165 2
12 14 2
13 202 3
26 89 1
69 229 2
200 236 6
65 145 1
56 179 1
8 230 1
101 263 1
168 193 1
195 231 5
162 219 1
50 122 1
209 243 3
9 161 1
17 217 7
188 232 2
175 236 1
62 186 3
66 140 4
61 246 2
220 233 3
17 246 4
133 170 2
119 239 1
159 239 1
61 261 7
74 185 1
48 213 1
51 143 1
25 177 1
120 229 1
162 248 1
162 191 3
208 231 1
208 252 1
164 227 4
95 261 2
90 106 1
140 160 3
35 42 1
69 170 4
52 61 1
166 194 4
80 90 5
129 211 4
100 165 2
202 211 3
169 237 2
78 186 1
178 231 1
85 188 1
162 259 1
13 227 2
1 219 1
136 140 2
82 239 3
75 130 3
102 164 2
137 244 4
37 112 2
114 195 2
259 262 1
162 197 2
76 145 2
70 161 2
66 141 2
164 258 1
7 42 1
100 213 1
73 100 2
70 226 1
41 212 1
114 235 1
41 191 1
17 225 1
54 263 1
37 195 1
132 173 6
66 210 1
69 247 1
141 244 7
17 144 6
122 170 1
69 141 2
132 167 5
131 137 1
68 226 5
24 261 4
79 192 1
28 142 2
197 197 6
132 212 4
132 241 1
215 226 1
145 209 7
113 202 3
37 198 2
12 75 1
141 196 3
85 164 1
144 200 1
151 224 5
112 181 1
111 138 1
85 123 1
62 137 1
226 261 1
170 216 4
175 230 1
162 217 2
47 75 1
40 106 2
36 113 4
226 243 4
123 246 1
146 196 1
139 201 1
22 108 1
195 246 2
24 87 1
50 152 7
17 181 2
80 208 1
142 228 2
158 200 2
50 89 1
164 183 1
246 247 1
10 162 3
163 175 1
70 239 2
50 209 7
6 261 1
49 197 1
234 250 1
10 236 3
202 238 3
93 202 2
135 164 2
42 213 1
20 152 1
33 225 3
19 138 3
66 238 1
62 161 2
72 114 2
126 241 1
53 216 1
192 229 4
113 216 1
138 195 3
97 189 5
123 249 2
48 89 5
140 159 2
173 173 2
172 261 1
72 230 1
76 225 1
4 159 1
33 166 1
168 234 4
12 246 4
62 246 2
144 179 1
163 189 5
127 211 2
88 188 3
133 260 1
114 193 2
56 236 1
178 261 1
22 225 1
5 229 1
56 90 1
127 231 2
42 146 1
17 68 2
65 160 1
157 229 2
209 209 9
95 125 3
144 216 1
68 134 1
141 256 2
33 112 5
54 230 1
42 125 5
35 39 2
87 146 3
25 50 2
54 231 8
139 170 1
54 211 2
66 106 1
91 230 5
169 238 1
61 209 3
69 142 1
48 136 2
82 137 3
82 88 1
144 260 3
12 244 1
21 68 2
7 130 1
28 235 1
14 113 5
83 170 1
89 246 3
41 225 1
84 230 1
29 142 1
140 165 1
100 169 2
89 257 1
119 137 1
11 234 2
66 88 10
55 75 1
107 195 1
82 231 2
114 202 1
93 141 5
126 244 1
178 237 1
207 231 1
76 185 1
130 186 4
61 188 2
48 135 1
1 125 1
215 232 2
10 113 3
65 256 2
165 246 2
97 146 2
74 126 1
143 215 1
130 163 1
215 234 1
179 256 2
39 216 1
63 113 1
24 134 1
124 163 1
95 209 1
41 200 1
119 238 1
26 161 4
129 143 2
208 230 2
7 119 1
54 113 2
49 61 4
185 243 1
152 233 2
165 170 3
14 148 5
100 181 15
149 230 2
236 250 3
151 193 1
106 137 3
106 229 1
74 97 1
162 200 3
97 106 4
16 231 1
50 208 1
223 260 1
186 217 3
125 179 2
94 237 1
87 195 1
141 225 1
132 174 2
13 188 2
67 107 2
75 217 1
190 230 3
67 263 1
7 257 1
59 230 1
170 213 1
37 142 9
80 145 2
64 125 1
36 66 2
145 194 1
210 237 1
100 228 2
162 176 6
50 83 3
32 229 1
12 230 4
134 237 2
94 141 1
14 143 1
123 209 1
24 49 1
80 179 1
254 263 1
140 190 1
62 76 2
43 95 3
163 252 1
111 186 2
142 217 1
97 195 1
11 162 3
41 69 4
124 143 1
36 140 1
200 229 2
56 164 3
17 164 7
189 230 4
16 100 2
62 236 1
144 157 2
140 147 2
16 123 1
40 54 3
57 132 1
246 252 1
14 26 2
33 188 1
11 170 1
92 252 1
134 249 1
15 87 1
92 211 1
50 106 2
52 255 2
87 183 1
48 210 1
52 66 2
45 244 1
45 257 1
140 247 1
83 143 1
42 47 2
73 230 3
236 259 1
113 149 1
111 113 1
155 228 1
170 241 1
159 159 5
83 263 1
12 43 1
225 246 2
153 229 2
134 137 1
48 159 2
87 160 1
24 31 1
124 209 1
158 220 4
35 139 1
50 221 2
12 262 1
142 165 1
10 216 1
37 137 4
22 161 2
12 132 1
70 234 1
130 140 3
95 179 1
48 131 1
61 203 1
48 149 1
120 132 2
90 195 1
49 190 1
182 238 1
65 224 1
107 168 1
34 162 1
45 173 1
76 138 1
133 164 2
226 262 4
4 37 2
71 225 2
136 230 4
91 189 1
20 61 1
170 215 1
93 144 1
112 188 1
25 223 1
42 226 4
67 113 1
141 197 1
198 261 3
48 60 1
39 161 4
20 186 2
155 263 2
20 114 1
65 158 3
10 197 1
93 127 1
100 242 1
37 144 4
37 80 3
164 221 1
27 132 1
194 238 1
113 179 5
35 86 2
88 168 1
61 151 2
24 136 3
243 255 1
133 161 1
74 243 3
211 213 1
48 85 1
129 262 3
65 260 1
36 255 4
40 45 4
126 141 1
225 262 1
36 50 2
127 262 1
80 261 3
26 162 1
71 91 2
186 241 6
35 148 1
138 240 1
235 263 3
213 236 1
72 158 1
224 256 1
37 256 7
46 170 2
75 78 5
48 96 1
157 157 2
37 61 1
37 37 3
51 170 2
11 113 1
36 261 2
216 233 2
52 228 1
169 244 1
101 230 1
28 151 2
67 137 1
167 186 4
170 247 2
49 188 1
97 256 4
34 66 1
56 146 1
157 260 4
210 234 3
87 220 1
39 61 1
234 254 1
25 75 5
33 226 1
141 213 2
100 241 2
194 194 1
25 222 1
164 228 2
1 138 2
193 232 3
116 212 1
49 256 2
112 262 3
85 107 1
146 148 2
79 147 1
100 227 2
11 138 1
79 92 1
127 237 4
200 263 2
101 138 2
113 178 1
83 88 1
234 251 1
36 246 2
36 97 1
69 140 2
34 114 2
69 74 4
88 228 2
128 241 1
56 114 3
10 134 1
39 259 1
114 196 1
45 228 2
90 131 2
168 209 1
88 146 1
12 33 4
137 189 1
131 164 4
168 182 1
53 162 5
70 263 1
40 256 1
1 170 3
47 116 1
11 79 1
28 239 3
186 203 1
41 215 1
54 246 4
7 252 2
194 239 3
100 191 1
191 230 1
41 219 1
157 233 1
90 212 2
137 227 1
212 229 1
197 234 4
65 244 1
83 209 1
68 119 1
72 249 1
130 144 1
6 87 1
78 242 1
106 125 2
25 232 2
126 142 1
62 90 10
209 226 1
41 147 2
85 231 1
166 209 1
51 234 1
35 170 1
90 196 5
163 188 2
170 235 1
195 224 1
18 90 3
136 244 3
48 70 1
43 66 3
37 209 2
67 88 4
93 185 1
148 192 1
97 210 1
42 82 1
3 42 1
107 152 2
37 125 1
117 210 1
7 198 1
75 93 2
65 233 3
95 144 2
143 228 1
32 48 2
80 143 1
13 72 1
48 134 1
98 146 1
41 167 4
1 79 1
127 152 1
79 91 1
91 91 4
69 223 1
69 238 3
210 241 2
80 230 4
120 239 1
10 152 1
35 40 1
134 226 1
45 74 3
82 233 5
152 181 1
140 198 1
60 230 1
14 27 1
12 189 1
17 142 1
83 236 1
40 238 1
152 168 3
119 186 1
186 196 2
36 37 1
148 169 1
14 25 3
40 263 4
17 163 5
4 49 2
92 171 1
12 88 1
52 74 1
133 141 2
166 225 4
151 220 5
125 228 1
97 257 1
14 172 1
55 193 2
127 220 3
4 147 1
72 161 2
7 36 1
102 161 2
112 193 1
182 186 1
80 225 4
55 114 1
140 258 1
141 173 2
1 13 1
67 140 1
152 153 1
72 137 1
123 186 3
126 167 1
10 144 1
1 144 1
202 202 3
100 201 2
75 202 2
202 263 2
179 246 3
189 237 2
142 247 2
189 209 1
13 247 1
142 241 2
152 262 3
67 229 2
163 168 1
165 228 1
64 175 1
26 40 1
35 162 3
198 249 2
11 100 2
41 94 1
22 65 1
80 252 1
186 247 3
49 80 1
220 244 2
22 181 1
166 220 4
55 188 3
92 144 1
225 232 3
36 80 3
158 174 1
148 244 2
79 206 1
140 255 4
68 160 1
151 241 1
52 195 3
37 181 1
113 188 1
39 39 1
136 164 1
12 249 2
169 241 1
58 138 3
53 232 1
68 217 2
82 87 1
66 71 1
217 233 3
13 179 1
133 255 1
100 235 2
50 129 1
38 141 1
71 244 1
17 36 1
75 219 1
196 262 3
168 232 1
159 238 1
186 218 1
14 14 1
131 223 1
130 158 3
80 173 1
28 244 2
16 90 1
144 198 2
224 251 1
14 219 1
171 229 1
15 113 1
55 117 2
21 100 3
35 133 1
175 216 4
69 152 2
45 80 3
13 28 1
90 134 1
167 229 1
13 130 2
182 236 3
42 147 1
62 188 1
83 173 1
50 65 1
74 86 2
146 241 1
12 113 1
7 63 1
70 188 1
146 192 1
80 198 1
100 153 1
74 146 1
83 151 1
162 221 1
92 121 2
170 195 1
147 205 1
97 198 1
17 75 1
61 89 1
152 223 1
10 246 1
189 233 6
70 224 1
67 186 1
76 152 2
220 250 1
99 229 1
61 152 1
107 227 1
92 142 2
48 215 1
163 258 1
7 92 2
12 229 1
79 98 1
49 236 2
202 239 1
39 125 1
22 186 1
18 97 1
24 69 2
200 247 1
14 211 5
1 209 1
167 168 2
186 212 3
230 259 1
238 256 1
148 178 1
56 249 2
55 161 1
49 254 1
63 249 1
164 177 1
55 234 1
140 189 5
234 258 2
203 225 1
28 87 3
24 148 2
198 211 1
139 139 2
130 233 1
42 241 2
191 247 1
114 215 2
12 209 2
56 186 1
26 137 2
50 242 1
43 134 2
28 91 1
127 223 1
15 129 1
34 97 2
188 188 2
51 262 1
164 174 1
116 223 1
79 82 4
93 158 2
3 138 1
65 225 1
123 164 2
100 219 2
21 88 4
18 136 1
4 243 1
83 141 2
35 166 1
88 196 2
48 241 2
42 45 2
145 166 1
213 238 2
62 148 1
36 161 2
107 182 2
146 174 1
176 233 1
48 258 1
54 261 1
50 55 1
10 43 1
63 230 1
140 194 1
3 68 3
141 174 1
67 87 1
29 186 3
108 216 1
202 223 3
11 87 1
13 133 3
80 236 2
55 142 2
149 149 2
26 261 1
5 237 1
35 230 1
46 74 1
119 231 3
112 227 1
107 155 1
79 210 1
68 235 2
102 148 1
43 198 1
12 114 2
107 174 1
62 87 2
137 220 2
52 143 1
166 189 1
90 94 1
68 247 1
107 196 2
7 189 1
28 224 1
230 242 1
79 235 1
36 36 1
48 126 1
163 177 1
3 79 1
16 141 1
43 213 1
56 196 1
192 196 1
88 115 1
71 234 1
37 86 1
36 237 4
14 49 1
26 227 2
128 158 1
85 100 4
4 220 1
190 249 1
227 238 1
39 155 2
92 161 1
43 146 1
41 205 2
170 243 6
39 91 1
69 69 3
50 235 1
178 181 2
186 250 3
134 239 1
237 250 1
198 259 1
28 261 2
90 227 1
107 185 1
13 34 1
210 210 1
7 97 1
25 86 2
10 82 1
90 157 1
215 239 2
72 237 1
130 244 1
79 219 1
188 189 2
42 194 4
52 75 1
127 146 1
119 142 1
37 262 2
28 122 1
48 188 3
192 237 1
208 259 2
48 92 1
191 191 5
29 39 1
34 62 1
163 208 1
74 174 1
220 262 1
228 230 2
129 238 4
114 185 2
54 162 3
112 263 4
190 229 1
122 141 1
62 229 1
75 89 1
159 246 1
24 88 1
79 220 1
198 226 1
238 259 1
75 247 2
189 207 1
16 48 1
159 186 2
234 241 1
186 213 1
116 169 4
13 111 1
100 248 2
25 224 1
24 254 1
125 189 3
220 246 1
129 249 1
79 218 1
130 137 2
127 153 1
116 235 1
37 229 5
66 133 1
20 238 1
107 250 1
12 263 1
182 248 2
54 164 1
129 137 2
161 257 3
48 71 3
22 37 1
116 261 2
41 126 2
200 246 2
122 161 1
126 183 1
42 93 1
88 223 3
37 239 2
36 209 1
229 252 1
32 209 1
52 125 2
7 246 4
83 142 2
49 232 3
48 83 1
61 238 1
229 241 1
32 237 1
66 256 2
146 228 1
47 161 1
151 213 1
7 41 1
123 162 2
66 217 1
227 236 1
7 116 2
86 92 3
72 90 4
107 118 2
61 129 1
77 164 1
43 49 1
140 217 1
26 65 1
6 161 1
161 180 1
231 244 4
22 261 1
86 107 1
240 244 1
201 231 1
167 209 3
25 95 1
130 239 1
80 89 1
165 229 3
22 231 2
232 244 1
114 182 1
89 209 1
33 257 1
120 164 1
42 117 1
54 207 1
48 78 1
121 237 1
159 167 1
164 219 2
132 245 2
35 65 1
123 237 1
18 87 1
64 163 1
149 162 1
137 191 6
106 142 1
16 88 3
72 140 1
71 76 4
91 181 1
227 237 1
69 209 1
95 190 1
89 163 2
157 223 1
81 170 1
25 108 2
208 239 1
64 262 1
36 43 1
135 166 1
71 231 4
3 88 1
52 54 1
13 106 2
183 232 1
42 136 1
113 259 1
48 91 3
205 234 1
113 115 1
25 188 3
61 92 1
135 233 1
25 215 1
236 254 1
190 261 1
189 198 1
41 247 2
171 263 2
75 193 1
78 151 1
72 186 2
41 45 1
124 246 1
37 230 1
83 238 1
13 116 2
195 234 1
193 247 1
37 207 1
7 66 1
34 255 1
183 263 2
178 186 1
143 179 1
48 219 1
164 250 1
191 205 1
230 258 2
165 231 1
84 164 1
72 107 4
50 257 3
140 157 2
11 140 1
87 172 2
148 228 2
58 132 1
54 229 1
35 177 1
159 229 1
20 137 1
76 89 1
193 246 1
87 248 2
244 248 2
188 198 1
179 231 1
64 203 1
166 226 2
162 245 1
98 231 1
75 194 2
40 225 1
134 193 1
48 257 5
107 242 1
161 215 1
82 196 1
135 246 1
141 184 1
144 226 2
97 163 1
43 220 1
88 202 1
107 228 2
97 239 2
71 137 1
28 256 1
67 163 1
24 215 1
80 141 4
215 263 2
228 228 1
65 203 1
40 61 1
128 132 2
57 173 1
19 209 1
25 43 1
38 225 1
17 89 2
43 80 1
89 107 2
14 106 1
83 137 1
19 205 1
45 225 2
226 256 1
134 233 1
160 233 2
16 51 1
87 130 1
1 87 1
135 144 1
25 240 1
179 239 1
1 143 2
188 215 3
100 134 3
189 224 1
78 234 1
65 166 1
170 198 1
35 49 1
134 144 2
4 14 2
44 132 2
101 261 1
177 249 1
50 80 3
88 195 1
43 179 3
25 208 1
39 97 1
35 210 1
15 234 1
21 170 1
225 229 3
91 140 2
142 159 1
74 89 1
43 61 1
50 82 2
52 224 1
65 69 2
45 243 1
4 166 2
170 254 1
55 100 1
141 259 1
97 188 2
79 182 1
241 249 1
34 246 1
18 74 1
20 151 1
18 63 1
141 185 1
170 220 4
28 148 1
14 75 1
166 224 1
133 246 1
136 170 1
36 236 1
36 112 2
14 238 1
146 261 2
71 186 2
48 76 1
24 129 1
50 213 1
50 256 2
4 89 1
143 167 1
88 122 1
13 62 1
39 79 1
148 218 1
48 202 1
195 236 1
148 251 1
90 191 1
33 80 2
75 197 1
106 158 2
147 161 1
228 243 1
94 235 1
20 20 2
45 205 1
17 188 1
170 192 1
169 243 1
35 74 1
41 51 3
130 224 1
107 130 6
91 100 2
50 134 1
94 107 1
195 230 2
33 195 3
42 119 1
53 129 8
54 148 1
74 215 2
47 168 1
108 161 1
37 147 1
56 229 1
50 196 1
88 93 1
122 122 1
112 189 1
166 202 2
70 163 1
22 211 1
52 256 2
161 222 2
47 167 1
78 88 1
18 65 1
35 71 1
127 241 2
224 255 1
83 164 2
72 141 1
79 215 1
173 211 1
41 169 1
152 210 1
80 83 1
136 236 2
82 252 1
158 228 1
24 211 3
130 229 1
25 149 1
25 238 1
77 230 1
77 196 1
170 212 1
55 230 2
60 151 1
40 228 2
128 138 1
39 215 1
5 210 1
48 212 1
198 229 2
89 189 2
225 226 1
32 262 2
200 218 1
181 240 1
56 68 2
67 68 1
174 225 1
160 193 2
51 233 1
4 226 1
74 83 1
85 144 1
108 238 1
119 169 1
191 213 1
62 164 3
198 262 1
213 216 4
13 76 1
75 203 1
13 225 1
100 247 2
61 223 2
93 224 2
69 94 1
68 121 1
120 166 1
21 123 1
150 165 1
37 263 1
65 179 1
7 95 1
126 230 3
235 238 1
112 198 1
56 158 1
171 236 1
43 202 2
144 212 1
159 162 1
159 243 1
83 113 1
29 163 1
36 223 1
173 262 1
234 259 1
41 159 1
132 251 2
50 189 1
94 152 1
35 168 2
22 148 1
225 249 1
75 81 1
69 137 2
100 135 1
67 230 1
101 135 1
173 186 1
3 237 1
21 228 1
188 236 4
43 157 1
65 227 1
102 141 2
52 209 3
235 235 2
119 168 1
17 33 1
153 238 1
128 238 1
174 230 1
65 228 2
166 252 1
76 216 1
125 215 1
166 205 1
200 262 2
140 216 1
135 140 1
73 144 1
82 114 1
181 225 2
137 200 3
78 100 2
10 209 1
169 169 1
144 168 1
107 193 1
17 158 1
100 258 2
39 123 1
54 137 1
140 197 2
67 100 2
86 188 1
70 179 2
89 211 2
24 85 1
135 186 1
73 192 1
102 162 2
179 211 1
117 131 1
7 243 1
68 202 1
123 223 1
20 263 1
16 164 1
130 256 1
93 134 1
202 224 1
182 220 1
29 29 1
29 165 1
41 134 2
107 241 2
93 93 1
66 91 1
72 143 1
132 240 1
1 158 1
40 182 1
91 165 1
10 10 3
215 249 1
122 130 2
134 158 1
4 36 1
55 162 2
80 183 1
186 235 1
23 62 1
82 238 2
33 217 1
70 170 2
100 124 1
47 235 2
125 195 1
168 231 1
133 211 1
163 171 1
12 163 1
63 130 2
38 164 3
83 211 1
174 231 1
155 161 1
77 237 1
65 195 1
1 43 1
257 257 1
36 137 1
40 43 2
60 101 1
10 54 1
68 77 1
68 177 1
17 49 2
130 246 1
43 224 1
121 234 1
80 82 1
10 74 1
4 70 1
234 242 1
82 144 1
86 228 1
93 256 1
17 43 1
113 200 1
209 257 1
221 246 1
195 237 1
45 111 1
1 107 1
12 226 1
72 87 1
85 163 1
133 144 1
100 152 2
113 217 1
186 242 2
190 263 1
87 221 1
54 88 2
74 216 1
106 238 2
82 192 1
48 251 1
61 140 2
130 167 1
76 115 1
115 181 1
94 239 1
106 144 1
43 165 1
63 177 1
25 257 3
96 161 1
135 223 1
190 246 1
9 249 1
235 244 1
158 213 1
51 74 2
70 140 1
68 153 1
136 200 1
89 177 2
169 247 2
162 185 2
88 123 1
97 228 1
12 239 1
37 66 1
10 244 1
87 215 1
170 193 2
97 112 1
100 189 1
93 112 1
24 157 1
227 246 1
17 76 1
102 258 1
142 215 1
76 79 1
161 213 2
71 107 1
14 43 1
128 166 1
62 211 1
168 233 2
88 155 1
178 246 1
41 65 1
13 200 1
209 225 1
17 236 1
171 186 1
29 162 2
26 76 1
72 236 1
14 125 1
62 233 1
169 234 3
37 55 1
211 251 1
43 62 1
109 230 1
19 161 1
172 234 1
48 72 1
117 234 1
88 183 1
136 141 1
149 236 1
138 150 2
90 198 1
49 74 2
88 116 1
220 261 1
69 113 2
161 169 1
100 177 1
49 143 1
65 81 1
186 251 1
210 263 1
158 244 1
25 152 1
13 123 1
43 190 2
25 76 2
24 202 1
76 239 1
121 137 1
141 183 1
136 231 1
89 158 1
52 166 1
25 235 3
83 229 1
74 182 1
147 159 1
69 244 1
130 232 1
29 229 3
35 225 3
160 234 1
4 62 1
137 258 1
22 50 1
24 226 1
11 161 1
67 114 1
143 198 1
20 161 1
35 76 1
144 219 1
67 158 1
108 137 1
53 236 1
219 249 1
157 163 1
47 107 2
223 255 1
77 231 1
19 162 1
18 170 1
91 212 1
3 162 1
107 215 1
121 163 1
24 219 1
141 208 1
149 229 1
158 225 1
66 239 1
151 209 1
68 195 1
49 226 1
102 186 1
69 79 1
225 237 1
82 113 1
48 167 1
69 164 1
7 24 1
38 254 1
47 131 1
28 74 2
70 113 1
137 219 2
65 92 1
22 144 1
16 238 2
67 215 1
137 198 1
33 62 1
37 72 2
140 228 1
170 197 1
113 198 1
88 248 1
130 166 1
70 141 1
97 224 2
55 140 1
162 240 1
33 152 1
107 121 1
188 246 3
155 162 1
17 41 1
13 71 1
14 97 1
82 209 1
38 236 1
76 148 2
130 139 1
71 142 3
61 228 1
162 177 1
114 200 1
101 153 1
29 257 1
76 108 1
189 238 1
209 220 1
12 141 1
88 177 1
26 233 1
164 252 1
85 237 1
194 243 1
4 129 1
127 261 1
78 141 1
83 87 2
3 246 1
73 161 1
12 186 1
50 112 1
81 152 1
112 224 1
45 160 2
164 175 1
35 155 1
166 248 1
58 116 1
40 50 2
141 200 1
164 165 1
125 190 1
7 221 1
51 250 1
138 253 1
35 100 1
188 255 1
160 236 1
95 135 1
209 223 2
61 218 1
90 240 1
11 50 2
175 234 1
126 263 1
40 141 6
135 163 1
129 157 1
10 87 1
186 191 1
85 116 1
35 127 1
30 234 1
12 140 1
32 247 1
149 164 1
48 198 1
37 211 1
71 140 1
64 233 1
128 143 1
114 219 1
50 52 1
236 257 2
17 233 1
235 236 1
75 259 2
35 188 1
127 128 1
32 151 1
25 166 1
68 214 1
62 68 2
65 83 1
80 126 1
152 261 1
79 247 1
165 238 1
81 88 1
135 210 1
37 140 2
1 229 1
140 167 1
1 50 1
82 142 1
127 141 2
78 237 1
43 47 1
75 208 3
134 244 1
3 65 1
113 228 1
71 87 1
45 152 1
88 225 1
226 232 1
20 247 1
69 231 1
147 229 1
217 236 2
15 186 1
41 213 1
86 117 1
213 213 1
72 91 1
1 142 1
89 225 1
166 174 1
87 121 1
36 173 2
63 237 1
37 163 2
12 100 1
77 97 1
78 205 1
131 260 1
135 170 1
144 190 1
152 169 1
216 223 1
9 141 1
22 237 1
41 127 1
137 250 1
124 228 1
143 196 1
193 233 1
143 242 1
88 192 1
116 233 1
58 230 1
42 129 1
125 157 1
75 145 1
90 242 1
42 208 1
186 202 1
124 261 1
18 246 1
166 200 1
42 112 1
32 211 1
228 233 1
133 143 1
131 230 2
53 161 1
89 150 1
43 127 1
250 263 1
5 68 1
196 232 1
186 210 1
14 239 1
21 97 1
54 66 1
126 138 1
9 41 1
141 228 1
88 160 1
4 145 1
51 136 1
35 90 3
87 91 2
45 145 1
213 233 2
84 87 1
125 196 1
71 148 1
18 116 1
42 202 1
45 226 1
24 95 1
63 68 2
14 66 1
11 209 1
17 80 1
94 100 1
48 153 1
12 236 1
57 164 1
22 230 1
89 143 1
39 100 2
151 181 1
111 231 1
197 232 1
42 61 1
25 80 1
5 137 1
243 247 1
75 181 1
116 159 5
236 252 1
61 233 2
17 50 1
78 233 1
25 42 1
152 229 1
57 260 1
100 251 1
97 223 1
144 218 1
21 233 1
62 143 1
35 112 1
39 237 1
47 232 1
100 208 1
53 237 1
13 215 1
13 37 1
72 149 1
21 162 1
21 164 2
114 168 1
53 170 1
9 73 1
76 125 1
33 34 1
10 260 1
13 260 1
87 258 1
21 249 1
18 79 1
12 166 1
77 90 1
224 225 1
163 259 1
195 232 1
76 161 1
215 219 1
131 263 1
61 71 1
45 220 1
78 229 1
136 162 1
87 127 1
161 173 1
74 173 1
234 248 1
198 223 1
137 247 2
17 37 1
37 41 1
26 239 1
35 211 1
10 233 1
147 238 1
118 118 1
54 158 1
22 150 1
77 81 1
151 189 1
155 223 1
47 169 3
76 241 1
61 117 1
22 89 1
70 259 1
10 193 2
178 188 1
218 223 1
76 203 1
63 222 1
14 64 1
133 155 1
224 228 1
10 168 1
26 165 2
160 177 1
37 225 1
147 247 1
198 215 1
122 197 3
62 140 3
18 119 1
62 225 1
10 239 1
4 117 1
90 123 2
35 119 2
102 182 1
18 144 6
26 64 1
60 203 1
42 189 1
144 191 9
113 177 1
77 216 1
123 165 3
197 201 2
61 70 1
55 243 1
23 70 6
160 191 1
14 16 1
69 220 1
56 193 1
77 238 1
20 223 1
227 235 1
123 133 2
173 256 1
48 124 1
35 234 1
76 234 1
242 250 1
89 168 1
63 196 1
71 89 1
129 216 1
71 216 1
191 215 4
56 95 1
38 139 3
76 190 2
151 182 3
76 139 3
76 233 2
122 230 2
78 147 2
18 248 2
159 232 2
60 165 2
216 225 2
9 17 3
17 38 3
39 95 2
151 171 3
15 140 2
164 182 4
151 183 5
216 235 2
51 202 2
63 252 4
119 159 2
18 107 4
49 126 2
90 91 2
196 249 2
82 185 2
69 76 2
3 230 2
39 191 2
76 140 2
136 227 2
51 166 3
94 170 2
107 136 2
127 137 2
31 102 2
129 188 4
113 185 2
71 80 2
90 215 2
51 152 2
69 232 2
89 116 2
11 232 2
102 219 3
14 256 2
39 225 2
41 235 2
47 88 3
92 119 3
71 205 3
117 261 2
39 55 2
65 75 2
92 228 2
40 190 2
74 213 3
91 255 2
61 177 2
212 248 2
75 182 2
50 136 2
213 259 2
38 68 4
61 213 2
61 165 2
19 116 6
68 259 2
3 226 2
215 216 2
38 197 2
51 238 2
210 238 2
89 238 2
81 213 2
35 144 2
139 216 2
74 242 2
117 231 3
200 219 2
67 228 2
88 213 2
35 182 2
114 147 2
148 235 4
92 131 2
48 108 2
234 235 2
39 113 2
25 85 2
174 211 2
97 242 2
166 213 2
200 244 2
123 140 2
17 86 4
169 246 2
51 213 2
73 129 2
136 213 2
3 239 2
51 219 2
201 216 2
60 157 2
61 168 2
29 222 4
79 254 2
17 136 2
16 223 2
76 116 2
51 85 2
125 257 2
35 89 2
35 218 3
61 205 2
180 181 2
91 263 2
22 133 2
3 169 2
31 32 1
76 86 2
107 165 2
39 228 1
174 243 1
35 50 3
87 124 1
32 186 2
142 205 1
63 260 2
165 227 2
51 129 1
25 72 1
136 232 4
131 250 1
137 193 1
107 216 1
79 205 1
200 241 1
98 140 1
47 77 1
61 239 1
25 35 1
130 252 1
51 90 2
127 250 1
182 193 1
25 28 2
81 250 1
97 115 1
85 193 1
47 163 1
48 195 1
203 215 1
42 130 1
51 94 1
89 256 2
143 182 1
26 211 1
86 218 1
77 89 1
39 90 1
49 155 1
76 222 1
22 88 1
76 230 1
174 250 1
35 75 1
107 219 2
168 185 1
208 226 1
76 77 1
116 208 1
81 203 1
28 139 1
51 231 1
45 222 1
85 113 1
74 130 1
64 142 1
91 238 1
76 97 1
48 250 1
50 94 2
183 243 1
200 234 1
17 177 2
181 232 2
27 181 3
69 243 1
72 260 2
107 173 1
81 209 1
78 258 1
33 243 2
76 231 1
39 186 1
153 169 1
135 252 1
208 238 1
72 116 1
196 261 1
63 193 1
25 130 1
131 139 1
119 248 1
90 218 1
78 194 1
71 92 1
10 71 1
35 254 1
168 216 1
100 174 1
72 232 1
43 91 1
47 182 1
21 165 1
3 208 1
3 136 1
151 205 1
166 232 1
18 62 3
117 218 1
31 243 1
14 22 1
17 119 1
106 254 1
79 174 1
117 220 1
37 77 1
29 262 1
75 121 1
71 203 1
116 136 1
31 157 1
76 246 1
177 188 1
159 231 1
101 164 1
130 225 2
219 258 1
4 60 2
23 129 1
165 178 1
47 50 1
144 194 1
35 160 1
137 195 1
177 217 1
67 170 1
39 89 1
31 61 1
45 122 1
32 42 1
235 254 1
144 206 1
56 173 1
71 238 1
17 135 1
72 89 1
16 260 1
37 244 1
13 258 1
20 231 1
75 225 1
39 85 1
10 25 1
71 129 1
22 92 1
106 123 1
56 234 1
81 179 1
117 134 1
117 237 1
86 170 1
124 244 1
80 95 1
155 234 1
137 167 1
18 78 1
75 77 1
117 151 1
126 261 1
85 89 1
152 208 1
68 185 1
35 195 1
71 75 1
34 143 1
129 130 1
56 101 1
216 263 1
35 228 1
95 97 1
203 230 1
80 117 1
185 256 1
55 186 1
92 226 1
112 247 1
10 89 1
35 159 2
167 234 1
93 194 1
71 162 1
14 157 1
39 75 1
210 249 1
80 98 1
242 243 1
188 247 1
114 150 1
55 237 1
61 72 1
136 237 1
47 61 1
165 252 1
100 155 1
65 77 1
17 155 1
136 225 1
17 77 1
205 209 1
25 77 1
115 262 1
70 87 1
76 208 1
78 244 1
52 177 1
60 235 1
182 239 1
135 242 1
36 145 1
26 88 1
67 261 1
42 78 1
129 181 1
65 91 1
37 197 1
51 87 1
76 121 1
248 261 1
100 254 1
15 170 1
51 174 1
18 213 1
92 143 1
141 250 1
77 247 1
72 117 1
71 90 1
62 218 1
98 229 1
33 203 1
13 85 1
71 232 1
36 76 1
83 90 1
18 200 1
35 79 1
35 249 1
127 213 1
113 212 1
29 90 1
136 259 1
97 238 1
76 88 1
129 168 1
55 211 1
21 238 1
70 114 1
116 210 1
14 61 1
113 222 1
14 155 1
