193 193 164
142 151 550
237 239 1248
24 238 432
229 238 130
137 141 221
142 244 37
114 125 82
43 186 288
43 164 301
249 249 253
132 164 487
138 236 253
236 262 2308
143 239 1632
138 262 148
137 151 23
233 246 97
75 164 41
144 249 232
127 138 17
138 170 407
137 148 86
138 230 1143
140 141 1142
236 237 7653
107 237 353
13 68 196
79 141 112
148 186 147
92 161 2
48 261 106
132 229 174
230 246 955
145 145 235
74 75 638
75 132 92
186 229 307
161 238 301
137 163 108
161 163 1623
230 234 517
50 246 425
142 236 1589
41 75 226
132 247 8
163 239 738
141 237 2266
141 233 405
48 263 109
74 74 160
41 151 230
113 144 260
144 211 124
43 50 87
48 138 376
142 170 295
145 161 33
7 186 14
138 249 60
140 238 355
141 141 883
237 237 2832
238 239 3059
211 238 14
143 230 305
100 161 1122
161 186 1868
229 263 490
163 233 257
140 236 1795
45 90 34
12 100 16
132 230 877
45 230 43
237 263 1500
141 236 2577
43 237 1220
107 229 288
107 144 162
143 246 299
90 246 657
263 263 567
56 151 1
238 243 36
43 142 879
68 233 105
142 239 2910
14 138 24
68 234 979
162 170 1117
68 163 460
138 163 604
125 249 233
144 261 129
186 261 214
158 261 100
151 238 1143
158 231 360
164 230 607
161 249 254
79 138 146
236 263 2334
170 236 484
132 189 63
43 48 357
13 249 170
209 249 23
132 237 214
68 132 251
132 142 183
144 161 216
24 161 26
230 231 285
90 231 244
68 230 649
48 230 720
186 211 211
42 75 102
158 229 27
68 195 3
41 132 61
230 261 254
48 68 994
186 230 2039
100 170 629
137 234 390
17 158 1
141 230 202
237 262 1263
236 239 2110
236 236 3567
140 237 1788
90 168 2
90 186 553
186 263 144
137 162 398
50 233 28
132 236 180
186 233 421
79 90 226
107 132 226
132 263 133
233 236 222
88 161 110
137 186 444
142 186 380
43 132 99
236 238 2065
116 151 62
141 262 888
75 263 605
140 262 942
24 107 12
43 162 351
75 79 36
75 230 60
161 234 1410
114 234 469
132 233 250
132 255 140
186 239 275
164 233 286
79 162 250
43 163 596
45 114 28
65 231 31
65 164 13
1 1 70
138 165 8
132 151 90
162 234 623
100 162 594
48 161 843
186 234 1004
211 230 214
234 239 164
50 132 98
114 231 255
181 189 9
65 261 17
151 239 1188
138 196 17
70 161 7
114 232 34
107 211 165
166 232 3
107 148 164
13 13 100
12 13 29
13 161 235
231 231 393
141 170 458
142 237 1721
132 223 87
163 170 650
100 163 788
132 163 422
161 237 2765
229 234 272
140 170 309
42 50 5
17 132 63
7 238 5
74 151 152
100 246 616
132 144 72
116 152 45
138 161 971
161 230 1120
234 237 521
132 218 70
13 170 122
12 170 7
148 211 140
162 246 357
163 246 616
137 145 14
234 234 364
79 234 610
113 233 78
68 107 350
161 261 183
132 231 152
80 223 1
79 114 334
13 209 49
87 107 63
43 231 55
211 234 419
132 138 399
37 138 26
163 186 1038
142 163 1108
142 161 966
48 142 1031
261 261 52
87 211 100
158 211 229
43 148 38
163 230 935
170 209 34
43 209 16
144 236 57
144 234 288
141 234 204
141 229 886
68 100 361
4 249 43
40 148 2
116 166 87
116 143 17
138 237 282
88 232 23
231 232 53
170 170 471
114 236 66
238 249 29
68 231 340
87 132 179
132 246 117
163 231 176
161 236 1740
43 161 996
82 132 105
43 113 90
179 223 21
143 229 89
45 261 69
12 66 4
79 113 562
12 148 11
45 97 7
90 170 411
170 186 1104
162 162 585
162 232 28
132 148 154
107 249 318
234 249 739
170 249 251
43 107 93
239 239 1237
209 239 6
142 166 273
43 236 1259
249 261 79
246 261 167
79 142 79
68 164 457
262 263 880
164 237 485
164 234 870
48 234 352
231 261 311
186 231 424
48 164 358
48 211 94
41 236 208
102 140 3
68 113 356
79 233 185
230 249 201
144 246 184
234 246 750
48 162 442
24 151 211
163 237 1456
68 246 968
90 113 410
107 137 504
137 233 362
138 148 72
164 236 280
230 237 678
75 162 119
229 262 350
42 262 14
161 229 725
138 256 44
233 234 221
234 263 78
48 90 342
95 95 18
37 82 1
161 233 480
186 249 452
151 151 270
161 164 1504
142 164 249
79 144 320
90 148 87
107 186 718
112 132 87
161 263 373
79 132 215
79 79 403
75 238 402
74 163 33
161 170 1314
137 224 105
211 237 116
132 143 79
238 263 458
107 107 269
79 170 434
164 211 170
238 238 873
41 237 64
140 263 985
74 236 483
141 263 1469
151 236 524
132 191 33
130 138 23
90 234 552
141 142 594
141 238 434
141 161 760
239 262 311
107 261 39
113 170 407
113 211 334
137 211 58
137 170 567
164 261 116
113 236 156
132 158 91
48 132 442
137 137 122
132 137 71
41 41 154
231 233 74
132 186 234
142 238 1866
1 211 10
143 151 272
43 143 259
161 239 592
12 246 17
164 246 551
48 107 165
162 229 688
100 158 84
164 170 760
141 162 837
43 263 307
237 238 918
107 114 236
224 232 19
138 231 167
90 141 64
132 249 96
138 141 212
163 234 507
141 186 275
107 170 1020
88 137 36
142 142 762
163 249 134
231 249 539
113 231 335
113 132 136
41 239 175
41 48 45
48 48 606
50 163 309
90 158 353
114 249 359
79 161 270
68 249 508
68 161 684
132 232 49
112 138 60
89 138 22
48 246 986
231 246 407
79 140 79
48 238 368
140 162 865
162 237 1849
162 223 6
68 170 523
162 249 147
43 141 405
4 236 12
166 236 270
13 246 330
85 181 2
43 114 49
56 132 88
163 164 640
170 230 603
113 161 365
75 262 260
48 166 70
90 138 98
42 100 8
68 239 270
141 163 473
163 229 479
161 246 793
68 262 45
50 68 368
13 162 163
143 145 2
4 186 40
79 246 139
90 143 75
90 125 132
186 237 567
158 161 175
142 263 341
79 236 80
143 234 100
50 234 139
144 224 13
138 233 259
137 229 445
170 237 912
1 162 71
229 239 171
41 140 57
48 163 718
230 230 445
79 186 497
146 239 1
246 246 358
138 179 49
211 249 354
246 249 407
161 162 1198
48 50 483
95 138 65
4 132 31
13 87 159
137 230 97
42 132 33
75 140 229
79 87 133
239 246 317
142 162 535
229 236 830
43 246 182
42 151 69
65 97 17
138 234 215
113 186 472
100 211 129
144 164 166
100 234 514
79 237 127
162 224 68
87 170 112
114 261 67
162 233 404
163 236 1248
43 262 247
132 239 182
170 234 1370
48 170 406
48 100 434
132 161 589
79 224 109
107 233 332
24 114 5
234 238 126
142 143 1317
143 170 113
143 237 585
87 246 79
142 262 264
141 143 184
50 239 250
238 244 73
141 224 22
148 234 152
140 144 24
40 255 2
50 161 298
137 246 72
132 141 151
12 230 38
138 198 17
75 236 1093
74 166 111
132 257 27
137 140 164
229 229 283
113 262 49
74 238 147
140 234 180
74 132 41
138 226 58
138 143 88
132 162 518
100 230 931
162 236 1227
141 239 489
13 142 67
13 107 70
107 112 8
166 238 739
151 166 540
140 140 476
68 144 184
68 209 28
61 132 116
48 249 152
138 169 6
125 132 90
113 158 312
90 90 235
68 137 133
107 158 124
151 262 76
100 186 452
224 263 17
151 234 30
28 138 13
142 246 367
79 249 405
137 261 36
79 143 31
42 238 76
148 162 85
113 164 306
143 163 478
161 262 251
158 239 50
114 230 118
68 68 537
113 141 67
50 158 52
107 164 381
162 186 1200
125 186 167
65 256 6
90 230 323
68 142 417
186 243 15
125 161 120
50 113 45
4 114 42
88 261 81
194 261 1
79 158 132
234 236 309
74 263 315
100 141 120
68 90 787
1 90 12
50 230 359
166 239 521
43 238 666
114 162 115
162 262 262
43 68 178
33 138 55
229 230 230
229 237 1230
140 230 160
100 144 125
138 263 194
138 138 312
138 229 214
113 229 91
79 232 110
148 170 109
50 238 129
140 179 9
161 231 345
42 234 17
90 132 106
113 237 239
142 231 74
19 132 24
75 141 278
141 151 93
144 231 290
50 186 269
90 211 226
13 50 54
92 132 47
164 164 231
79 148 320
161 211 277
132 170 438
132 244 34
68 229 96
107 246 219
170 224 124
74 141 104
132 219 138
1 43 11
163 262 143
224 234 111
42 42 88
229 249 55
4 161 28
246 263 54
186 238 149
7 7 100
100 132 274
82 129 9
100 261 107
142 230 769
143 263 137
68 237 284
144 163 110
144 238 13
13 230 230
43 230 602
107 239 57
162 181 16
48 256 3
186 236 360
113 138 100
13 43 41
74 138 71
107 145 12
138 186 212
162 261 123
13 164 125
158 170 109
107 224 137
114 158 169
113 114 333
1 164 43
43 138 120
138 173 13
138 162 789
41 246 19
95 132 136
162 163 860
13 263 26
79 256 15
79 263 55
43 239 801
161 161 918
114 164 154
79 231 246
93 132 388
93 263 2
87 138 163
28 132 184
140 142 437
137 236 111
181 229 4
143 236 556
162 230 829
87 263 20
140 161 573
75 224 6
107 141 229
237 249 134
90 237 210
74 239 68
7 74 6
42 74 102
88 132 65
87 231 280
113 232 55
33 107 11
66 261 24
170 229 636
7 138 107
68 114 222
90 114 258
145 246 6
75 237 517
4 79 139
4 138 28
138 244 60
100 233 205
79 179 6
138 239 233
107 151 21
132 132 837
132 197 80
1 141 7
137 263 108
90 107 425
48 143 573
68 79 259
79 261 74
107 238 67
75 142 148
79 137 365
132 146 52
186 246 882
91 132 19
238 262 284
42 138 37
148 163 55
48 186 731
148 239 22
48 88 36
170 231 210
90 239 117
75 151 214
87 249 77
166 244 66
87 148 78
48 144 80
107 234 598
40 132 39
79 107 622
79 209 43
137 138 67
48 233 140
163 168 3
163 263 214
74 237 139
138 142 226
43 100 223
82 114 2
10 132 248
12 261 13
138 140 191
233 261 42
114 144 137
114 237 112
132 134 72
102 138 9
79 230 127
4 68 30
41 107 12
107 142 111
138 224 36
74 168 24
140 175 10
13 88 121
113 246 251
88 230 79
68 78 3
90 163 213
4 113 95
151 163 85
233 233 118
42 116 43
166 263 51
50 137 27
78 144 2
107 161 511
138 164 450
137 237 210
17 138 31
41 161 42
144 233 57
158 246 394
236 246 211
129 132 59
36 138 22
48 237 408
132 181 158
87 162 139
163 238 404
33 227 1
33 163 18
239 263 464
107 263 132
186 224 87
50 107 42
132 262 113
50 151 53
100 166 25
90 232 24
141 249 51
141 231 67
43 229 182
164 231 197
145 237 23
140 233 387
141 194 2
43 45 15
113 256 7
143 186 150
230 236 488
74 142 35
13 79 78
152 166 103
148 164 83
68 162 353
163 211 168
211 231 373
161 166 74
162 226 26
125 211 81
125 246 165
132 171 20
113 148 147
66 132 28
132 235 4
138 232 21
106 132 19
25 138 55
116 235 1
41 116 54
230 239 544
37 132 65
51 100 4
75 107 46
220 236 8
68 186 650
42 263 39
33 50 3
88 231 135
88 170 66
1 125 21
70 138 81
88 229 20
1 231 42
24 41 84
113 143 44
88 224 13
68 140 70
132 140 99
1 142 27
125 230 68
114 140 50
48 232 10
137 164 286
166 166 242
24 142 157
24 75 61
68 138 246
107 143 41
1 87 27
90 137 161
166 246 29
100 138 311
13 100 101
25 132 94
17 186 11
170 263 232
170 232 29
107 162 547
48 114 68
140 229 789
12 50 5
75 166 116
43 75 194
107 230 172
87 239 13
138 189 28
65 113 8
140 246 76
170 246 391
7 75 7
162 211 124
143 143 431
164 239 136
50 170 118
129 260 23
82 82 10
138 145 75
24 263 41
112 137 25
50 142 367
158 249 285
161 224 60
138 197 11
1 79 13
65 255 11
148 261 68
88 209 40
209 211 36
36 79 4
45 80 7
211 219 1
164 186 619
61 148 2
140 163 330
49 141 6
88 162 80
100 263 61
148 148 80
107 113 439
68 211 240
82 157 4
112 249 2
50 229 43
132 260 34
141 164 178
66 211 13
142 233 119
229 261 21
138 144 48
4 159 1
132 220 8
7 146 51
107 236 214
90 162 197
148 161 128
140 186 311
144 170 164
141 211 34
179 229 6
1 100 39
158 230 128
79 229 181
229 233 424
170 233 393
100 236 191
142 229 258
127 195 1
163 232 17
25 261 11
88 236 22
39 90 1
52 138 15
100 114 78
43 43 527
90 209 11
54 132 9
13 148 49
144 148 136
1 170 43
113 113 216
113 234 716
114 170 231
132 200 21
234 262 96
79 238 49
209 237 15
43 140 270
26 67 1
50 138 61
50 141 58
162 263 363
107 262 105
233 237 340
114 186 237
90 249 581
170 261 85
142 261 43
189 236 1
132 228 13
74 186 22
75 75 342
113 140 85
87 87 52
129 143 4
132 139 34
45 113 32
66 88 9
209 246 14
137 262 86
13 231 518
13 17 1
162 239 314
186 186 188
144 186 259
29 75 2
88 211 45
88 249 21
68 261 142
4 261 17
42 142 34
140 224 44
185 263 2
100 229 141
230 263 93
75 89 1
143 166 139
239 244 66
50 100 193
229 232 20
224 262 8
43 166 144
38 157 1
67 100 1
93 234 2
132 252 34
33 161 25
230 260 5
133 210 2
138 246 196
137 249 105
132 238 142
68 143 199
43 158 50
113 142 82
49 132 74
125 237 36
211 233 48
24 166 135
87 262 19
125 262 10
137 231 71
45 79 49
100 142 280
229 246 84
42 162 15
13 48 133
138 238 170
45 148 33
163 209 24
137 161 233
49 238 2
134 138 13
143 162 153
145 193 30
116 125 1
158 164 105
232 261 24
87 140 63
113 230 191
101 132 17
158 186 224
75 186 71
140 231 62
116 138 42
13 158 211
158 234 344
166 237 137
76 132 69
146 230 4
48 239 709
25 162 9
142 249 86
48 231 193
138 158 64
43 89 1
211 261 136
74 212 1
249 256 7
143 161 311
141 261 24
90 142 137
137 158 30
13 186 218
43 261 33
4 256 2
132 149 25
74 152 36
4 263 8
186 262 116
161 228 4
42 79 5
107 138 164
13 163 163
125 158 148
226 260 37
233 262 126
75 100 37
159 233 1
186 256 17
100 140 145
66 107 6
125 234 186
45 87 70
138 261 145
90 144 134
125 232 15
90 151 19
148 246 90
151 244 45
116 144 3
36 132 43
50 144 25
13 211 162
144 230 191
87 229 25
87 133 2
13 236 36
24 233 5
7 43 7
7 226 57
100 125 58
24 137 9
140 239 362
48 181 3
132 210 22
262 262 313
140 212 1
75 234 40
148 188 2
162 164 647
158 263 12
132 234 188
164 229 222
238 261 11
88 148 51
161 232 33
17 90 2
164 209 25
146 226 28
1 148 12
65 234 14
45 65 10
116 238 79
41 263 49
132 201 16
90 145 6
45 186 47
45 68 38
151 246 54
237 246 322
13 239 30
113 239 61
118 138 1
160 224 2
100 232 17
24 239 359
132 243 28
43 151 212
145 238 2
143 238 1120
1 230 110
132 211 73
50 164 83
45 237 20
181 239 7
107 232 55
50 236 105
7 68 6
170 260 5
42 230 12
100 164 354
90 164 406
132 205 58
100 143 113
65 132 80
13 132 137
170 262 175
231 239 62
1 163 84
48 158 127
79 262 58
4 90 33
164 249 216
138 151 77
138 211 67
45 161 47
13 45 40
13 138 161
220 238 12
97 225 3
49 97 13
41 142 118
48 87 42
179 236 5
132 203 70
12 231 32
12 48 28
211 246 211
50 62 1
79 211 251
7 163 25
144 144 74
113 249 560
113 163 157
33 144 22
87 142 18
144 237 117
116 161 12
114 211 150
1 161 98
244 244 57
215 236 4
49 144 6
74 234 14
43 79 64
48 141 172
129 138 331
238 257 1
66 246 9
66 162 15
144 162 114
80 132 79
121 138 15
42 107 3
162 231 222
24 246 28
4 158 7
113 137 185
114 143 25
148 230 75
7 229 16
140 148 26
79 125 95
100 249 166
100 237 360
133 138 10
161 256 16
68 166 29
92 138 42
87 163 57
66 231 26
13 113 107
100 137 151
48 148 43
114 238 24
145 211 3
100 231 170
41 242 2
170 211 177
45 144 43
132 188 38
97 190 1
114 246 140
13 125 108
41 141 44
79 163 100
148 236 25
239 249 54
132 215 119
83 141 4
97 132 79
45 88 37
191 256 1
148 232 50
88 234 48
125 231 252
151 243 15
41 152 67
85 132 16
31 230 1
87 186 161
234 261 111
235 247 1
41 238 254
97 138 29
114 138 41
80 138 42
68 148 107
48 137 106
125 163 51
87 161 143
132 198 37
33 49 8
80 113 5
76 144 1
132 226 155
100 113 139
88 140 47
100 239 172
68 151 50
45 45 19
48 75 77
24 236 150
88 239 25
209 263 7
162 198 3
100 238 102
43 233 100
65 90 3
130 132 197
230 233 256
68 236 163
24 68 17
186 189 12
151 211 4
113 224 64
148 256 20
148 233 51
24 162 8
24 237 65
141 158 24
1 233 20
100 224 23
125 224 3
52 141 1
67 237 1
161 209 51
198 249 1
239 243 38
13 232 21
91 195 1
163 166 70
33 52 41
45 141 11
33 162 23
209 209 16
162 238 213
79 239 44
20 244 1
158 163 121
233 263 168
48 51 1
68 238 135
7 140 23
163 258 1
88 164 55
146 223 11
209 233 11
45 93 1
209 231 93
18 186 1
163 261 89
158 237 107
27 132 2
52 66 3
88 163 35
68 158 335
230 238 240
1 238 8
160 233 1
13 114 78
161 181 9
148 237 42
74 262 128
144 158 138
88 107 55
80 231 4
24 116 25
116 239 55
132 258 20
87 100 63
142 234 213
75 226 6
75 223 9
1 107 15
41 42 191
24 230 20
39 132 54
231 234 444
97 230 5
132 145 187
13 234 166
132 166 90
112 186 17
194 249 1
68 88 44
93 230 7
166 186 62
132 216 195
143 233 32
132 261 148
50 125 19
17 161 9
50 237 112
90 233 72
75 161 168
7 223 46
232 234 66
142 158 74
138 146 44
211 256 8
160 263 2
29 132 17
211 236 55
140 145 21
107 209 26
13 229 34
140 164 126
74 226 3
141 246 84
140 151 61
56 138 17
43 144 58
230 232 16
33 261 13
65 162 12
151 161 92
161 217 14
24 100 13
138 203 3
211 232 36
75 148 11
158 194 1
14 209 5
31 236 1
209 236 12
72 138 6
142 144 41
87 233 62
36 43 1
107 163 195
160 237 1
45 249 33
144 239 28
13 65 12
43 88 21
79 100 110
24 43 50
113 125 149
68 141 103
45 142 8
140 209 20
211 239 37
43 234 175
213 230 3
13 67 1
79 164 238
137 238 65
148 158 54
142 145 16
1 239 17
52 239 3
140 143 137
4 232 23
196 211 1
13 261 90
41 186 33
75 229 58
13 237 84
41 87 9
132 202 26
87 137 71
41 74 272
79 97 13
33 141 7
33 132 83
164 263 71
151 186 52
91 144 1
170 239 189
24 50 13
24 143 91
114 161 179
144 232 48
24 244 25
50 143 274
12 68 21
75 259 1
211 263 24
116 237 17
113 165 3
217 233 5
80 236 3
211 255 6
141 226 26
87 90 35
87 145 9
148 224 22
88 186 69
97 186 14
1 144 10
87 261 102
1 68 31
137 239 55
170 238 123
151 229 27
63 76 3
82 226 17
132 209 64
200 238 11
42 236 78
167 246 1
163 163 333
111 132 1
48 145 22
224 249 27
42 246 7
209 230 38
90 161 352
100 262 39
186 255 27
114 166 7
226 237 43
68 87 86
114 229 50
7 164 19
33 140 29
75 239 199
45 100 33
233 239 71
50 50 106
75 138 74
161 189 2
224 246 12
48 236 343
114 114 71
151 152 52
141 166 54
233 249 69
236 249 82
113 162 192
151 170 34
33 237 24
114 262 23
68 263 67
42 186 24
144 209 51
100 100 167
37 161 4
13 144 101
41 143 39
74 143 25
231 236 87
4 234 62
116 244 45
4 142 7
148 263 20
87 234 100
87 112 6
50 231 55
229 231 52
143 262 100
97 262 1
106 138 10
75 246 36
13 255 5
137 209 16
146 237 19
15 132 13
197 238 1
41 166 216
166 170 22
140 211 39
93 224 2
95 163 7
50 87 16
144 229 43
98 132 17
144 262 28
166 168 3
75 168 19
75 163 81
89 89 11
67 138 2
166 233 20
158 236 54
75 129 4
7 230 12
74 164 10
1 186 28
13 90 117
132 213 3
203 219 1
143 164 73
48 229 164
48 79 118
97 164 8
7 170 20
33 249 21
114 132 69
52 132 26
209 261 31
209 255 3
151 237 230
45 231 77
166 262 28
24 231 3
170 195 5
152 263 5
48 224 15
28 28 3
90 229 85
43 66 4
3 136 1
87 164 87
87 144 104
161 198 2
33 211 13
41 138 56
20 37 1
142 224 11
79 257 1
16 138 12
170 179 3
114 137 107
43 137 33
48 113 118
1 48 56
100 220 2
50 90 129
137 142 80
74 233 15
45 163 13
146 233 8
82 258 1
143 244 27
116 168 3
82 138 17
26 163 3
68 125 150
74 246 7
72 100 2
100 244 11
108 150 1
43 211 57
48 140 149
80 141 2
49 162 5
14 88 6
260 260 27
211 262 11
166 230 65
1 234 26
138 157 9
145 229 28
16 132 22
79 88 70
88 144 34
74 100 18
66 138 20
8 179 1
132 160 31
42 182 1
43 152 14
138 220 20
43 170 217
65 144 22
122 132 8
100 151 34
43 249 51
93 236 5
125 236 23
24 163 27
24 243 2
114 189 1
25 230 3
24 186 16
113 243 4
65 138 75
181 217 1
42 237 47
100 182 2
211 211 74
138 243 38
113 263 28
4 239 4
4 194 1
107 140 161
87 158 57
18 61 1
74 170 33
45 67 2
1 158 26
90 100 368
69 247 2
7 162 8
151 263 130
138 181 68
41 136 5
14 246 1
61 138 47
170 256 16
68 152 7
100 165 1
41 229 13
112 230 9
33 88 6
71 138 3
7 132 81
66 114 6
158 158 82
237 244 25
244 249 5
1 261 36
14 132 68
162 209 39
132 259 9
1 13 37
42 43 29
138 252 16
87 114 70
232 237 20
179 263 2
107 260 12
231 237 133
61 162 2
140 226 20
138 255 59
164 244 8
13 66 15
66 256 3
161 255 16
50 209 5
1 24 4
41 147 1
135 192 2
28 218 3
146 229 17
186 202 4
43 125 16
114 141 33
69 100 2
75 152 20
41 43 125
65 88 11
33 66 20
1 151 5
100 181 10
48 125 58
10 263 2
42 166 78
138 194 4
100 107 205
158 162 68
147 234 1
226 229 19
48 193 7
45 246 21
79 93 1
42 163 15
33 45 15
132 177 15
45 132 25
132 224 35
75 233 41
164 262 54
65 66 13
33 33 20
56 82 4
57 83 1
4 107 64
48 82 5
97 210 1
77 132 9
138 166 87
37 186 7
145 164 22
62 226 1
4 164 24
43 226 4
114 142 46
216 216 22
70 132 29
93 238 5
134 141 1
70 163 4
132 165 44
125 166 5
42 152 36
75 170 63
87 230 97
80 186 10
17 261 7
45 170 33
138 188 20
33 170 27
4 116 1
87 88 56
1 132 22
134 234 1
126 138 1
74 79 14
146 146 44
1 45 3
213 244 2
26 76 3
66 148 12
67 231 3
151 230 53
141 168 4
33 65 7
106 188 2
6 132 5
96 138 1
179 226 14
1 246 42
224 224 9
69 241 1
13 137 38
4 144 49
127 223 1
1 236 17
97 231 4
163 243 6
132 196 56
48 61 18
132 155 37
177 234 1
43 74 66
148 231 128
67 137 1
97 181 12
158 233 27
237 260 15
114 239 30
45 107 32
45 211 28
12 186 12
107 166 19
202 262 5
107 181 9
25 181 20
140 244 20
173 192 1
152 239 45
95 229 7
93 164 9
107 231 175
166 247 8
88 233 26
138 209 60
148 229 39
148 249 111
10 170 15
83 196 2
24 138 16
87 97 9
215 249 1
24 132 32
87 236 44
14 68 10
257 257 1
50 162 184
1 137 4
12 164 11
57 132 1
42 140 19
82 83 6
4 45 22
125 164 78
58 132 2
152 238 67
40 52 8
87 113 78
132 190 7
223 263 5
129 237 12
140 249 54
7 48 7
24 74 60
48 151 121
50 114 28
7 173 4
106 164 1
246 254 1
7 179 56
48 152 15
88 125 20
88 263 27
35 132 10
45 233 11
24 141 34
4 140 25
137 232 59
31 32 1
3 254 1
65 161 11
116 142 46
72 188 2
249 255 4
255 256 12
50 211 24
143 260 4
83 260 7
114 148 121
144 255 21
114 163 102
83 132 12
12 87 14
45 229 12
138 152 9
125 162 45
89 132 68
164 238 79
114 233 61
66 170 10
145 163 13
223 223 36
231 263 35
7 193 42
45 137 20
142 200 7
138 235 6
56 164 1
14 113 5
52 113 2
88 217 2
87 256 13
7 161 20
137 144 57
97 234 13
140 260 13
48 243 9
129 129 22
42 69 3
66 87 18
25 33 23
14 162 5
12 114 1
56 170 5
11 141 1
217 236 4
12 49 1
135 138 22
68 224 24
35 162 5
179 179 9
25 90 10
236 261 25
70 236 2
17 17 5
124 132 43
117 132 9
256 261 5
168 186 5
152 237 14
145 226 30
13 75 5
142 152 21
90 238 60
132 157 59
220 241 2
66 164 10
68 145 11
48 129 11
10 216 3
4 75 13
13 141 37
148 238 12
132 256 72
1 237 16
48 244 26
123 230 1
70 142 3
170 202 13
23 132 4
25 79 9
66 234 21
224 239 13
41 68 19
87 89 3
127 262 2
89 246 1
231 260 6
41 244 25
164 202 2
35 177 3
114 209 8
129 229 4
137 143 23
140 223 20
39 138 8
88 237 30
78 263 1
78 78 2
39 186 3
74 140 113
56 163 4
7 145 20
161 226 25
107 258 4
88 100 40
75 90 17
233 238 58
141 169 2
138 222 1
50 140 33
134 230 3
40 61 3
166 234 27
164 232 31
166 229 17
45 72 1
125 144 75
227 229 1
14 87 2
132 173 11
141 144 33
1 229 10
42 148 3
69 163 2
24 140 24
14 231 6
125 148 52
33 234 23
149 155 2
25 186 26
197 263 1
91 209 10
74 162 29
127 230 2
17 79 6
134 238 2
142 223 1
49 65 4
138 228 7
75 113 14
113 261 77
147 232 12
66 158 2
33 37 3
116 262 5
138 175 10
237 261 36
132 254 5
132 180 20
12 79 8
75 231 17
127 163 2
107 255 7
128 239 1
113 166 8
194 238 3
140 165 5
89 100 4
88 158 21
33 231 69
138 260 73
82 179 2
25 66 10
50 249 63
138 223 158
66 255 7
75 87 10
33 158 3
137 173 2
74 116 20
50 166 17
40 138 18
40 231 11
76 223 1
75 147 3
88 178 8
145 179 10
69 69 5
41 163 32
90 244 13
1 262 4
131 143 1
97 232 1
66 68 7
12 249 5
13 25 5
45 140 15
142 211 57
12 33 3
125 137 25
33 210 1
108 234 2
61 186 7
49 107 6
109 237 1
138 202 13
76 142 6
170 193 1
68 74 8
111 161 1
74 126 2
33 142 12
20 132 3
33 239 5
45 164 45
48 60 1
36 61 2
12 142 5
142 202 1
174 238 4
141 146 15
25 225 6
124 164 3
135 161 2
162 256 8
25 163 4
4 87 24
61 61 12
75 137 39
68 75 32
48 89 3
170 189 7
25 126 1
33 68 9
161 258 1
39 48 2
95 141 10
92 170 6
35 138 2
90 236 89
42 239 48
45 234 29
12 211 6
4 148 67
68 232 25
170 217 9
63 132 27
13 74 2
45 232 15
4 224 13
181 237 8
62 132 27
45 138 33
4 233 10
148 196 1
94 244 1
107 116 3
95 237 11
140 191 3
50 88 13
238 246 179
87 125 46
47 236 1
75 158 2
141 165 1
75 88 9
65 114 6
141 257 2
13 262 10
43 90 71
61 170 4
186 209 47
66 161 17
52 186 7
211 224 12
10 100 1
186 223 5
125 239 22
89 161 4
13 140 56
75 94 7
48 198 4
138 180 1
86 131 1
50 181 4
49 138 40
42 244 24
87 129 1
13 24 3
12 262 2
24 262 17
41 230 32
45 239 7
162 166 33
49 68 7
163 208 1
116 163 13
66 144 16
37 66 1
14 75 10
87 141 30
136 136 6
74 125 3
88 238 7
226 226 100
148 226 2
7 202 6
244 263 13
97 161 8
4 238 3
90 224 30
45 263 3
41 214 1
195 231 12
132 175 15
232 246 11
87 237 54
25 144 11
181 181 37
217 249 1
90 196 3
224 230 16
33 209 9
90 260 1
17 140 12
236 244 32
145 162 29
236 243 11
132 192 11
125 138 57
181 195 3
151 162 42
189 234 5
230 247 3
107 210 2
41 137 10
66 209 4
45 48 35
87 232 52
231 244 8
97 158 4
137 217 9
49 217 2
194 236 14
75 143 75
186 260 5
52 231 13
48 97 5
74 208 5
22 132 15
47 48 1
50 243 2
200 263 3
49 211 10
243 246 2
45 158 13
87 160 2
95 137 5
126 170 2
152 246 8
157 230 10
146 147 3
193 226 9
87 209 42
36 186 2
223 226 21
79 129 6
75 116 15
10 262 3
202 202 2
202 263 5
133 190 1
80 161 2
164 224 41
140 181 13
90 140 67
17 231 2
37 232 7
50 116 5
86 138 2
132 182 7
138 168 11
20 158 1
26 132 21
12 65 1
143 231 68
45 66 11
127 132 5
113 181 6
79 145 6
93 138 23
10 230 11
171 242 1
45 209 22
33 230 13
186 193 11
173 263 1
70 82 1
137 247 1
63 260 1
79 151 17
114 224 27
170 181 15
145 249 2
14 123 1
67 227 1
138 219 4
83 186 3
100 209 22
83 179 2
217 263 3
163 244 23
146 262 3
148 259 1
116 162 7
107 202 4
24 152 15
1 249 10
186 228 5
33 87 21
114 255 8
42 231 5
4 231 34
25 217 3
164 260 4
159 168 3
45 162 31
163 256 8
48 262 72
53 132 9
66 230 19
37 63 2
43 194 2
125 238 12
100 148 48
144 181 7
112 234 14
193 229 10
116 116 30
112 145 8
72 170 1
75 81 1
74 247 4
186 219 1
151 164 23
10 238 3
161 196 5
162 255 17
52 211 4
100 243 6
243 244 34
186 244 23
129 226 13
82 260 9
112 161 18
79 181 9
132 152 7
139 226 4
220 244 1
125 142 19
140 146 15
193 252 1
10 162 10
61 113 5
93 237 3
45 125 16
28 42 3
55 132 15
36 170 1
42 223 3
17 25 6
9 132 14
82 142 4
7 141 28
121 249 1
4 137 43
42 235 2
138 160 20
194 229 2
112 237 8
26 113 3
25 74 12
65 209 6
230 256 6
174 247 1
181 225 2
142 168 2
65 158 3
70 230 5
65 232 4
226 233 15
87 106 3
239 261 17
179 233 3
88 141 23
80 80 5
143 241 1
68 97 10
141 244 12
53 129 1
224 229 24
158 224 10
4 141 18
123 155 4
89 261 2
146 162 18
116 132 30
162 202 5
151 168 3
69 74 4
97 148 11
226 230 22
90 227 3
195 230 3
132 133 21
12 161 21
95 142 3
21 132 15
127 239 16
231 238 43
140 243 12
7 232 8
33 90 13
161 193 4
142 193 1
145 148 3
132 195 13
62 138 7
132 159 6
25 234 14
41 125 6
168 236 6
79 255 23
10 68 4
230 262 72
33 97 15
14 91 2
162 193 1
113 151 13
146 179 32
107 125 60
24 90 8
50 263 21
100 247 3
137 146 4
13 151 10
230 243 14
42 164 7
43 112 4
33 40 23
79 188 1
126 236 8
125 261 60
159 244 2
152 163 5
88 138 74
13 119 1
223 233 5
129 179 8
79 106 1
16 171 1
91 186 1
37 211 2
223 252 1
70 125 2
7 237 34
25 97 13
52 181 19
232 255 6
223 234 4
12 88 3
119 238 2
106 238 3
116 236 20
129 163 3
116 246 11
113 209 25
125 170 76
144 202 1
144 145 5
4 12 1
134 162 4
24 135 1
7 70 3
236 241 2
25 140 11
52 237 4
12 239 3
158 238 37
48 210 4
52 170 6
137 256 11
28 134 4
41 50 15
106 231 3
161 195 4
25 195 5
41 170 17
125 223 2
42 247 14
138 185 3
36 230 2
209 234 26
43 97 4
127 140 1
136 142 2
102 132 13
143 211 26
40 158 5
4 246 8
179 205 1
83 226 10
70 75 1
118 141 1
157 157 8
140 232 25
82 229 8
90 190 1
71 132 23
45 227 3
37 43 1
87 255 7
88 262 14
215 230 8
191 218 1
4 229 17
132 222 13
50 262 17
168 263 3
113 255 9
223 238 3
41 119 3
36 68 1
224 233 44
71 137 3
12 113 2
45 195 1
13 233 58
4 4 13
226 232 3
123 161 2
80 217 1
90 263 34
132 179 28
151 231 8
188 263 1
197 197 14
29 107 3
202 233 6
113 238 38
131 132 18
35 137 4
224 231 16
205 229 1
32 148 1
141 145 17
213 229 2
45 224 7
225 256 2
232 236 16
95 121 2
21 33 1
82 146 4
76 225 4
50 261 24
209 247 1
79 254 1
87 243 3
42 136 8
75 249 6
4 100 15
79 124 1
137 226 9
145 230 17
121 132 24
101 138 7
42 233 8
141 248 2
79 152 2
232 232 20
82 186 4
33 186 16
158 209 10
141 152 8
14 161 4
71 181 1
71 74 1
93 162 6
72 79 7
49 234 10
61 158 1
45 256 4
12 229 3
76 222 7
25 189 3
4 170 52
125 146 3
119 229 1
119 119 2
121 262 1
148 255 15
133 211 1
75 247 5
22 90 4
143 144 19
118 233 1
211 257 1
66 249 10
129 196 3
158 181 6
7 260 18
146 163 4
162 179 8
48 209 10
138 257 11
98 234 4
89 211 1
202 230 7
24 129 1
132 178 9
95 140 14
42 161 25
116 127 6
224 237 33
179 193 23
137 188 9
116 186 18
87 143 10
144 195 2
65 233 11
261 263 13
40 170 9
164 166 15
31 263 1
145 234 16
83 170 2
65 186 33
138 227 4
64 132 20
167 237 1
88 114 13
181 230 8
35 68 1
18 41 2
135 137 2
100 223 4
89 125 4
143 249 36
52 88 1
25 49 8
74 229 38
95 100 2
106 236 1
82 237 6
100 102 1
144 263 26
61 100 6
74 243 4
82 173 4
125 141 15
87 226 4
143 146 2
12 163 9
68 200 3
18 200 1
233 252 1
48 226 16
116 247 8
192 197 1
181 228 5
74 230 23
132 135 35
40 211 5
162 257 3
4 163 12
197 262 1
88 245 1
209 232 24
129 148 2
186 232 27
119 168 1
138 225 23
28 161 4
25 249 4
132 227 15
231 243 6
66 141 1
100 195 2
25 161 3
88 246 44
220 230 4
26 244 1
148 209 38
148 151 5
237 255 17
46 138 2
116 234 9
164 226 20
50 74 8
143 158 33
25 48 7
35 115 3
49 186 11
189 195 1
100 191 1
20 138 9
33 262 25
74 114 6
141 202 10
33 79 15
82 170 3
181 234 11
151 233 9
140 166 43
89 140 6
138 153 2
164 225 1
93 145 3
186 210 3
15 138 18
93 113 2
63 231 1
41 158 3
256 260 1
22 22 7
74 137 22
90 130 1
107 189 9
142 232 11
18 47 1
47 47 3
72 132 17
10 164 3
129 161 16
25 236 7
33 263 7
90 205 1
69 107 12
97 144 9
113 116 2
17 188 3
49 145 1
142 148 19
113 146 2
170 226 16
28 230 4
151 158 9
25 233 3
90 146 3
24 42 27
146 161 10
78 186 1
107 168 3
1 114 4
132 185 8
80 225 1
52 54 6
17 164 4
112 163 6
42 45 4
146 260 6
116 230 16
74 244 16
183 231 5
112 140 15
126 263 1
100 123 4
48 116 23
33 233 14
129 145 4
65 79 16
132 174 6
91 138 12
209 229 14
36 141 1
100 145 17
146 170 9
247 247 6
42 119 2
39 100 2
216 263 2
163 226 11
49 237 3
142 157 2
112 144 9
43 87 13
62 186 2
216 231 1
82 233 6
162 225 6
34 231 1
38 86 1
223 239 3
83 138 21
90 261 57
7 100 10
131 163 1
13 260 1
10 48 6
148 244 6
41 79 9
138 195 4
79 226 16
162 196 2
144 256 17
90 226 4
13 35 2
220 239 2
33 181 13
200 237 1
246 262 35
109 170 1
37 170 4
17 189 4
74 169 2
148 243 3
25 262 3
50 224 2
88 97 3
190 232 1
55 89 2
79 112 12
146 263 3
163 179 5
179 234 3
71 231 4
48 49 2
40 106 3
141 219 1
25 148 7
66 137 3
52 148 6
52 228 1
4 162 26
50 244 10
170 208 1
249 263 18
50 148 10
75 250 2
4 48 11
1 223 1
17 114 1
79 189 2
91 142 2
160 161 3
4 262 4
143 223 1
68 244 16
137 255 8
13 52 5
228 229 1
49 164 3
152 244 27
211 229 47
95 246 3
167 238 1
95 186 4
181 231 18
193 237 5
138 258 5
166 243 15
226 231 6
51 62 1
117 129 1
146 186 8
137 260 5
70 70 5
138 216 6
68 146 4
138 212 4
202 229 13
80 100 1
157 164 2
232 262 8
13 97 4
43 244 13
52 97 5
138 177 5
100 193 3
114 260 1
53 138 7
66 91 4
65 163 8
43 256 3
141 148 27
113 260 1
137 235 4
50 79 29
33 255 6
132 242 5
45 236 9
88 113 26
202 215 2
36 100 2
97 256 4
33 106 4
186 227 3
146 236 3
67 87 2
33 114 17
47 166 1
83 237 1
7 239 4
196 260 2
35 61 8
97 141 1
70 260 6
129 192 1
141 209 12
152 230 5
196 226 3
140 198 5
146 173 2
100 213 1
169 243 1
145 239 8
66 181 5
181 261 13
211 226 1
163 224 12
232 249 24
71 91 2
7 129 20
28 82 3
4 226 5
226 246 4
141 260 8
18 133 1
41 215 1
232 256 11
72 158 1
145 233 10
4 145 7
65 100 9
49 148 8
42 125 1
140 158 29
90 152 4
25 229 3
12 25 1
68 122 2
216 261 10
68 235 2
129 193 2
82 161 4
163 181 5
45 151 4
37 79 3
7 117 1
40 181 13
61 107 12
152 161 4
200 244 1
226 263 7
71 186 1
153 186 1
152 243 7
64 138 8
143 232 4
226 239 10
40 233 2
138 171 18
47 69 1
132 193 10
145 170 21
45 61 3
161 202 7
202 237 9
88 90 13
7 107 9
25 170 14
43 215 1
148 166 5
112 170 9
114 263 30
181 246 6
73 132 6
67 246 2
148 181 3
52 164 3
61 236 2
37 226 2
52 90 2
49 181 11
50 65 3
127 238 9
95 197 2
65 229 5
107 226 12
65 87 9
129 137 11
48 74 19
40 186 7
66 143 3
112 233 5
112 226 9
252 261 1
52 261 2
25 239 2
25 43 2
128 138 1
151 254 1
33 246 9
237 247 1
10 79 3
52 79 7
159 263 1
160 170 3
255 260 1
91 155 5
1 113 14
127 236 2
142 243 30
112 232 3
7 82 9
143 243 11
65 142 2
50 130 1
147 231 1
161 179 4
65 246 5
194 237 5
194 247 1
144 220 1
22 143 2
33 164 19
147 213 1
167 213 3
226 249 4
24 24 30
65 148 13
114 151 7
32 81 2
87 181 13
75 244 20
68 112 12
152 236 8
74 144 4
55 229 1
130 237 2
41 262 22
170 257 3
241 246 1
17 246 3
4 211 28
13 181 11
215 231 1
24 164 7
42 114 2
74 107 19
89 186 12
237 256 9
125 140 19
129 170 7
90 106 1
61 234 5
33 236 11
142 146 8
93 142 2
145 202 3
65 65 17
75 182 2
100 188 3
95 135 3
127 141 2
33 238 3
95 193 3
1 50 8
28 239 1
38 132 23
145 260 3
40 232 1
24 249 6
49 231 17
159 186 2
75 144 9
49 137 5
66 186 6
41 113 8
50 75 16
97 163 4
25 45 8
66 125 1
83 230 2
233 248 1
215 224 1
113 252 1
42 48 30
209 238 1
76 149 2
132 183 1
139 139 2
7 79 3
40 144 6
25 231 20
168 262 4
194 263 5
52 114 2
76 117 1
4 209 9
119 230 1
45 49 5
158 262 15
129 162 14
66 113 13
138 247 7
138 147 2
68 223 2
244 246 7
90 217 2
158 255 2
12 42 1
231 255 11
33 113 24
18 140 2
56 162 6
123 123 6
74 220 1
82 164 6
90 166 12
95 134 9
39 76 12
56 233 2
25 237 7
74 252 1
69 263 4
181 249 7
12 40 1
97 97 18
230 255 6
40 161 7
161 221 3
61 246 2
66 97 9
85 188 3
161 260 16
90 188 4
162 217 1
129 141 5
102 237 5
11 33 1
42 68 11
106 263 2
82 107 5
229 256 3
138 218 2
152 211 1
98 138 15
66 100 3
65 225 4
107 256 9
224 225 1
146 193 15
145 160 1
36 90 1
49 114 2
41 249 5
249 262 28
239 247 1
33 129 1
246 255 4
80 237 4
140 261 19
92 100 3
145 263 5
65 238 4
79 80 5
65 249 4
125 233 12
65 152 1
100 190 1
100 218 2
41 120 1
7 263 5
93 233 2
107 247 1
151 216 1
28 87 3
41 164 13
147 170 1
40 137 6
43 260 3
17 74 3
37 90 1
211 244 1
26 239 2
52 137 3
123 132 23
17 163 3
65 107 12
52 144 5
190 261 1
215 215 2
211 217 4
243 262 7
29 246 2
163 202 2
179 202 1
36 48 5
79 260 4
148 168 2
42 94 2
48 93 7
170 223 7
25 54 2
60 78 3
141 235 1
49 161 12
165 165 7
125 263 9
33 195 4
33 62 1
13 238 29
10 158 3
33 61 4
66 142 4
33 256 7
239 255 4
41 162 21
181 232 1
41 234 11
40 209 2
179 186 8
33 229 11
224 238 6
232 233 22
4 243 1
153 243 1
80 107 6
82 230 11
68 257 2
107 152 3
72 148 1
138 254 5
4 80 1
95 230 3
95 233 2
197 215 3
152 213 1
54 164 1
25 263 4
74 194 5
13 256 4
40 40 9
17 148 3
41 209 1
142 181 6
164 182 1
61 237 2
1 209 5
65 145 1
41 211 5
33 148 6
186 198 1
127 243 6
132 168 11
13 33 11
41 148 1
26 237 7
25 211 6
225 249 4
21 138 3
35 237 1
7 83 4
50 145 1
144 217 1
49 126 1
128 132 1
116 141 8
140 255 6
7 13 1
52 68 1
131 138 12
43 181 1
137 189 5
225 233 3
52 246 5
70 141 3
79 202 2
8 75 1
168 233 2
132 225 45
144 257 1
33 137 13
97 229 2
12 232 3
189 211 4
163 189 3
33 116 2
25 246 5
25 75 5
45 181 6
107 188 7
100 226 12
111 111 1
10 145 5
48 216 3
12 43 10
232 239 7
25 107 9
17 107 4
68 116 9
196 231 2
12 138 4
90 262 20
75 114 9
144 160 1
61 90 5
42 143 16
52 87 5
1 33 1
65 236 5
158 244 2
33 189 6
138 182 5
25 106 3
166 223 1
124 150 1
50 228 1
151 249 13
70 173 2
129 263 2
45 50 6
74 161 31
11 132 7
42 229 6
112 255 16
116 263 10
243 249 4
41 168 7
133 246 3
65 263 3
82 193 2
4 95 1
143 220 3
229 243 4
28 93 1
93 170 13
50 257 1
132 154 3
112 112 7
145 196 2
68 181 8
75 93 2
148 262 12
65 230 4
43 243 10
226 227 1
40 141 2
17 100 7
1 74 1
40 87 3
56 231 3
74 148 7
42 88 3
140 194 1
39 254 1
17 48 2
10 243 1
80 238 6
10 10 7
90 215 3
100 215 2
42 167 1
17 112 2
88 190 2
93 141 2
190 233 1
70 186 6
87 130 1
145 186 18
13 227 2
88 88 17
163 213 1
179 249 2
226 261 3
145 262 3
152 152 22
141 179 10
108 132 11
35 48 2
138 178 6
7 25 1
23 138 1
49 79 3
116 170 6
28 95 4
93 93 6
90 93 4
93 143 2
74 215 1
215 218 3
37 148 1
132 217 8
93 166 4
93 244 1
74 93 1
128 128 1
130 141 1
65 239 3
236 260 4
130 230 2
194 262 2
132 250 4
112 148 8
40 88 4
129 234 4
125 209 18
18 69 1
224 236 25
69 166 2
78 209 8
26 26 14
229 244 9
25 25 8
217 217 1
260 263 2
20 208 1
14 261 4
4 17 1
76 231 5
33 125 3
61 188 7
75 232 7
36 114 2
123 165 3
88 168 2
87 195 6
40 189 2
49 75 6
37 68 2
89 149 3
260 262 2
100 152 7
1 224 3
217 246 3
28 140 1
164 196 4
76 138 6
28 164 3
75 188 1
40 261 6
219 250 8
234 244 6
32 219 10
140 213 4
142 240 1
116 193 4
69 236 5
243 243 11
12 144 10
148 217 3
173 186 6
217 256 3
7 12 1
162 244 15
155 222 2
3 132 7
108 171 1
18 138 6
7 233 10
138 193 12
42 101 1
140 160 4
196 233 1
138 248 3
26 246 2
13 219 1
12 45 4
140 256 4
39 181 3
10 87 1
75 91 1
9 191 1
132 169 1
1 4 3
65 217 3
134 134 5
225 231 3
17 225 2
35 161 3
40 107 4
113 202 1
144 151 3
195 241 6
75 127 1
101 191 1
72 230 9
43 129 3
167 234 1
231 262 30
112 162 12
132 194 5
88 250 2
181 211 3
51 248 3
170 227 6
68 255 3
217 234 3
33 43 8
125 188 2
132 156 2
40 54 3
161 197 7
22 89 2
19 121 1
16 101 2
1 140 5
130 202 1
220 229 4
127 220 8
166 249 11
25 136 1
28 144 1
42 170 14
140 193 5
56 87 2
80 157 2
179 189 1
163 216 1
65 137 11
12 107 3
45 143 4
66 79 10
45 247 1
177 236 1
185 244 2
216 236 1
202 236 2
55 65 1
124 138 1
118 132 1
106 233 2
88 181 5
137 213 2
80 255 2
52 162 4
92 196 2
52 161 8
128 261 1
193 202 2
49 209 2
186 225 7
82 234 2
68 106 8
72 90 15
230 244 15
149 168 1
61 249 1
138 190 4
48 260 6
49 49 6
141 223 7
117 205 1
69 75 6
25 61 7
88 143 11
25 87 10
41 247 7
145 231 5
10 114 1
216 262 2
4 13 14
51 90 2
116 233 2
83 231 8
40 125 1
17 45 2
43 224 5
60 203 1
102 231 1
136 141 1
48 65 7
166 193 1
107 235 1
125 125 29
97 117 3
40 97 5
8 132 2
42 90 15
69 113 1
170 255 18
116 261 2
163 215 4
107 196 3
157 196 2
181 186 26
113 188 2
239 256 2
36 162 1
138 208 8
189 209 1
163 254 1
97 162 6
151 235 2
67 132 7
127 142 6
87 124 5
116 137 2
34 97 3
74 90 8
17 113 4
93 134 2
226 238 6
75 211 3
137 196 3
138 213 2
37 61 4
75 125 3
51 141 7
170 178 13
246 257 3
32 138 3
90 203 1
143 165 1
81 174 1
68 127 5
128 213 1
213 231 7
28 100 3
62 246 3
222 234 3
195 195 10
115 138 1
39 107 3
227 234 1
7 116 1
173 226 2
234 256 13
190 234 1
90 116 4
209 228 2
130 186 2
106 225 2
135 236 5
140 152 8
7 41 2
66 237 6
49 140 3
76 239 1
102 144 1
65 68 8
50 252 1
39 61 4
17 37 2
95 161 12
164 243 4
100 252 1
90 157 1
7 234 8
220 243 2
123 186 4
17 117 1
25 69 1
72 87 9
69 138 8
42 137 8
29 247 1
50 52 2
43 116 13
4 127 1
25 68 8
130 130 11
48 127 10
148 212 1
229 260 4
76 244 1
213 239 1
68 242 3
89 166 1
24 229 10
54 181 1
170 244 11
142 220 7
166 211 5
25 164 2
234 260 4
45 95 1
112 211 7
87 167 1
127 166 5
72 88 2
49 90 12
94 138 2
17 61 4
41 90 15
75 241 4
161 244 22
138 242 3
65 170 12
84 263 1
100 235 3
20 263 1
164 181 5
129 231 4
33 179 1
106 106 13
69 168 3
138 215 5
146 246 2
112 143 2
97 113 7
10 234 4
157 236 1
164 256 4
79 223 2
89 170 5
100 260 5
134 179 1
51 132 6
90 181 5
189 237 1
83 255 1
56 179 1
87 238 4
162 228 4
256 263 4
61 161 5
79 85 1
129 223 6
82 162 6
162 219 1
87 224 15
45 217 2
143 202 1
25 88 3
236 255 4
137 167 3
169 239 1
37 53 1
25 114 4
74 136 3
79 215 4
189 189 6
16 98 2
119 231 1
142 260 4
18 174 2
129 186 5
26 65 2
123 229 1
163 193 1
89 97 7
69 244 4
14 228 2
91 165 1
42 159 7
50 61 6
74 113 7
137 257 5
40 195 7
40 234 5
125 213 2
56 196 2
135 135 2
13 200 2
163 174 1
50 219 1
112 164 6
24 234 12
65 143 1
68 92 3
133 140 1
32 100 2
202 260 1
137 254 1
90 150 1
24 48 34
95 162 8
60 183 1
133 261 4
12 162 10
174 229 1
7 236 10
142 197 1
85 85 1
107 243 5
160 164 2
157 260 1
50 152 5
41 224 1
61 130 2
132 150 13
129 164 5
137 181 6
13 224 13
48 188 4
163 223 4
13 143 37
37 225 3
83 157 2
140 208 2
14 33 3
90 97 4
90 173 3
71 117 2
88 166 2
185 229 1
101 205 2
80 125 3
117 138 1
138 217 10
87 95 1
56 95 3
39 80 1
112 114 3
40 65 7
40 68 9
25 158 2
152 162 4
62 262 1
48 146 4
65 80 2
19 191 1
124 131 1
217 237 11
13 226 4
162 168 2
32 68 2
89 133 2
97 197 1
236 247 4
243 263 3
107 244 4
70 179 1
48 66 3
76 85 1
26 66 1
138 207 9
259 259 1
179 230 5
197 229 1
98 161 1
51 138 5
73 138 5
163 175 2
141 189 2
222 230 3
37 112 2
16 186 1
100 228 1
81 89 1
249 257 7
41 159 2
10 261 1
181 233 13
107 228 1
7 137 13
77 170 2
78 223 1
28 48 4
52 249 4
7 171 3
70 88 1
152 186 7
41 47 2
70 170 2
133 170 3
82 148 3
71 76 2
26 100 4
100 159 1
10 163 6
75 243 7
129 261 2
68 256 10
215 229 1
188 237 4
95 226 2
100 202 2
65 228 2
18 132 3
141 215 2
79 166 5
89 131 5
148 215 1
124 191 1
12 132 3
195 243 1
207 207 7
88 142 5
69 230 5
93 130 1
97 189 3
106 234 3
193 223 2
97 177 1
136 200 1
130 134 2
215 234 1
158 235 1
132 208 2
50 121 1
33 54 4
164 213 1
76 165 1
130 170 5
26 91 1
71 108 1
90 258 2
28 129 2
18 75 2
33 39 4
39 85 2
220 262 3
80 256 5
39 87 2
49 261 9
134 137 2
75 254 2
119 239 3
85 193 1
134 166 2
175 229 2
88 92 4
223 236 12
200 236 7
66 229 3
68 252 1
12 236 2
74 249 10
21 238 1
45 197 1
161 210 2
45 262 8
144 244 1
132 214 1
13 49 6
90 243 4
113 129 3
225 230 1
113 189 1
161 200 5
91 149 2
188 222 1
237 243 4
164 190 2
141 205 1
37 80 4
8 233 2
218 231 1
232 263 16
42 168 9
223 262 3
45 255 3
209 262 7
78 241 2
72 140 2
107 131 1
32 233 11
108 170 2
216 218 1
82 198 3
87 121 2
42 179 1
95 196 10
143 261 9
136 138 4
26 238 1
33 35 1
80 246 3
186 197 3
213 234 1
76 234 2
226 236 10
235 263 2
135 170 4
186 188 5
106 195 1
14 67 3
35 45 1
192 233 2
75 173 2
52 63 1
54 186 2
97 211 5
125 185 1
41 145 2
117 117 3
234 255 12
219 254 10
147 233 3
87 149 1
142 209 4
42 141 15
62 79 1
65 140 10
39 155 2
137 245 1
36 262 3
37 197 3
25 47 1
66 90 8
13 146 1
75 135 1
138 139 4
47 138 4
143 224 5
142 226 8
142 241 1
214 236 1
62 113 3
4 88 17
7 50 3
65 74 6
135 263 1
170 225 12
12 90 3
37 188 2
17 209 3
47 143 1
40 90 2
4 65 4
17 87 4
181 227 2
52 89 1
116 140 4
52 125 3
52 52 5
52 143 2
223 229 4
80 233 1
17 234 3
22 229 1
14 71 1
142 169 2
141 178 1
1 88 8
74 242 2
52 190 3
233 243 3
90 195 1
97 246 4
95 236 6
25 52 8
4 230 14
152 234 4
112 157 1
29 90 1
257 261 2
87 92 1
97 114 5
129 142 2
127 233 1
17 237 4
75 194 3
196 230 3
97 106 3
182 234 2
43 52 2
235 235 4
1 244 1
21 231 3
87 193 2
54 133 1
26 137 5
97 100 4
114 219 1
124 233 1
65 211 6
24 93 2
225 232 4
129 140 11
166 261 5
41 233 8
137 160 5
66 140 3
107 165 5
25 209 5
138 183 1
22 230 3
17 236 6
42 127 4
140 210 1
217 229 1
174 213 2
92 158 1
4 237 16
170 215 4
83 137 1
61 106 2
137 225 6
48 215 2
195 232 4
40 246 4
25 89 2
222 231 1
95 191 1
57 129 1
70 129 6
32 42 2
17 137 10
93 231 1
68 182 2
126 163 2
207 230 1
170 197 1
168 239 2
20 212 1
14 233 2
89 181 9
181 236 3
112 239 2
34 161 2
14 181 1
146 198 1
43 200 3
90 256 5
34 79 1
95 129 2
26 138 6
40 236 3
155 234 1
97 170 11
40 163 3
152 164 4
75 261 5
40 238 1
158 232 9
208 263 6
112 261 4
93 163 3
129 230 9
48 241 2
137 193 2
86 132 14
73 140 4
48 182 7
4 225 3
138 200 12
137 174 1
114 244 3
41 231 7
135 262 1
78 138 2
80 229 1
75 92 1
19 138 7
13 14 3
14 163 2
170 188 5
97 137 5
65 89 3
133 228 1
92 249 2
186 191 1
193 262 1
40 162 7
132 240 1
106 144 3
82 163 2
151 241 2
96 161 1
107 222 2
182 263 1
45 76 2
226 255 1
138 205 6
168 197 1
140 259 5
157 186 2
166 220 4
25 137 4
66 236 4
165 229 1
88 254 1
61 217 1
69 237 6
4 10 1
236 256 3
65 224 5
13 112 3
49 129 1
14 237 1
116 229 3
140 257 2
218 218 2
178 237 1
83 83 3
61 225 5
147 159 1
219 262 1
157 229 1
186 195 4
80 249 6
26 72 1
90 91 3
20 87 1
200 200 4
169 254 1
137 244 7
61 181 6
95 218 1
208 252 1
46 247 1
24 247 1
169 235 1
170 243 5
79 159 1
142 216 1
141 195 1
40 166 3
7 36 1
137 197 2
82 137 4
121 144 1
39 142 2
89 230 1
7 261 2
91 148 1
54 261 2
200 239 7
123 178 1
123 141 3
164 212 1
71 88 1
140 217 7
65 237 6
97 261 3
170 254 1
186 226 8
80 114 1
71 180 1
39 140 2
80 234 4
17 217 5
26 233 4
49 163 2
74 231 6
97 107 5
101 101 1
115 132 3
76 76 14
43 76 1
106 249 1
141 232 11
107 121 1
132 206 3
228 231 4
45 180 6
3 164 1
170 247 3
14 25 3
89 137 13
95 170 13
14 125 1
13 40 9
125 244 5
13 93 1
217 232 2
25 50 6
75 180 1
48 70 1
151 223 4
168 230 2
20 168 1
163 217 3
164 228 4
55 90 3
13 41 2
138 167 3
131 191 1
130 140 2
98 157 1
186 257 3
157 234 1
140 202 5
162 165 2
24 113 8
225 227 1
36 97 2
182 186 3
261 262 4
180 230 1
100 168 2
49 256 2
142 255 3
130 188 3
215 233 2
162 200 2
188 246 1
13 71 4
235 242 2
233 255 5
168 238 2
75 179 3
106 181 8
62 82 1
25 65 10
23 261 1
121 258 3
119 132 2
121 134 2
56 237 3
146 151 2
15 16 1
137 215 1
125 226 3
220 237 3
256 262 1
53 186 1
65 85 1
138 174 2
41 100 10
152 170 5
88 243 2
160 196 1
52 158 2
49 52 3
90 247 4
127 186 4
170 213 2
78 132 4
37 230 1
48 80 6
106 158 1
152 159 1
100 179 3
68 260 2
45 52 3
133 142 1
76 151 1
157 161 1
112 236 4
125 229 14
114 168 1
33 198 1
87 216 16
100 200 3
7 158 2
165 246 1
116 211 1
254 254 1
87 102 1
26 236 4
131 140 1
50 165 1
1 138 4
71 142 3
82 100 2
56 79 2
225 236 3
10 205 7
10 24 1
25 40 4
186 217 5
138 250 2
181 209 4
43 65 2
65 112 2
161 173 2
179 260 3
51 189 1
17 68 5
125 143 10
140 188 2
83 236 2
123 140 3
161 243 13
186 252 1
134 164 2
48 126 1
255 261 4
229 255 3
193 231 4
100 256 6
36 144 1
107 197 1
141 196 1
17 170 8
35 36 2
22 55 3
56 142 2
94 183 1
88 182 4
4 125 3
146 261 2
49 88 4
112 260 1
56 89 1
48 169 1
17 230 2
88 146 1
62 161 2
223 244 1
35 223 1
24 158 2
68 169 1
127 158 6
10 90 3
31 238 1
54 230 2
80 170 6
68 227 6
28 163 2
28 162 2
93 107 6
93 226 2
43 167 1
106 111 1
51 238 2
151 261 4
35 140 3
137 168 4
157 162 3
48 117 1
33 51 2
34 66 3
24 170 13
106 255 1
106 149 1
145 209 1
231 258 1
161 182 1
196 222 1
97 236 1
61 205 3
65 189 2
100 116 5
17 65 4
80 112 4
186 235 4
68 94 1
47 141 2
45 74 5
45 243 2
53 70 1
13 63 1
100 149 1
143 226 2
107 157 1
168 168 21
137 202 2
56 236 1
97 233 2
7 91 1
95 216 3
151 232 1
20 100 1
72 86 1
65 262 4
63 237 1
92 163 3
107 127 2
22 26 2
181 190 2
41 232 2
141 255 2
74 88 3
33 48 4
10 237 3
80 164 5
24 70 1
235 243 2
95 188 1
24 144 1
54 88 1
56 186 2
74 94 3
190 231 2
80 148 9
146 234 1
146 202 2
205 233 2
131 180 1
163 195 1
40 230 2
40 66 2
197 225 1
116 249 2
144 226 2
67 67 1
160 226 1
169 238 4
200 220 3
51 148 1
79 146 3
181 224 2
145 146 4
26 229 1
100 146 4
142 167 1
179 237 6
69 239 1
93 161 4
43 193 3
144 225 3
43 127 6
228 239 1
66 163 5
202 239 2
116 136 2
163 169 1
166 169 2
55 181 4
61 140 12
102 233 2
114 181 6
50 80 2
80 261 2
120 132 1
37 145 3
22 233 2
37 147 1
29 129 1
100 127 3
137 220 2
119 138 4
78 147 1
152 231 1
129 252 2
129 173 5
22 68 1
164 255 7
125 256 2
25 125 2
89 141 5
74 216 2
20 48 2
195 239 1
10 74 1
100 189 2
194 194 1
127 161 3
114 195 2
164 188 2
33 228 1
97 238 2
127 137 1
160 180 1
35 213 1
41 252 1
236 254 1
95 238 2
82 196 4
100 106 1
137 190 2
113 244 3
112 142 2
36 237 1
36 157 1
159 164 1
143 148 9
50 146 2
114 129 1
12 137 5
47 238 1
7 114 2
161 185 1
62 137 3
177 186 1
93 186 6
4 41 1
41 61 1
43 106 1
138 192 7
127 127 8
115 221 1
181 221 1
54 87 1
200 262 2
17 249 4
129 236 6
190 255 2
138 191 5
86 86 1
208 242 4
163 198 1
90 255 5
61 228 1
41 144 3
82 145 6
71 89 6
143 247 1
79 173 1
51 119 1
71 234 12
97 260 1
226 234 8
31 140 1
56 100 4
43 223 4
40 113 2
157 173 1
89 142 4
65 106 2
36 238 1
133 181 2
69 141 3
60 126 1
74 159 5
4 151 3
61 117 1
45 145 1
232 238 5
61 229 4
164 223 2
141 193 4
56 230 8
144 166 6
108 238 1
62 90 3
48 203 1
61 65 4
76 86 2
15 196 1
17 151 1
119 244 3
146 157 2
87 146 1
76 186 1
25 232 1
166 231 6
12 263 1
61 231 4
28 256 1
49 232 2
61 72 6
67 142 1
83 95 2
10 73 1
138 259 2
28 229 2
14 144 2
17 255 1
228 255 2
40 164 4
40 45 2
166 208 2
113 179 2
100 112 6
106 232 1
120 236 1
90 129 4
223 230 5
22 67 2
36 113 2
17 146 1
97 151 1
113 217 2
40 140 5
39 161 3
4 50 4
97 255 4
190 228 1
68 93 2
56 238 1
219 261 2
127 151 1
217 261 6
13 28 2
40 225 1
141 243 5
97 112 2
125 181 2
129 224 3
43 145 7
72 97 1
47 153 1
1 263 3
62 68 2
100 196 2
158 196 1
61 261 2
92 129 3
226 262 2
189 231 2
106 239 1
75 167 1
78 208 2
119 159 3
29 149 1
41 114 4
41 241 2
4 24 2
140 168 6
158 189 1
11 165 3
60 138 3
166 215 2
195 261 2
151 226 1
186 220 3
142 215 2
14 108 3
129 146 4
68 219 2
76 140 3
7 106 1
114 155 1
50 127 1
32 32 2
144 196 1
26 161 5
88 189 1
181 188 2
89 162 3
43 232 4
95 113 1
61 76 6
140 197 3
144 188 2
57 138 2
90 191 1
130 205 2
65 125 3
218 244 1
43 82 1
213 213 3
39 169 2
141 200 4
185 234 2
82 232 2
32 152 2
17 33 3
17 262 1
95 107 3
107 130 4
42 194 2
94 136 1
28 262 1
28 261 1
4 43 3
49 125 1
145 236 10
113 185 1
8 138 1
87 116 2
84 132 1
56 161 2
82 140 1
96 100 1
12 41 1
130 163 2
75 251 1
4 56 1
170 219 2
113 145 3
17 49 2
178 231 2
127 263 1
1 75 3
149 210 4
70 162 2
145 261 2
70 146 1
5 237 1
74 177 4
42 232 1
56 140 2
26 234 2
68 243 4
68 89 2
88 223 2
202 226 3
85 138 6
36 234 2
143 196 1
34 132 3
130 231 1
25 85 2
60 65 1
127 237 1
93 140 3
25 145 1
68 82 2
127 128 1
51 186 1
116 164 4
50 232 4
48 112 4
48 223 9
87 257 1
64 170 1
12 151 1
68 226 3
89 233 1
11 263 1
75 130 2
113 178 1
125 151 3
123 170 2
49 170 10
78 140 2
87 227 2
143 152 4
10 186 2
141 254 1
186 196 5
63 138 4
146 166 2
7 246 2
198 234 2
244 247 2
25 238 1
25 166 2
68 247 2
34 162 2
4 97 3
43 130 1
182 261 1
150 232 1
161 194 2
176 249 1
17 211 2
223 257 1
76 238 5
238 247 4
14 236 1
54 170 2
244 262 6
10 88 1
40 237 2
12 166 1
36 87 2
100 187 1
41 88 5
228 246 4
233 257 2
55 137 6
144 193 2
62 181 3
212 233 1
106 257 1
140 176 1
14 239 3
151 181 2
62 91 2
43 146 2
138 149 4
22 45 2
51 232 2
78 100 1
12 152 1
196 239 1
212 212 1
90 127 3
51 212 1
24 127 2
162 251 1
225 261 3
141 217 3
25 100 3
43 217 3
126 237 3
10 144 1
54 231 3
48 220 2
12 141 3
43 247 1
4 61 1
93 151 1
151 256 3
10 209 1
62 140 16
119 143 2
125 196 1
52 140 2
37 209 1
125 182 5
12 143 1
72 142 14
121 161 5
159 161 1
45 75 3
12 209 3
31 161 1
72 249 7
223 260 2
152 247 2
107 217 1
13 250 1
112 231 2
28 233 6
86 141 1
48 130 2
51 209 7
28 237 1
162 243 4
49 244 1
32 132 4
126 132 2
10 125 1
12 224 1
161 168 2
16 145 1
83 143 1
174 186 2
97 195 1
87 152 2
74 191 1
145 223 2
58 242 1
76 170 1
141 181 4
148 223 2
13 166 4
50 223 1
146 231 2
231 256 10
224 255 1
56 90 1
133 236 1
75 174 2
215 226 1
18 166 1
33 100 2
238 258 1
196 246 2
34 186 1
116 212 1
56 70 1
56 158 1
186 208 1
82 87 2
26 87 1
9 246 1
43 134 1
126 231 4
37 231 4
50 66 2
129 134 2
84 87 1
35 170 2
79 218 2
48 134 1
222 249 2
20 28 1
76 82 1
49 100 3
216 232 2
246 256 4
12 234 6
188 188 10
129 202 1
9 170 1
12 233 4
68 188 3
125 145 3
7 95 4
79 177 1
140 220 4
16 131 1
77 89 3
145 158 1
68 129 3
142 160 1
210 246 1
195 244 1
157 160 1
209 226 2
216 233 1
98 146 1
141 160 8
90 223 3
33 226 1
219 230 2
88 188 2
80 177 2
68 254 3
89 229 1
14 106 1
13 195 4
25 27 1
109 118 1
237 257 2
102 226 2
62 231 6
14 225 1
139 237 2
95 164 1
113 195 3
140 180 1
68 216 3
88 226 12
72 107 1
113 190 2
181 263 2
41 127 2
135 142 1
33 232 5
61 141 3
59 212 1
145 190 1
151 247 1
193 211 1
127 249 2
41 78 2
61 68 4
63 166 1
132 221 3
122 138 3
100 197 1
60 213 1
78 136 1
189 256 1
33 75 3
14 72 1
168 237 6
134 197 3
148 174 4
35 97 2
62 107 4
34 230 1
208 213 1
3 231 6
193 261 2
160 229 1
28 90 1
90 228 2
31 166 2
216 246 2
92 107 1
42 200 1
112 141 5
145 188 2
100 198 3
90 198 1
193 209 4
16 140 2
7 255 1
112 155 1
52 234 4
117 162 1
97 127 1
97 257 2
93 100 5
66 225 1
196 205 1
68 134 1
61 123 2
25 141 6
188 209 2
157 233 2
37 140 1
213 247 1
170 192 1
74 235 2
223 237 4
15 244 3
130 145 4
68 80 3
56 141 2
209 224 4
80 145 2
43 255 2
219 233 1
71 254 1
125 189 1
90 210 3
37 100 1
80 95 1
93 95 1
70 223 3
116 241 1
174 235 2
10 247 1
49 197 2
48 92 3
186 200 3
143 225 1
74 213 2
160 160 2
53 225 1
190 190 1
33 133 3
34 164 1
65 198 1
80 211 2
39 137 2
107 213 1
93 262 2
65 188 3
170 182 1
197 249 1
137 166 12
49 113 4
87 217 3
14 141 3
8 239 1
25 77 2
41 261 2
197 239 1
150 233 1
26 118 1
13 133 1
26 261 3
3 74 1
82 113 1
123 190 1
138 159 6
88 116 1
97 249 2
102 166 1
163 247 1
195 246 2
106 237 2
170 198 9
52 107 4
182 259 1
87 228 5
155 233 1
97 237 3
131 226 1
10 13 2
28 193 1
75 217 1
82 95 8
78 164 1
12 158 5
98 131 1
155 239 1
96 170 1
68 133 4
81 132 4
25 113 2
85 189 1
223 246 3
53 53 1
194 234 1
85 170 1
136 179 1
170 200 3
129 249 3
74 145 3
127 244 5
107 129 2
83 96 1
10 71 1
113 157 1
140 182 6
228 234 3
185 186 2
70 246 2
164 217 4
14 54 1
147 167 2
146 249 2
62 249 1
163 242 1
41 112 1
52 188 1
45 159 1
200 254 2
14 77 2
24 169 1
47 263 2
202 246 1
95 157 1
167 205 1
52 236 2
86 216 1
53 151 2
72 181 3
162 258 1
10 12 1
9 138 5
124 186 1
121 230 1
130 161 2
161 223 9
32 213 1
82 160 1
25 257 1
144 219 1
3 168 1
128 166 2
47 262 2
76 208 2
42 169 1
137 198 1
75 136 3
93 260 1
136 140 4
41 213 2
117 236 2
162 188 4
97 140 2
198 237 1
130 197 2
18 48 3
119 236 2
200 230 4
155 170 4
48 200 1
88 187 1
7 262 3
65 92 1
74 92 4
72 234 2
65 123 1
92 92 3
43 149 1
10 231 3
19 64 1
39 65 3
75 209 3
21 29 2
4 33 1
112 263 3
220 231 3
181 256 1
88 256 2
61 144 2
18 238 1
202 234 2
7 42 1
87 165 4
164 179 1
195 220 3
116 243 6
131 134 2
56 232 1
20 32 2
34 34 1
165 210 3
154 165 1
119 235 1
88 112 3
83 129 4
86 162 1
7 157 2
160 162 2
26 209 1
11 14 2
137 243 2
116 179 1
150 223 3
116 169 1
121 170 2
75 95 2
145 166 1
49 61 4
216 238 1
152 168 1
8 230 1
61 88 5
123 256 1
50 193 1
239 260 1
74 224 3
125 195 1
82 239 2
40 48 3
51 261 1
71 239 2
162 216 2
41 93 2
98 162 1
73 145 1
210 210 4
83 161 2
86 165 1
75 159 3
80 226 2
13 197 1
137 165 3
48 222 1
1 143 5
21 237 2
164 189 1
141 213 1
1 255 1
65 133 3
13 216 1
165 195 1
196 249 2
14 186 5
75 177 5
71 163 1
124 140 1
180 180 3
162 220 2
39 39 5
178 230 1
63 186 1
68 83 1
14 263 2
100 219 1
43 219 3
82 96 1
155 155 2
17 97 3
68 69 2
47 200 1
42 211 2
83 163 2
37 158 1
72 225 1
100 167 2
140 228 1
90 120 1
61 189 1
164 177 1
61 142 5
141 256 2
239 257 2
70 193 1
56 114 1
13 160 1
145 256 1
7 49 1
82 93 1
138 241 3
216 249 1
93 123 1
85 186 1
4 42 2
54 234 2
162 260 5
95 231 8
113 155 1
102 198 2
42 174 1
33 188 3
92 192 5
106 227 1
69 159 2
142 221 1
143 159 2
17 143 1
116 231 10
28 65 1
165 231 5
3 41 1
52 209 2
87 166 5
224 261 3
65 165 1
255 263 2
50 136 3
150 150 1
152 229 1
255 255 7
183 229 2
132 167 1
163 260 3
33 177 2
87 136 1
133 234 3
42 249 3
100 136 1
53 223 1
52 65 1
62 129 2
92 95 1
34 138 2
10 137 3
12 181 1
140 247 2
93 253 1
90 218 1
137 179 3
56 68 1
134 140 3
49 142 2
3 138 1
100 227 2
35 233 1
124 124 2
106 162 1
47 226 1
66 238 3
163 178 1
164 200 2
119 140 1
14 164 2
135 163 1
106 209 1
148 157 1
40 151 1
100 255 7
82 236 1
48 111 1
134 186 1
202 238 1
80 230 2
75 248 2
40 79 1
197 216 7
144 243 2
234 257 2
107 160 1
93 229 3
146 211 2
107 167 2
223 247 1
114 169 1
13 70 3
7 97 3
54 107 2
31 31 1
83 140 3
227 261 1
37 52 1
61 211 2
194 223 1
50 260 1
95 234 2
37 233 1
130 148 2
146 255 1
35 210 1
66 239 3
13 244 1
90 202 2
134 142 1
106 228 2
185 250 1
52 222 1
4 195 1
130 193 1
112 216 1
112 125 2
166 224 2
50 56 1
10 138 7
21 26 1
7 88 1
75 145 3
127 246 1
151 220 2
75 146 7
48 67 1
61 223 1
92 125 1
132 241 2
69 140 3
37 234 3
158 190 1
20 137 1
76 130 3
219 238 1
68 240 2
80 162 4
88 123 2
22 234 1
151 200 1
148 189 2
34 148 1
65 67 1
61 238 4
7 118 1
91 137 5
25 112 1
43 196 1
89 243 1
20 94 1
196 237 1
69 262 1
168 231 2
186 203 1
142 179 4
17 181 1
17 62 1
66 195 1
162 252 1
37 164 4
106 161 2
68 190 1
125 220 1
61 62 1
51 247 3
133 233 3
26 133 5
68 198 1
45 62 1
100 208 1
28 205 2
230 257 1
106 190 2
190 227 1
36 39 1
42 112 1
10 49 1
168 182 2
25 185 1
68 95 2
168 229 1
52 80 1
61 97 4
130 239 1
25 102 1
106 148 2
79 95 1
50 197 1
61 112 1
121 130 3
82 231 2
10 130 2
42 144 1
69 152 1
93 215 1
68 202 1
49 91 1
13 116 2
26 232 1
13 89 1
190 246 1
159 236 3
10 161 5
40 256 1
71 244 1
93 148 4
161 215 2
77 146 1
8 237 2
148 220 2
38 75 2
119 243 1
142 247 1
215 239 2
24 79 1
49 225 3
75 219 1
114 145 4
10 141 3
168 247 3
28 236 2
83 164 1
62 162 1
161 225 3
143 235 3
92 263 1
131 137 1
144 189 2
93 131 1
10 211 1
186 216 2
48 255 1
173 260 1
55 186 4
45 238 2
55 66 1
68 259 1
9 95 1
129 166 2
4 25 1
158 257 1
118 230 1
97 125 1
14 230 1
75 215 1
196 255 1
141 247 2
65 181 1
73 92 1
17 195 3
132 253 4
20 113 1
47 161 1
48 56 2
62 189 1
114 178 3
68 160 1
80 158 1
69 186 2
28 107 3
170 210 2
189 238 1
35 186 1
158 166 3
82 141 1
49 96 1
97 188 4
49 230 1
34 262 1
166 200 2
67 238 1
41 235 2
13 165 1
52 195 1
48 69 4
29 133 1
76 236 3
81 100 1
165 237 2
130 226 2
29 29 2
80 239 1
35 35 5
123 233 4
36 148 1
66 133 2
88 93 1
127 152 1
79 220 1
68 157 1
28 166 1
106 186 1
164 216 3
194 243 1
70 100 1
62 114 2
83 263 1
10 255 1
41 134 1
91 100 12
135 246 1
28 170 3
10 229 2
49 87 8
43 220 1
113 251 1
19 101 3
87 208 1
62 234 5
87 93 1
216 237 2
129 207 1
70 92 2
134 226 1
108 181 1
87 219 1
40 142 2
189 239 1
63 209 1
193 233 1
120 238 1
51 226 1
20 170 1
64 252 1
140 215 3
98 230 1
75 190 1
235 236 1
67 148 1
47 74 3
180 193 1
198 233 1
52 263 1
242 246 1
140 190 3
68 220 2
79 247 1
197 233 3
94 164 1
149 231 2
227 246 5
144 152 1
131 162 1
181 238 1
162 250 2
197 230 2
26 33 2
36 168 1
90 95 3
16 170 1
112 262 2
159 159 3
70 140 1
163 255 4
6 234 1
235 238 2
235 239 1
204 246 1
14 170 9
79 243 1
43 61 1
41 51 1
212 263 1
18 25 1
52 189 1
93 137 1
4 244 4
28 177 1
49 177 1
92 211 1
42 253 1
95 256 1
49 66 2
48 72 2
137 159 1
93 246 2
10 233 1
66 80 1
7 142 10
16 47 1
106 163 1
135 238 1
74 250 1
93 239 2
74 173 1
1 76 1
194 216 1
151 252 1
48 102 1
61 185 1
143 155 1
215 238 2
10 43 1
72 91 3
10 107 1
56 147 1
56 113 2
37 116 1
7 135 1
72 89 1
54 161 1
72 77 2
14 39 1
165 225 3
48 225 2
74 258 1
20 143 1
76 79 1
170 216 2
140 157 2
80 140 3
3 151 1
64 162 1
65 72 1
220 220 5
14 52 1
92 162 1
157 170 3
56 180 2
35 77 3
121 164 1
153 195 2
75 235 2
37 75 1
54 106 1
143 167 1
141 167 1
90 185 3
140 200 9
42 145 4
193 260 2
93 256 1
200 250 1
122 186 1
56 246 2
42 205 2
196 215 1
82 261 1
234 235 1
29 238 1
106 114 2
161 177 1
112 146 1
94 132 2
165 186 1
140 250 2
130 137 4
88 165 1
213 233 1
94 236 1
167 191 1
12 238 2
133 186 2
62 163 1
164 195 1
63 100 1
25 210 1
143 193 1
61 190 1
161 252 1
37 237 3
121 179 1
71 222 2
76 88 21
140 206 1
190 230 1
42 209 15
197 211 1
196 210 1
69 88 1
123 138 4
71 209 1
7 89 1
11 138 2
79 133 1
198 198 3
13 157 1
127 143 5
79 225 1
112 224 1
246 260 2
19 95 1
41 205 2
32 209 1
50 70 1
145 215 1
100 217 5
241 241 1
200 247 1
244 259 1
143 200 1
129 215 3
162 205 2
55 170 4
112 229 2
75 255 2
74 147 2
69 132 2
65 227 1
17 227 1
127 153 2
188 249 1
56 66 1
25 256 2
39 89 2
91 222 1
13 257 2
14 178 1
159 163 1
209 216 1
144 228 1
87 188 3
52 100 2
52 106 1
188 234 3
32 75 3
77 137 2
26 143 3
7 247 3
25 71 3
145 157 2
113 200 1
233 256 2
107 179 2
178 236 1
42 47 1
34 237 1
10 142 2
193 256 1
74 193 1
107 200 1
142 256 1
17 263 1
53 135 1
82 218 1
126 142 4
34 263 1
175 230 1
161 165 2
62 243 1
71 188 6
11 11 2
4 20 1
123 211 1
26 88 2
37 125 1
123 137 1
83 162 1
12 146 1
55 87 7
72 162 1
142 217 2
68 228 2
76 233 4
113 228 2
157 209 1
75 208 1
196 196 1
182 262 1
186 215 3
91 91 1
39 67 1
50 97 1
68 130 1
71 143 1
37 113 2
4 146 1
1 85 1
26 165 1
88 147 1
19 233 1
55 67 1
28 263 1
26 217 4
39 154 1
17 80 1
75 213 1
134 239 1
182 237 1
61 137 5
163 200 1
79 217 2
186 242 1
152 220 2
177 230 1
17 88 2
76 95 1
14 155 1
85 143 1
29 163 1
152 249 3
132 176 1
25 255 2
61 143 2
53 95 1
24 45 1
76 188 6
70 231 2
75 119 1
37 137 4
52 112 1
93 158 2
167 170 2
173 234 1
162 190 1
51 80 1
91 237 5
108 161 2
49 236 4
92 137 5
7 143 3
137 185 2
140 171 1
160 234 1
107 180 1
81 88 7
149 180 2
121 142 1
34 49 1
41 243 2
135 186 2
161 250 1
37 65 1
130 262 1
183 242 1
146 164 3
74 223 2
25 208 1
226 256 1
113 223 3
131 238 1
66 217 1
136 248 1
49 254 1
69 213 1
94 159 1
102 186 1
231 235 1
48 196 2
113 130 2
137 178 1
10 143 1
135 237 1
143 174 1
37 37 5
69 116 2
34 65 1
79 91 1
54 138 6
7 166 1
141 216 1
79 116 1
23 239 1
126 140 1
45 225 5
119 141 2
97 193 1
17 141 1
88 216 22
75 76 1
123 210 3
88 169 1
210 233 4
76 177 1
140 173 1
77 232 1
142 196 2
48 254 2
82 92 1
92 157 1
82 143 1
89 169 1
12 237 2
10 151 1
25 198 1
38 203 1
173 246 1
90 112 1
33 222 1
144 155 1
86 130 1
16 218 1
195 254 2
116 232 1
87 176 1
91 161 1
56 129 1
112 238 1
122 205 2
143 219 1
12 256 1
74 241 1
130 164 6
61 232 1
55 63 1
124 158 1
74 174 3
14 234 1
54 113 1
45 260 1
10 93 3
231 259 1
124 180 1
127 193 6
183 183 1
160 216 1
100 129 1
86 201 2
24 153 2
174 259 1
136 235 1
145 218 1
51 177 1
124 161 2
13 145 2
33 80 1
208 254 1
78 141 1
17 35 1
158 208 2
49 228 1
192 192 1
88 149 1
24 261 1
50 216 1
171 196 1
10 239 4
38 138 1
62 70 1
79 130 2
107 223 2
157 226 2
136 170 1
10 246 1
98 98 1
75 169 2
61 262 1
14 14 3
12 75 1
90 200 2
16 141 1
189 249 1
88 127 2
65 75 2
8 127 1
107 108 1
63 234 2
73 236 1
160 230 1
35 39 3
178 233 3
80 88 1
43 179 1
143 179 4
72 72 1
19 19 3
62 62 2
132 136 1
166 213 2
92 144 1
234 243 3
22 138 2
161 257 1
41 193 1
170 242 1
20 41 1
7 249 1
74 127 2
88 255 3
126 244 1
188 262 1
71 164 1
12 140 3
79 165 2
92 232 1
20 20 1
190 237 2
112 193 1
79 82 2
45 228 2
166 248 1
235 244 1
247 262 1
80 87 2
14 238 2
119 166 1
168 170 1
181 255 1
225 229 1
100 126 1
76 263 1
133 178 2
162 227 1
15 51 1
66 66 1
42 202 1
51 218 1
179 238 2
177 233 1
33 225 1
36 142 1
143 252 1
2 169 1
43 95 1
87 212 1
65 195 5
7 148 1
40 112 1
188 231 4
51 147 1
60 79 1
83 233 2
140 252 3
145 151 2
88 106 1
22 48 2
54 142 1
141 159 1
114 256 2
112 256 3
7 196 1
49 255 2
80 90 3
147 237 1
39 163 1
37 62 1
25 228 1
228 228 4
94 235 2
113 216 2
142 228 1
6 164 1
100 157 2
116 158 1
47 242 1
89 155 1
17 136 1
220 235 1
56 125 3
89 148 1
41 69 2
215 263 1
28 68 1
25 190 1
108 189 1
106 112 1
179 246 1
166 167 1
49 189 3
17 142 2
62 87 1
80 163 3
16 142 1
97 129 1
61 163 2
223 261 1
164 258 1
56 173 1
17 125 1
37 107 4
28 231 2
130 238 2
112 113 1
34 140 1
80 142 1
45 106 1
50 168 1
144 146 1
26 170 2
91 114 1
134 135 1
7 113 1
95 260 1
198 256 1
148 190 1
56 189 1
158 217 1
85 89 1
7 211 1
116 148 2
142 153 1
153 239 1
39 152 1
75 153 1
40 114 1
168 234 2
7 56 3
55 100 1
12 125 1
14 48 1
145 173 1
151 224 1
149 170 2
116 259 1
22 183 1
37 198 2
92 142 1
157 237 1
133 249 1
74 232 3
54 255 1
45 146 1
88 260 3
144 198 1
162 191 1
45 223 2
68 128 1
33 67 1
90 189 2
10 50 1
87 151 1
151 153 1
93 216 1
14 114 1
48 106 1
74 211 1
97 226 1
57 57 1
179 232 2
51 246 1
60 142 1
71 177 1
79 193 2
144 216 1
197 237 1
191 191 2
70 119 1
90 225 3
17 162 1
223 249 1
22 195 1
114 226 1
70 177 1
114 247 1
61 75 1
119 186 4
138 253 2
73 107 1
56 145 3
129 144 1
32 47 1
168 259 1
149 164 1
216 230 1
43 195 2
56 148 2
93 250 1
60 132 1
194 230 1
47 136 2
167 248 1
29 97 1
102 113 1
64 87 1
35 89 5
162 197 1
36 263 1
170 220 2
73 143 2
37 224 1
63 72 1
34 211 1
47 231 1
24 33 1
51 137 1
75 131 1
89 114 1
133 133 1
162 177 1
237 259 1
237 241 1
49 246 1
145 152 2
76 107 2
205 234 1
36 164 1
86 160 1
24 88 1
41 220 3
36 145 1
14 40 1
130 209 1
47 60 2
42 261 1
149 161 2
21 186 1
67 164 1
74 87 8
106 261 1
26 43 2
156 239 1
192 249 1
141 220 1
170 173 1
121 238 1
7 231 1
69 231 1
8 146 1
167 186 1
73 193 1
68 241 1
145 208 4
173 236 2
183 208 1
242 254 3
89 228 2
87 179 1
7 90 1
143 168 1
63 140 9
228 236 2
134 231 1
63 181 1
40 100 2
32 137 1
140 195 3
112 217 1
26 68 1
31 90 1
72 231 1
58 138 1
28 75 1
233 244 2
149 162 1
14 50 1
68 197 1
10 136 1
186 241 2
163 235 1
62 261 2
8 162 1
56 242 1
11 140 2
75 200 1
7 28 2
75 216 2
52 230 1
87 244 5
97 222 1
65 126 1
137 208 1
75 150 1
43 216 1
4 18 1
24 224 1
28 186 2
88 195 1
37 163 1
56 56 1
228 261 1
35 143 1
106 226 1
87 182 1
62 88 1
157 219 1
51 173 1
18 87 1
65 77 2
88 129 2
14 66 1
73 205 1
128 186 1
113 225 4
82 249 1
14 107 1
121 162 1
45 116 4
137 177 3
100 173 1
63 162 1
1 166 2
189 261 1
67 158 1
10 112 2
37 144 2
43 228 1
125 157 1
25 62 2
117 164 1
28 49 1
34 255 1
37 45 2
140 240 1
26 107 3
66 233 1
135 162 2
68 189 2
116 129 1
1 154 1
167 167 2
107 193 1
173 179 1
198 226 1
159 212 2
56 130 1
63 141 2
79 195 1
17 133 1
8 166 1
197 242 1
32 142 1
130 233 1
86 137 1
37 229 1
35 100 4
202 223 1
28 142 1
68 76 1
25 91 1
112 246 1
136 238 1
79 155 1
145 255 1
163 228 1
94 107 1
51 116 1
6 141 1
95 144 1
30 132 1
209 256 11
238 241 2
197 246 1
119 237 1
80 137 2
74 179 2
43 69 1
55 140 1
124 198 1
4 143 1
90 193 1
120 244 1
123 163 1
137 223 2
29 65 1
47 243 1
51 162 3
137 172 1
78 168 4
38 79 1
37 97 3
148 228 3
100 178 2
141 177 1
212 261 1
81 90 1
26 55 4
164 165 2
95 145 1
37 94 3
37 42 1
34 90 1
119 142 1
37 258 1
80 228 1
3 82 1
233 260 1
7 92 3
243 261 1
14 140 3
55 144 1
36 239 1
203 244 1
27 114 1
24 159 1
91 163 1
60 230 1
25 151 3
14 42 1
28 209 1
33 224 2
80 85 1
203 230 3
205 226 3
37 263 1
40 263 1
162 192 1
133 231 1
72 137 2
14 43 1
66 223 1
71 161 1
188 190 1
25 149 1
90 119 1
10 75 1
166 202 1
113 115 1
37 246 2
35 43 1
39 231 2
50 179 1
162 215 1
73 82 1
130 236 2
189 246 1
67 181 1
61 89 3
88 133 1
132 212 1
55 162 1
1 25 1
39 189 1
95 151 1
67 144 1
148 225 1
37 39 1
95 239 1
35 229 1
49 151 1
69 238 4
87 173 1
123 181 1
158 242 1
215 262 1
95 131 2
186 254 1
202 232 1
91 140 3
51 107 1
18 234 1
42 113 7
121 205 1
72 219 1
212 236 1
69 161 1
68 71 1
32 74 1
170 250 4
29 150 1
95 262 1
69 137 3
35 148 1
136 236 1
75 225 1
176 230 1
89 231 6
107 225 2
45 77 1
26 90 1
67 162 11
97 217 3
194 233 1
35 261 1
131 236 1
160 197 1
45 130 1
169 244 1
17 75 2
56 107 1
26 89 1
14 137 1
42 222 1
136 168 1
134 205 1
22 43 1
90 216 1
65 155 1
42 177 1
108 164 1
51 68 1
170 194 1
113 168 3
113 219 1
138 210 1
167 254 1
65 71 1
130 203 3
74 256 1
37 48 1
107 169 5
133 230 1
48 227 2
75 218 3
62 237 1
74 209 2
177 177 3
161 180 1
151 209 1
3 3 2
18 18 2
209 217 2
47 159 2
25 216 1
162 174 1
80 97 2
162 189 3
79 121 1
65 173 1
43 80 1
216 239 1
65 127 1
15 70 1
126 147 1
159 167 1
121 135 1
170 171 1
86 244 1
138 201 1
119 137 1
4 40 1
41 60 5
228 233 1
136 166 1
212 231 1
225 234 5
159 235 1
182 182 4
123 237 3
152 262 1
74 82 1
116 146 1
163 219 1
76 209 1
194 244 1
43 71 1
87 198 1
42 188 1
113 257 1
146 209 1
134 163 1
25 218 1
69 188 1
75 220 2
47 78 2
63 180 1
163 225 3
60 182 1
252 252 1
166 209 1
70 143 1
82 246 1
25 188 1
232 257 1
42 225 1
124 177 1
220 234 1
74 261 1
7 8 1
112 158 1
42 130 1
177 188 3
76 168 1
63 107 1
18 241 2
162 195 1
48 91 2
243 247 1
83 216 1
171 192 1
90 248 1
18 60 1
197 226 1
74 139 1
61 87 1
58 140 1
11 26 2
205 209 4
177 209 1
75 203 1
161 171 5
76 226 2
200 243 2
9 140 1
3 233 10
41 97 1
29 170 2
61 63 2
101 131 4
67 215 2
19 125 3
180 231 1
137 200 8
188 230 5
108 165 1
71 85 1
89 237 1
36 129 1
170 177 1
21 223 4
19 134 4
201 236 1
69 151 1
47 237 2
61 210 2
18 209 6
85 123 4
38 219 1
26 227 1
78 219 1
14 90 4
148 152 2
76 77 6
65 210 3
41 183 2
35 87 1
92 140 1
39 237 1
212 235 1
137 180 1
91 162 3
186 258 1
48 135 11
75 97 2
86 218 1
78 247 1
63 177 1
61 177 2
9 28 1
42 254 1
141 203 1
69 89 1
119 188 1
51 244 1
137 192 1
56 247 2
16 236 1
250 260 1
28 151 1
77 228 1
37 72 1
48 179 1
63 242 1
76 162 1
16 70 3
92 177 2
69 125 1
42 87 13
188 218 1
7 254 5
14 262 1
101 163 1
177 201 1
77 249 1
39 101 1
67 90 5
191 232 1
203 205 1
198 229 3
183 233 4
43 91 1
35 234 5
81 239 1
140 258 7
4 169 2
10 218 1
107 191 4
67 239 1
90 213 1
46 51 1
61 247 1
62 74 1
49 123 1
165 247 2
55 216 2
26 263 1
75 242 1
38 131 2
48 121 1
88 101 4
10 244 1
72 165 3
205 230 1
183 185 1
101 229 2
25 122 1
142 194 1
139 215 1
155 169 1
59 238 1
101 215 2
205 218 4
97 209 4
41 182 1
81 231 1
32 236 1
26 45 1
179 198 1
63 137 1
191 231 9
147 239 2
209 257 3
42 76 3
174 244 1
74 218 1
89 240 1
7 126 4
213 241 1
90 241 3
13 85 1
29 262 1
77 218 1
123 164 1
215 216 1
16 50 1
53 64 1
87 98 12
113 121 1
92 126 1
102 230 1
35 71 1
137 169 7
92 171 1
108 177 1
150 175 1
89 232 1
69 92 1
78 254 3
24 119 1
70 90 1
175 184 1
97 130 2
124 137 13
170 222 2
21 123 5
62 100 1
196 197 1
159 174 1
76 161 4
114 235 1
25 213 1
32 69 1
68 167 1
39 72 2
35 85 1
130 213 1
90 136 12
86 108 1
210 238 1
29 237 1
61 74 3
15 42 1
135 145 2
41 70 2
196 262 1
95 143 2
17 39 1
45 119 1
94 170 1
14 17 1
125 252 1
17 177 1
10 182 1
68 212 1
194 210 1
98 148 1
47 169 1
61 108 1
225 247 1
35 179 1
89 108 1
35 209 1
45 210 1
16 68 3
148 155 1
10 56 1
42 78 1
76 124 1
177 256 3
113 134 1
55 123 3
67 168 1
70 93 1
42 89 1
2 215 1
165 233 2
155 228 3
161 235 2
35 92 3
71 162 3
21 144 2
72 161 2
92 175 3
219 219 2
66 108 2
88 171 2
16 60 3
122 216 8
133 141 2
175 218 2
76 155 6
10 39 1
39 69 1
26 164 5
113 150 2
121 215 2
72 76 4
155 219 6
22 228 3
69 90 2
77 263 2
47 241 3
68 123 2
169 229 2
122 137 2
179 213 2
159 219 2
13 139 17
196 229 5
89 188 3
70 229 2
197 232 3
69 119 3
65 70 2
89 249 8
75 149 2
49 77 5
167 168 2
166 182 4
25 80 3
81 137 2
48 218 2
39 117 2
42 117 2
86 170 2
91 210 2
29 123 2
89 136 2
131 209 2
68 215 2
140 216 5
139 197 3
45 213 2
91 234 2
95 223 3
152 254 4
61 191 2
91 226 2
85 91 2
91 145 5
216 226 3
67 211 2
162 242 2
114 152 2
149 236 2
11 41 2
155 164 2
126 136 2
91 188 2
85 257 2
26 148 2
242 263 2
159 200 2
86 238 3
51 263 2
225 243 2
69 170 3
140 178 3
7 22 2
149 165 4
85 230 2
108 228 2
136 241 2
191 215 2
139 205 4
175 205 2
3 142 7
141 182 5
35 181 2
48 85 4
235 262 2
42 255 2
111 140 2
72 143 2
14 80 2
88 248 8
168 183 2
26 162 2
25 53 5
14 197 2
69 164 2
121 131 2
56 249 2
87 260 2
63 188 2
137 258 7
129 147 2
164 167 2
137 252 2
89 116 2
85 142 2
70 76 2
158 216 2
39 106 3
35 135 2
165 261 2
25 51 2
71 79 2
147 226 4
76 91 2
142 257 2
140 150 2
45 136 3
181 215 2
78 113 2
25 177 3
62 89 4
2 76 2
69 72 2
68 136 2
29 137 3
137 222 2
140 177 3
117 196 2
22 74 2
137 248 3
16 191 2
89 254 2
10 215 2
135 140 2
97 191 3
91 108 5
226 258 2
50 189 3
76 80 2
188 236 5
15 239 2
81 95 2
170 196 3
65 254 2
65 116 2
73 226 2
13 91 11
76 181 4
55 146 2
78 107 2
227 231 2
161 205 2
70 131 2
220 242 2
77 222 2
84 140 2
205 252 2
35 156 2
42 72 2
91 107 4
234 258 2
24 47 2
205 236 2
92 215 2
197 201 4
36 64 2
193 234 2
7 243 2
213 259 2
13 134 3
86 151 2
91 170 2
98 140 2
113 152 4
147 163 2
41 225 3
101 237 2
86 231 4
167 261 2
25 205 3
14 195 2
77 91 2
98 236 2
13 155 2
36 133 2
161 188 5
22 162 11
47 140 3
85 137 6
70 222 2
89 144 2
38 145 2
87 203 7
210 229 2
97 167 2
171 226 3
76 97 2
91 231 3
26 35 2
64 101 2
101 219 2
177 205 2
231 248 3
47 119 2
219 232 3
69 142 2
45 47 2
51 236 2
51 231 2
87 218 2
72 116 2
39 170 3
16 41 2
59 224 2
18 20 2
188 215 3
92 106 2
71 140 4
108 133 2
100 155 3
102 263 2
48 219 3
216 225 2
21 141 3
21 95 2
51 208 2
51 170 4
87 235 2
92 237 2
35 222 2
134 149 2
83 229 2
26 188 2
143 147 2
76 108 2
175 215 2
45 51 2
10 140 3
62 76 2
35 76 3
36 91 2
35 72 7
14 22 3
39 52 2
148 171 2
29 89 2
107 117 2
22 125 2
26 178 3
131 160 2
92 130 2
137 150 2
139 140 3
67 89 3
76 89 3
48 235 2
86 122 3
88 117 2
74 188 3
62 139 4
23 140 2
78 90 3
72 263 2
205 211 2
32 145 2
196 218 2
25 41 2
91 232 2
183 263 2
128 137 2
31 47 2
213 228 2
123 201 2
45 218 3
130 248 2
76 242 2
147 186 2
44 170 2
71 72 2
51 234 2
10 98 2
91 141 2
54 209 2
161 208 2
39 228 3
106 218 2
17 55 2
79 210 2
165 227 2
196 258 2
131 182 3
75 227 3
10 47 2
55 215 2
39 77 2
35 63 2
24 167 3
189 243 2
73 243 2
68 168 3
76 164 2
28 148 2
51 75 5
86 116 2
182 218 2
32 186 2
191 244 2
108 141 2
95 215 2
85 100 2
66 75 2
76 100 2
45 56 3
37 55 2
55 238 2
41 254 2
41 122 2
28 155 2
119 144 2
89 91 4
39 191 4
90 123 2
179 262 2
55 210 2
61 77 3
113 220 3
39 230 2
17 244 2
159 254 2
32 140 2
186 259 2
11 261 2
211 220 2
13 73 2
248 250 2
200 208 3
159 259 2
107 218 2
185 238 2
10 91 2
55 255 2
77 189 2
77 96 2
130 178 2
62 235 2
31 241 2
119 234 2
130 180 2
74 76 2
123 243 2
14 256 2
94 130 2
236 248 2
51 74 1
90 257 1
69 242 1
15 64 2
231 254 2
95 205 1
3 244 1
49 106 1
192 261 4
16 175 2
29 162 1
210 237 1
75 117 1
32 174 1
188 229 1
51 164 1
159 238 2
233 250 1
22 165 1
77 86 1
21 55 1
130 191 1
14 49 1
137 155 1
76 261 1
33 91 3
32 45 1
126 182 1
163 183 2
15 203 1
225 242 2
91 129 2
28 141 1
189 232 1
39 175 1
200 232 1
90 197 3
38 226 1
61 233 1
222 242 1
61 166 1
15 145 1
21 65 2
4 49 1
92 236 5
10 146 1
14 150 1
149 149 1
178 178 1
169 212 1
76 139 1
95 102 1
93 168 2
131 230 1
213 250 2
100 254 3
45 205 1
28 216 1
162 175 1
92 102 1
143 182 1
26 114 2
122 196 1
9 10 1
89 241 1
62 232 1
101 261 1
39 210 2
78 130 1
53 98 1
101 236 1
102 131 1
95 101 1
123 191 1
51 88 1
123 263 2
90 182 1
27 32 1
142 208 1
71 237 1
76 137 2
45 200 1
33 89 1
63 80 1
78 244 1
35 142 1
101 122 2
137 210 3
7 165 1
63 224 1
49 167 3
225 228 1
159 166 1
188 228 3
93 227 1
48 71 1
131 205 1
108 236 1
38 81 1
31 145 1
61 150 1
28 89 1
159 247 1
100 150 1
37 96 2
39 71 1
79 241 1
96 137 1
92 143 1
71 225 2
16 92 2
95 203 1
70 130 1
213 254 1
212 248 1
208 238 1
134 261 1
39 209 1
90 242 1
233 254 1
129 216 1
169 182 1
48 76 1
147 188 1
65 168 2
36 140 1
198 227 1
74 217 1
18 113 1
218 249 1
100 174 1
42 220 1
165 170 2
116 250 1
51 140 2
11 262 2
155 210 1
108 108 1
171 234 1
15 93 1
21 108 1
180 261 1
65 86 1
150 178 1
25 242 1
75 121 1
35 231 1
68 210 2
227 237 1
42 248 1
60 116 1
17 72 1
117 124 1
78 161 1
77 205 1
113 135 1
195 257 1
174 208 1
14 89 1
42 61 1
123 143 1
67 107 1
87 91 1
15 68 1
7 134 1
108 137 1
96 162 1
145 242 1
51 143 1
137 154 1
35 224 1
17 144 1
36 147 1
61 116 1
19 122 1
124 160 1
74 77 2
140 147 1
78 179 1
88 192 1
39 68 2
11 123 1
60 88 2
124 155 1
18 49 1
137 175 1
39 222 1
35 90 3
123 149 1
61 149 1
155 223 1
26 95 1
95 252 1
21 230 3
78 177 1
141 225 1
133 232 1
142 205 2
121 236 1
81 250 4
205 216 1
14 189 2
222 233 1
117 125 1
32 90 1
67 140 1
39 166 1
49 143 1
53 244 1
180 196 1
25 67 1
117 143 1
89 225 1
123 238 1
11 74 1
135 196 2
21 137 2
100 205 1
166 205 1
17 254 1
191 192 1
69 208 1
32 169 1
35 37 2
53 60 1
38 76 1
227 258 1
89 234 1
62 165 3
123 222 1
134 139 1
236 259 1
125 225 1
17 89 1
70 71 1
136 230 1
155 177 1
155 201 1
51 219 1
77 234 1
161 169 1
134 254 1
14 74 1
126 169 1
42 153 1
150 234 1
60 171 2
35 219 1
10 168 1
61 119 1
3 78 1
92 230 1
227 227 1
227 228 1
63 130 1
42 218 1
45 157 1
69 78 2
210 232 1
42 213 1
85 140 2
68 159 1
133 182 1
121 237 1
41 83 1
63 168 1
7 14 1
32 220 1
92 97 1
18 117 1
46 205 1
49 263 1
106 133 1
174 220 1
194 213 2
20 231 1
63 139 1
13 64 1
17 213 1
124 212 1
230 242 1
32 48 1
37 49 1
36 72 1
49 95 1
39 177 1
145 165 1
95 220 1
129 222 1
47 81 1
56 191 1
113 128 1
42 49 1
157 198 1
13 55 1
89 90 1
186 248 2
42 120 1
119 127 1
86 177 1
119 247 1
16 37 1
85 197 1
205 237 4
39 55 1
119 254 1
122 191 1
61 230 1
90 131 1
191 196 1
97 166 3
36 36 1
231 242 1
126 137 2
201 209 1
137 216 1
242 261 2
25 121 1
135 191 1
77 155 2
136 213 2
35 75 1
49 78 1
74 80 1
18 143 2
58 87 1
78 242 1
39 239 1
83 234 1
164 171 1
155 261 1
67 261 1
82 223 1
123 261 1
22 231 4
75 133 1
98 196 1
136 259 1
79 182 1
63 230 1
192 215 1
166 242 1
20 24 1
140 159 1
81 233 1
3 100 1
191 261 1
90 167 1
142 159 1
89 163 1
170 228 1
181 222 1
155 231 1
182 209 1
142 235 1
137 201 1
130 198 1
142 254 1
98 143 1
38 216 1
64 215 1
51 167 2
35 203 1
85 234 2
78 151 1
203 234 1
29 48 1
164 220 1
69 143 1
70 139 2
39 144 1
7 244 1
48 252 1
32 143 1
19 140 1
17 226 1
65 159 1
106 189 1
16 95 1
62 141 1
88 152 1
61 91 1
64 197 2
129 197 1
76 220 1
43 133 1
39 165 2
156 229 1
232 248 1
39 162 1
77 190 1
28 180 1
81 263 1
29 86 1
33 41 1
168 223 1
29 165 1
185 239 2
95 160 1
95 180 1
76 148 1
11 67 1
185 259 1
113 193 1
170 248 1
39 225 1
113 235 1
39 45 1
155 216 1
14 223 1
72 85 1
124 231 1
107 173 1
11 233 1
51 146 1
50 112 1
94 203 1
143 259 1
25 179 1
36 108 1
167 258 2
39 196 1
74 117 1
108 210 1
32 162 1
108 166 1
36 63 1
36 246 1
85 139 1
77 85 1
36 92 1
39 79 1
78 237 1
47 137 2
215 261 2
69 234 1
72 262 1
25 72 1
35 38 2
86 236 1
16 122 1
90 133 1
222 228 2
48 62 1
45 83 2
141 198 1
137 191 1
102 164 1
177 197 1
62 228 1
9 175 1
101 134 1
16 205 1
167 208 1
75 108 1
49 227 1
17 116 2
86 186 1
91 181 1
37 130 1
14 112 1
15 92 1
215 252 1
35 145 1
69 254 1
78 145 1
62 170 1
148 169 1
215 217 1
159 193 1
148 257 1
70 226 1
42 146 1
258 261 1
45 160 1
94 169 1
174 258 1
18 51 1
168 254 2
35 93 1
154 246 1
72 238 1
164 215 1
192 234 1
56 262 1
208 222 1
107 177 1
26 48 1
185 232 1
17 155 1
219 242 1
22 224 1
16 19 1
140 222 1
182 242 1
65 130 1
29 140 1
10 197 1
55 151 1
121 246 1
75 171 1
137 157 2
32 232 1
25 108 1
39 91 1
174 242 1
227 249 1
124 216 1
38 137 2
14 97 1
39 97 1
225 226 1
61 239 1
208 216 1
10 191 1
9 201 1
111 225 1
81 128 1
18 147 1
94 120 1
49 72 1
10 76 1
102 241 1
76 213 1
177 225 1
60 189 1
51 254 2
97 228 1
28 135 1
125 243 1
56 260 1
102 157 1
10 139 1
88 242 1
26 29 1
74 196 2
29 233 1
130 218 1
69 233 1
213 222 1
230 235 1
170 218 1
10 89 1
72 173 1
142 248 1
51 250 1
131 170 1
121 124 1
88 160 1
69 71 1
69 200 1
159 242 1
3 121 1
139 231 2
56 205 1
62 224 1
28 198 2
178 234 1
69 147 1
89 107 2
76 141 1
15 140 1
80 216 1
95 263 1
75 205 1
81 197 1
140 225 1
89 177 1
197 218 1
161 213 2
53 140 1
181 198 1
49 233 1
227 233 1
63 189 1
127 170 1
38 205 1
20 136 1
83 88 1
117 140 1
189 233 1
62 227 1
16 81 1
39 141 1
121 157 1
19 262 1
67 161 1
63 170 1
134 170 1
82 135 1
208 236 1
47 100 1
107 171 1
196 244 1
101 130 1
14 26 1
15 170 1
170 203 1
74 130 1
71 165 1
10 248 1
161 174 1
136 161 2
41 248 1
133 137 1
68 101 1
120 137 1
61 71 1
51 163 1
82 216 1
4 74 1
37 95 1
39 123 1
208 212 1
49 50 1
150 164 1
11 55 1
131 142 1
147 244 1
55 107 1
142 222 1
77 244 1
159 162 1
7 63 1
77 233 1
51 81 1
10 131 1
86 224 1
174 185 1
161 247 1
32 244 1
100 222 1
193 232 1
165 188 1
22 76 1
75 260 1
142 190 1
18 263 1
100 108 1
168 240 1
10 124 1
38 38 1
127 234 1
36 188 1
15 157 1
18 148 1
203 231 1
64 258 1
161 227 1
209 227 1
51 51 1
72 209 1
32 181 1
159 170 1
87 94 1
51 213 1
10 236 1
123 231 1
213 246 1
136 231 1
28 35 1
77 225 1
210 231 1
75 101 1
71 123 1
45 166 1
163 188 1
10 222 1
86 98 1
11 90 1
49 76 1
51 166 1
98 170 1
209 241 1
98 141 1
37 228 1
20 237 1
134 144 1
37 76 1
177 203 1
39 95 1
78 227 1
97 155 1
56 63 1
51 58 1
89 174 1
200 223 1
76 246 1
18 233 1
60 209 1
179 256 1
87 192 1
60 69 1
196 234 1
211 218 1
146 248 1
182 213 1
21 68 1
59 168 1
35 119 1
82 102 1
55 177 1
125 126 1
133 163 1
25 76 1
26 75 1
35 249 1
18 192 1
169 234 1
93 249 1
