17 132 49
113 224 76
234 234 437
1 90 8
48 209 23
141 246 108
229 236 753
170 233 513
161 161 893
140 163 313
43 229 195
140 162 957
161 234 1493
162 263 635
236 238 1789
162 239 489
142 238 2018
132 239 172
100 170 683
107 161 724
145 145 175
164 261 94
230 261 225
144 255 28
137 144 66
132 229 146
75 142 173
230 239 786
132 238 164
138 234 146
50 239 250
161 239 764
50 161 311
151 239 1069
142 236 1782
79 79 502
79 164 344
83 173 1
141 263 1756
236 263 2143
236 236 2768
79 233 361
107 233 502
107 113 493
113 186 461
237 239 1184
125 161 102
134 138 10
140 229 881
170 186 1268
113 164 322
68 164 532
186 236 363
68 186 695
48 186 1060
97 138 29
16 138 16
13 158 241
48 142 1358
43 48 417
142 143 1267
142 229 439
143 239 1509
90 229 107
163 230 1131
33 132 82
43 236 1037
79 161 387
107 148 231
50 142 406
50 238 139
142 243 20
140 141 1029
107 186 883
88 138 58
87 230 109
230 236 660
186 230 2105
87 138 142
87 224 34
142 239 2815
132 263 152
79 107 887
87 148 133
43 138 103
43 186 218
68 138 185
100 186 515
163 246 591
237 238 878
1 163 39
249 249 250
162 249 262
138 249 76
162 238 314
107 237 382
162 237 2166
142 237 1997
230 246 1032
170 230 798
113 158 316
158 230 180
161 229 919
132 142 212
161 186 1763
24 151 230
48 132 418
113 249 547
48 246 1109
79 249 564
137 137 106
162 170 1389
236 255 8
50 158 70
48 88 60
141 234 173
79 158 191
36 198 2
164 230 817
66 186 13
163 164 608
43 142 908
50 125 19
48 238 414
24 238 478
42 138 42
48 230 1022
138 239 187
48 48 783
68 234 1049
13 68 249
13 249 222
170 231 261
13 48 183
161 231 367
148 231 154
138 230 787
79 186 589
48 100 547
48 161 1142
138 181 85
100 100 154
229 230 477
48 163 909
162 166 39
42 163 24
43 263 273
236 239 1883
239 263 520
140 263 970
114 261 72
48 261 114
7 48 14
79 138 137
41 151 328
238 239 2835
75 161 165
236 237 6274
68 87 91
148 162 141
141 151 87
1 132 16
132 164 378
45 211 29
114 246 188
132 255 147
166 168 5
162 236 1528
132 162 444
140 236 1467
151 236 448
142 142 814
142 230 1123
41 68 26
79 170 684
90 233 126
68 75 34
100 246 537
161 227 1
114 132 80
107 170 1563
4 234 84
132 219 146
76 132 50
143 238 968
74 151 121
68 132 254
137 181 16
142 162 821
161 236 1780
161 237 2584
141 143 197
163 239 792
107 141 250
68 170 595
48 50 522
50 170 128
68 140 87
137 162 540
137 170 521
113 230 254
40 138 22
33 33 36
50 164 120
138 161 598
48 211 118
144 163 119
141 239 479
141 236 2322
143 236 492
142 161 1299
162 234 848
68 230 800
68 161 646
33 43 5
87 261 101
144 162 157
144 230 253
132 201 11
114 138 41
230 234 662
56 132 97
82 211 2
102 132 16
79 162 471
170 237 899
68 100 436
164 170 913
132 230 695
74 75 641
48 151 187
148 261 65
45 148 53
186 234 1345
68 79 348
125 231 200
41 158 2
13 161 162
148 249 172
100 230 1084
186 233 467
43 75 150
43 238 562
43 143 260
107 162 973
142 262 321
140 262 1046
162 229 877
90 113 415
68 68 595
68 246 994
186 249 569
45 249 38
125 234 192
113 140 74
79 113 673
13 231 617
107 164 513
161 164 1496
138 256 51
236 262 1876
75 236 1077
90 211 219
137 234 417
229 237 1164
224 229 64
164 239 143
137 141 258
132 148 165
100 239 175
48 239 822
141 230 367
48 170 547
48 164 465
164 246 466
113 170 483
79 211 312
68 142 416
238 263 476
138 141 191
142 261 30
48 249 264
237 262 1121
143 262 74
211 230 186
163 186 894
107 142 152
13 113 112
87 211 139
170 170 583
114 162 207
162 163 987
132 161 484
50 230 443
49 129 1
141 161 996
43 239 699
132 181 173
33 170 31
141 237 2095
142 211 46
75 246 21
151 238 1230
238 262 291
75 163 107
163 237 1298
68 163 443
87 161 148
88 142 19
1 230 55
90 114 260
107 249 408
161 233 606
163 236 1126
230 238 345
90 142 136
161 230 1506
143 246 275
142 151 588
137 186 475
142 186 407
141 162 1224
162 262 453
161 170 1258
179 179 8
186 239 234
75 237 479
142 163 1197
234 237 463
158 170 197
162 186 1124
158 234 397
45 216 2
144 170 206
100 229 214
141 186 260
43 261 22
125 238 10
113 234 816
48 141 214
48 234 513
230 230 537
132 262 137
88 230 79
137 230 124
163 209 18
132 136 2
100 162 614
90 186 606
100 138 222
148 186 209
79 132 203
43 151 196
113 161 443
68 141 122
68 231 356
88 132 51
137 222 2
138 170 321
48 114 140
144 161 247
113 125 137
132 170 386
17 170 3
137 138 71
107 229 502
48 158 170
158 249 339
100 114 111
229 233 680
33 125 9
50 237 120
43 237 1001
100 231 137
100 224 27
68 233 162
41 230 63
113 114 364
68 90 747
129 138 288
37 138 35
74 138 60
74 185 2
164 164 269
79 234 807
14 132 43
137 211 39
144 232 60
113 259 1
132 186 216
161 261 131
90 161 453
66 132 31
90 231 288
186 261 167
229 229 298
48 237 515
224 234 157
224 239 8
162 230 1171
48 75 68
13 164 89
4 79 190
140 170 297
211 236 63
50 132 66
164 186 569
186 246 819
14 100 6
107 246 246
79 230 259
211 231 356
230 231 286
43 230 603
92 261 3
138 142 194
100 233 236
164 249 282
142 246 443
166 239 527
4 107 97
141 141 824
158 211 218
40 132 51
142 233 164
141 233 535
237 237 2282
42 100 27
48 229 245
170 262 193
144 186 241
100 161 1086
65 144 22
12 48 9
4 132 33
79 261 87
45 230 45
138 246 80
236 246 190
229 246 110
142 164 287
143 237 515
229 263 614
1 162 40
7 132 97
95 132 101
140 140 468
43 140 208
163 163 291
48 233 196
97 181 18
161 262 382
152 152 33
142 263 408
137 142 93
151 166 541
141 211 42
87 144 134
113 237 219
163 234 469
90 230 403
166 238 862
249 261 86
246 249 401
13 229 55
166 236 261
162 181 24
233 263 257
163 260 7
116 142 43
88 164 58
158 246 359
239 239 1066
69 238 2
132 132 663
49 138 60
234 246 754
211 234 380
79 229 301
164 229 325
140 239 316
142 249 118
48 127 6
132 151 70
113 151 23
158 161 217
229 262 434
164 262 83
43 132 105
238 246 155
13 108 2
65 230 16
107 263 128
50 243 8
74 116 33
263 263 540
113 231 378
13 144 118
170 263 297
132 236 203
161 162 1252
132 158 107
170 249 354
164 166 18
41 166 293
48 90 411
100 144 113
90 249 673
79 114 431
45 79 81
141 163 549
75 75 337
107 163 232
4 144 58
74 263 367
42 75 108
74 248 2
170 246 412
50 143 245
68 144 192
148 246 63
137 161 276
116 230 10
143 151 294
114 229 59
87 164 99
74 237 159
148 234 224
137 233 452
90 100 341
41 162 46
141 144 36
132 138 279
262 263 991
132 163 341
4 43 10
4 142 8
75 141 315
80 113 3
112 162 19
13 170 119
13 263 20
43 163 523
43 50 59
132 237 166
41 237 122
137 263 116
74 236 558
41 231 10
132 145 168
138 140 152
113 233 140
234 249 906
88 161 88
158 162 134
7 138 112
164 231 218
186 232 46
161 232 36
233 246 124
13 233 59
231 236 108
50 246 345
211 229 61
211 249 344
75 79 20
114 164 181
90 164 417
113 236 146
74 162 49
144 238 20
158 231 404
90 224 64
186 263 155
13 230 194
90 132 140
4 211 40
186 262 123
234 257 3
88 231 142
129 129 28
13 209 43
144 261 122
132 261 93
51 74 5
48 263 124
13 100 72
13 246 300
45 261 55
79 141 126
42 50 6
42 42 132
132 234 170
7 79 13
162 164 800
234 261 94
68 238 168
87 87 81
87 132 151
170 234 1705
148 211 148
138 223 180
138 227 3
79 148 438
231 231 475
74 239 112
13 67 1
161 238 385
158 186 264
234 239 205
143 162 273
100 261 63
48 148 66
88 243 3
107 151 16
151 230 102
143 234 137
143 143 392
43 161 797
143 230 388
107 132 212
13 234 181
239 262 263
75 263 636
162 261 105
100 113 163
66 138 22
13 87 197
13 162 122
140 237 1458
164 211 152
234 263 130
138 238 128
114 141 50
61 132 91
61 87 9
143 164 84
48 68 1292
28 132 158
140 169 1
3 132 6
142 231 94
231 239 107
151 152 54
151 237 253
79 236 98
107 107 322
50 186 316
75 186 53
54 186 5
107 230 330
138 224 34
186 224 84
43 162 392
132 260 48
92 113 2
233 234 319
107 140 239
41 236 230
43 164 230
100 237 305
42 166 122
145 196 1
170 236 573
24 75 57
138 220 15
90 238 57
132 216 172
100 163 660
112 132 94
197 234 2
50 249 79
48 125 59
7 107 9
79 262 70
113 142 133
75 239 247
141 262 944
113 138 87
45 87 64
48 162 750
107 158 160
237 263 1505
138 171 14
114 249 424
161 249 348
50 138 64
41 249 11
158 238 30
143 186 185
26 163 2
107 188 9
68 107 404
127 236 5
32 158 1
230 237 826
132 143 75
141 142 721
41 74 291
43 262 164
88 249 34
144 148 158
48 144 101
140 144 39
68 209 26
42 239 46
138 145 70
132 215 160
226 255 2
140 246 55
239 246 287
142 224 17
114 170 328
151 151 245
75 116 15
152 238 78
142 166 328
233 237 491
151 262 91
140 230 194
79 232 177
132 231 143
125 186 154
138 151 69
186 189 12
107 211 180
68 125 171
144 256 23
82 129 8
238 238 823
79 163 127
88 107 72
88 246 58
79 137 551
125 148 74
107 262 147
132 166 89
141 238 392
88 100 32
132 233 197
50 90 145
141 229 1062
170 229 833
186 238 146
144 234 352
90 246 662
162 162 828
33 90 12
161 246 652
229 239 202
166 166 259
13 239 45
1 239 5
13 186 174
151 232 1
113 143 40
162 231 296
144 209 44
138 262 140
74 262 124
41 41 220
68 88 59
79 144 405
48 113 158
1 1 59
90 234 628
75 164 48
144 236 57
239 261 22
237 246 265
132 203 60
144 211 112
107 137 495
125 158 154
158 237 86
137 229 404
237 249 148
138 143 91
37 132 68
138 236 241
224 232 13
148 224 24
161 263 486
211 262 15
13 66 6
140 142 394
24 142 168
9 132 11
113 261 69
74 209 4
173 237 4
116 166 103
24 236 131
42 48 47
244 246 12
74 152 54
114 234 575
100 151 35
107 138 171
141 145 27
52 256 2
170 238 155
144 249 245
42 262 26
79 239 63
148 161 127
138 244 38
79 90 333
230 263 176
137 224 113
164 237 502
43 233 96
43 137 47
138 229 165
50 100 167
137 140 209
186 254 2
33 255 4
132 223 97
234 236 373
144 246 135
142 144 39
87 112 3
112 255 9
13 207 1
132 196 51
13 132 131
148 181 7
163 211 141
80 239 2
7 90 7
41 42 273
162 233 557
151 244 50
230 249 253
164 234 968
75 238 473
48 143 682
143 243 14
68 158 383
13 114 121
102 237 4
141 231 78
33 256 3
161 163 1449
50 163 334
246 246 336
163 261 54
164 238 96
95 138 66
141 146 33
107 224 148
211 261 109
90 125 140
114 262 44
68 114 290
140 233 397
163 229 495
132 242 3
48 255 4
42 142 62
87 231 358
87 162 143
132 189 68
138 209 46
13 237 80
43 141 374
141 243 4
132 249 89
237 256 10
33 107 17
90 143 78
107 145 10
14 238 1
239 243 22
25 263 3
12 163 6
65 113 18
65 195 3
43 234 133
143 229 90
1 13 15
33 261 14
75 151 255
143 170 121
132 167 4
71 89 2
138 255 78
138 257 18
181 181 49
224 238 6
67 261 2
50 68 367
100 140 121
48 140 157
41 142 148
100 236 214
143 231 64
107 236 260
132 232 43
170 239 209
114 231 298
90 144 136
140 164 150
140 161 557
191 210 1
12 162 6
48 236 465
42 236 104
75 140 226
100 249 180
42 159 6
107 169 3
60 61 2
4 138 19
162 246 389
68 249 632
152 243 4
140 238 307
129 132 60
33 65 21
114 163 101
138 186 184
151 243 17
89 138 34
89 181 7
41 194 1
138 163 339
132 188 56
151 263 148
100 142 283
48 262 82
1 231 17
79 87 222
68 113 361
261 261 45
14 163 3
14 138 19
13 142 61
137 262 120
237 244 18
90 170 487
68 162 362
97 256 6
132 140 131
129 161 7
186 223 11
48 166 80
143 163 589
143 263 127
164 233 349
68 143 217
148 230 99
170 211 159
144 231 335
48 231 222
140 143 157
231 263 42
141 249 53
141 224 35
24 239 289
24 74 73
13 232 26
137 209 24
87 158 102
40 186 11
45 65 21
113 211 322
113 141 80
145 161 48
7 193 30
43 246 108
146 237 16
41 141 59
42 152 50
116 152 65
116 238 71
25 66 10
13 138 102
90 162 239
237 255 12
230 243 19
114 143 20
138 226 50
112 226 5
138 263 170
160 237 1
132 225 68
43 170 189
43 100 165
186 229 375
186 237 528
65 161 19
186 209 34
163 231 170
107 256 24
161 165 3
158 236 46
152 186 21
48 137 109
186 256 18
13 261 82
137 167 2
45 144 51
75 262 260
68 236 201
7 186 15
62 132 25
138 189 33
50 151 76
50 144 29
7 263 4
113 137 179
80 138 56
241 244 1
100 263 74
74 254 3
114 237 110
211 211 57
163 262 196
132 224 39
48 116 31
41 132 56
25 231 23
114 158 209
132 144 94
162 224 97
90 107 463
233 236 262
229 234 333
43 224 6
1 100 23
128 132 1
239 244 50
132 218 65
144 164 159
125 170 120
148 170 174
179 262 2
231 261 219
107 209 35
12 100 5
89 249 3
49 234 13
140 146 27
25 33 36
161 211 260
231 234 480
13 125 98
141 170 553
52 186 6
162 179 14
229 256 3
246 261 96
138 162 532
138 233 193
170 224 139
100 107 276
113 238 49
10 132 359
166 247 1
232 249 47
41 48 59
25 40 22
35 138 1
66 87 25
137 163 86
138 260 60
66 231 31
231 249 553
114 186 325
116 132 41
93 132 423
75 143 72
41 163 42
230 232 25
74 244 30
79 238 63
71 132 19
141 148 38
239 249 78
88 90 25
68 239 216
66 230 15
143 161 397
90 163 235
48 243 21
132 197 56
114 209 27
132 256 96
13 148 82
114 148 156
226 260 26
13 141 44
74 161 54
140 257 3
36 132 39
41 143 39
138 164 332
68 74 13
25 161 9
79 224 168
116 263 14
152 249 4
107 239 94
209 231 100
112 141 13
65 256 9
130 132 161
87 100 59
233 261 39
4 148 96
125 164 75
144 158 147
87 114 78
113 163 176
79 142 87
1 211 7
113 132 127
148 233 76
186 243 10
41 127 4
233 249 77
7 7 68
90 140 70
1 261 14
211 233 44
158 262 13
24 48 52
24 166 176
41 239 197
114 211 147
95 148 1
41 238 315
41 262 24
181 249 10
186 231 387
142 170 416
107 144 254
67 87 3
79 260 4
13 13 84
137 231 74
164 224 48
41 116 57
135 138 19
13 163 116
229 261 24
37 144 3
48 138 260
42 226 1
24 41 124
166 244 61
186 227 1
87 107 135
100 234 550
163 170 668
36 138 33
48 208 1
45 113 30
7 141 35
79 237 140
43 43 419
164 232 40
209 211 33
112 211 8
113 263 36
92 132 28
48 79 159
48 87 72
138 188 26
230 233 392
88 261 60
144 237 82
97 186 14
209 209 15
209 261 25
43 74 72
1 186 24
249 255 8
79 151 25
114 161 265
116 234 6
43 68 124
4 186 57
113 262 60
163 233 287
50 233 47
13 88 117
4 261 25
87 163 43
42 230 27
45 186 42
100 143 132
151 186 49
163 238 410
146 260 11
24 162 23
129 137 6
13 75 7
114 114 96
116 237 28
45 132 24
7 129 28
113 113 239
107 114 414
158 158 121
41 144 4
74 143 23
132 226 121
226 226 90
13 211 157
74 74 143
145 233 19
145 179 13
90 138 85
138 158 41
74 186 22
116 261 1
148 163 60
125 132 63
75 132 85
90 237 170
166 263 86
42 238 64
106 239 2
50 79 40
231 244 12
163 249 190
67 158 1
125 249 231
209 234 45
1 144 6
45 142 12
68 211 228
142 158 73
207 260 1
138 202 21
186 226 14
163 202 5
33 138 53
138 237 196
143 209 1
90 239 118
140 234 171
90 141 77
41 80 1
45 234 31
127 142 3
151 229 34
100 260 5
140 186 258
49 181 9
161 181 14
114 140 47
113 246 248
231 246 381
50 261 23
90 232 18
229 249 72
141 166 52
45 237 16
138 231 93
75 166 106
232 234 98
101 138 5
68 261 104
74 170 33
107 238 82
100 255 9
125 163 43
16 132 16
159 242 1
148 256 23
75 234 41
65 138 63
211 246 172
148 158 58
7 163 16
4 239 3
95 161 30
116 143 18
132 139 26
88 177 1
186 217 5
129 223 8
90 263 46
43 87 25
43 232 5
234 243 6
137 246 51
75 100 37
79 140 156
48 217 2
114 256 14
50 231 73
97 132 62
262 262 276
13 50 63
140 165 5
74 107 19
166 243 23
75 220 5
87 239 26
33 114 19
79 246 200
63 186 1
25 97 19
13 107 93
48 107 225
107 255 14
230 262 154
113 144 296
116 246 12
1 233 15
114 233 74
144 144 97
50 162 192
100 211 117
68 137 129
181 236 11
42 74 130
65 88 12
180 258 1
48 235 6
7 162 52
87 186 160
4 100 16
68 166 28
107 146 5
1 249 6
1 48 34
227 231 3
100 132 214
107 143 41
50 229 47
12 45 2
87 137 76
93 263 3
144 239 30
7 226 47
114 238 27
43 107 85
43 144 41
33 249 11
146 186 11
33 48 7
1 246 23
234 262 134
24 194 2
48 65 8
142 234 226
7 246 3
67 132 5
146 229 10
39 132 38
24 137 9
224 231 34
13 45 38
179 229 12
24 237 57
170 261 64
244 262 7
231 233 69
93 151 1
42 116 52
64 148 1
125 230 92
13 33 17
4 162 48
66 209 7
33 66 26
65 66 24
66 211 12
45 163 29
148 148 98
75 152 31
25 138 41
43 116 12
148 164 104
1 50 4
88 170 125
100 232 25
138 198 18
26 132 21
125 237 45
130 230 8
100 164 346
50 236 98
162 255 29
144 224 33
25 257 3
158 164 146
216 216 25
7 238 5
12 79 10
33 186 18
133 138 8
236 249 92
181 263 5
17 138 40
20 100 1
198 237 4
33 231 54
162 232 40
137 164 279
10 246 2
33 68 8
41 244 30
41 138 69
41 69 9
234 238 132
82 144 5
163 263 297
74 238 164
148 239 17
17 144 3
151 234 34
123 138 5
7 74 4
255 260 1
79 147 2
90 90 222
67 230 2
116 239 61
41 140 39
151 161 110
68 237 278
49 141 1
79 209 52
137 215 2
11 154 1
24 234 12
75 230 69
140 209 26
119 138 5
112 234 12
13 262 27
7 237 33
142 244 45
224 236 27
138 166 75
75 249 6
132 155 18
7 75 8
45 107 40
224 263 17
145 162 63
79 263 66
79 231 296
33 225 5
166 237 157
211 256 6
107 234 720
143 166 157
158 261 89
137 238 60
45 158 10
50 224 2
33 137 17
138 225 24
107 232 71
148 229 64
25 65 19
229 238 142
7 142 13
132 141 156
7 230 30
80 229 2
68 263 63
42 254 4
1 161 60
164 236 301
150 213 1
158 163 116
43 158 32
68 119 2
65 237 6
140 211 39
79 243 6
64 138 10
164 263 110
138 138 266
148 237 48
181 238 2
132 211 91
162 211 129
68 133 1
230 244 17
179 231 1
42 151 66
158 239 45
170 255 18
88 234 60
24 262 24
100 238 110
211 232 36
60 186 1
137 255 4
36 79 2
13 40 12
13 90 108
231 237 116
45 170 34
45 114 28
100 209 15
140 202 26
48 226 14
48 74 22
49 186 19
97 143 2
66 162 32
100 141 122
175 209 1
90 158 331
79 256 28
36 161 6
65 65 11
142 200 5
40 113 8
139 230 4
142 196 2
1 68 30
41 263 73
112 112 10
125 141 22
127 152 4
48 188 2
43 249 57
125 211 66
138 232 27
186 255 20
144 262 23
29 132 19
97 254 1
1 141 3
132 157 57
1 138 7
211 237 92
113 148 182
186 200 4
209 239 8
181 229 11
186 211 218
41 79 12
148 238 18
70 132 31
249 263 47
236 261 35
80 255 6
15 138 15
90 137 173
141 217 2
223 230 24
50 75 32
68 145 15
217 261 5
161 224 62
224 224 22
4 170 52
231 243 4
113 229 116
4 48 11
140 224 61
132 185 7
138 169 4
168 229 1
68 224 38
114 236 60
7 164 17
134 236 2
12 13 16
36 158 1
90 148 77
148 255 17
107 125 81
141 226 19
12 211 4
88 233 68
132 137 71
137 143 18
45 164 23
4 230 20
41 152 70
70 138 72
1 262 4
13 79 123
74 141 151
122 132 9
87 170 154
74 166 135
167 167 9
167 205 2
41 161 61
68 179 4
75 114 11
116 151 66
45 246 19
49 232 1
170 232 68
1 114 3
163 244 23
37 231 1
143 249 40
114 142 75
170 226 17
65 231 27
7 170 21
158 233 41
146 224 2
41 43 88
75 170 55
55 145 1
51 174 1
83 239 8
151 164 33
181 239 2
163 166 88
24 43 71
24 68 20
56 82 4
142 223 5
48 56 1
4 233 39
93 236 7
87 232 83
68 229 109
132 246 103
112 186 19
79 112 10
28 163 2
114 145 1
87 249 115
56 143 2
148 232 65
49 132 100
114 230 183
233 233 141
90 261 53
66 261 21
22 138 3
123 132 19
35 87 1
127 132 12
95 140 10
49 263 1
130 263 2
231 238 61
15 231 2
93 141 3
158 263 27
137 249 112
209 232 29
145 249 6
25 132 82
89 132 63
164 209 27
65 132 56
33 116 1
82 197 3
1 234 17
137 158 31
79 88 84
179 230 9
42 186 25
138 179 53
133 228 1
132 257 18
45 162 47
113 145 11
90 236 109
13 216 2
224 249 45
12 68 6
45 88 48
87 246 90
145 261 3
125 246 111
132 258 36
116 148 1
97 165 1
65 238 3
68 220 6
50 263 38
132 171 13
49 237 5
142 209 8
1 142 14
37 159 1
100 148 68
24 42 33
132 134 50
233 238 71
24 100 18
114 239 40
141 164 229
138 157 7
88 256 7
138 210 2
76 232 7
13 181 18
50 50 100
138 193 7
37 148 3
45 100 28
181 189 15
26 181 1
138 168 10
138 191 8
28 153 1
45 231 87
50 262 16
137 256 9
181 217 1
132 150 17
33 237 14
66 181 9
90 181 15
45 232 29
41 224 2
125 142 22
145 170 30
33 234 36
132 253 3
113 232 63
106 162 3
82 132 79
100 256 9
65 90 3
87 125 48
70 137 2
142 256 4
8 166 1
54 132 5
231 232 57
186 228 4
68 243 8
164 226 11
132 177 13
132 146 46
68 93 7
132 217 8
257 257 2
89 89 14
87 233 84
75 107 39
141 260 5
163 224 26
7 252 2
131 132 24
82 260 17
168 186 1
157 236 1
29 29 1
132 241 6
145 230 18
14 179 1
74 223 6
24 186 14
181 186 39
79 100 149
88 137 33
75 229 95
14 79 4
116 186 16
24 116 28
95 186 4
50 211 33
100 225 4
193 193 162
166 230 60
75 233 51
147 212 1
75 137 56
97 229 4
116 244 54
26 161 8
89 170 4
138 252 25
186 193 5
4 229 30
88 162 119
35 132 13
113 162 299
69 126 1
92 234 3
88 263 28
213 233 2
229 231 72
132 200 13
49 162 5
25 163 2
41 87 5
155 209 3
4 87 40
142 152 34
41 75 230
88 158 42
43 211 38
140 232 16
224 261 10
159 166 2
151 249 14
100 262 67
211 239 35
146 179 23
257 261 6
226 236 9
125 239 32
142 232 12
74 140 161
124 132 38
151 162 64
97 113 14
197 215 1
76 142 1
233 239 86
62 262 1
238 244 72
48 224 21
13 137 51
137 232 58
45 68 24
88 148 47
40 87 9
224 230 40
66 88 15
33 41 1
74 194 10
88 181 14
69 140 4
209 246 30
50 141 46
114 125 94
114 232 37
100 147 1
79 175 1
132 168 9
50 148 11
87 236 48
125 143 13
83 138 17
45 161 39
53 138 12
50 140 47
43 114 36
43 231 47
137 261 30
138 148 59
7 161 33
7 249 4
90 228 10
4 231 44
148 257 1
151 163 159
69 237 2
64 132 19
220 238 14
68 262 60
80 162 8
17 158 1
145 237 38
72 227 3
75 87 24
145 229 43
75 138 67
88 163 31
113 239 69
50 113 45
74 132 46
112 166 10
166 249 19
233 262 178
143 233 51
24 132 34
66 141 5
7 137 22
166 186 46
36 141 2
65 87 17
170 209 42
14 246 5
116 236 22
29 107 3
163 165 5
7 146 64
33 87 36
140 249 62
127 138 21
65 234 11
140 148 37
138 144 48
102 161 2
42 132 38
152 261 1
88 244 1
114 137 115
74 137 31
246 262 35
13 140 51
42 43 35
65 246 6
61 138 46
42 229 13
43 112 5
49 112 2
106 132 17
137 237 149
146 226 17
45 159 1
116 116 31
114 144 167
209 237 13
33 52 37
75 244 15
45 71 6
88 209 39
87 234 133
132 244 42
87 262 55
107 231 217
42 194 1
125 261 49
125 181 12
127 239 9
3 138 4
25 170 15
112 145 11
88 97 3
132 210 34
161 244 15
10 100 3
48 89 2
88 144 40
138 253 2
25 233 14
24 163 41
66 79 9
100 137 186
134 216 2
164 257 2
35 76 3
43 166 102
67 211 1
67 162 3
160 229 3
232 236 15
43 125 11
162 209 47
13 236 46
223 263 4
166 229 28
92 161 7
166 262 40
52 236 3
132 209 54
4 137 53
45 236 11
42 141 13
145 226 27
138 152 12
137 236 123
138 261 120
65 114 10
76 117 1
143 244 28
244 244 29
62 138 6
74 100 15
88 140 70
232 232 21
141 189 3
50 234 168
151 246 54
140 217 8
65 261 13
40 231 14
102 146 1
61 186 15
223 234 2
140 151 73
74 87 14
74 168 27
40 181 12
25 114 10
43 90 54
146 234 10
195 241 3
137 148 118
87 141 42
145 146 28
90 235 1
33 223 1
81 132 5
138 258 5
41 234 19
17 244 1
52 138 14
13 255 10
26 100 11
65 97 20
17 229 2
170 260 10
66 170 14
95 163 7
90 151 20
162 257 2
49 97 31
181 237 19
87 88 74
211 263 15
100 125 57
68 193 3
25 162 18
100 243 13
75 162 156
116 138 43
56 100 8
81 90 3
88 229 30
243 246 4
140 166 47
107 166 9
45 233 18
234 255 25
193 229 5
33 161 41
33 162 44
69 75 11
117 117 1
75 88 21
54 138 4
70 179 2
7 179 39
162 243 7
147 230 2
73 91 1
66 68 10
88 239 23
208 236 1
91 149 2
1 148 6
40 170 13
14 181 1
144 189 6
211 255 10
25 230 10
164 256 9
107 261 49
4 45 13
4 263 14
69 239 3
56 170 3
24 152 19
66 107 11
10 230 15
25 189 9
181 231 44
41 209 10
4 158 12
50 88 11
98 138 10
132 152 6
42 237 49
87 238 36
226 263 9
224 233 126
66 90 7
33 144 23
140 231 71
174 230 1
91 237 3
127 143 4
116 164 7
65 164 7
43 113 89
166 246 32
152 244 27
42 145 6
166 233 23
12 88 4
15 132 16
67 137 1
4 262 14
132 198 35
43 65 3
52 229 15
37 137 9
9 138 7
50 223 2
141 261 19
22 132 15
67 100 1
25 255 3
80 132 61
211 243 1
144 181 18
152 166 146
79 177 1
125 129 2
42 244 27
100 116 7
112 233 11
121 162 1
67 231 2
75 148 13
163 215 4
169 239 5
161 209 45
112 148 10
143 182 4
113 243 3
33 45 16
4 90 30
67 148 2
142 148 39
148 262 17
255 255 10
80 112 4
100 158 106
42 170 18
25 181 31
68 97 16
42 143 22
161 255 17
14 87 8
76 89 3
49 68 10
48 223 10
234 256 14
50 114 31
45 89 7
145 186 19
90 256 10
132 165 27
166 170 34
66 164 12
170 256 14
14 118 1
48 244 29
24 143 75
151 158 16
123 162 3
97 211 8
138 228 5
145 193 36
227 246 1
151 169 1
68 80 4
125 125 33
48 130 1
61 231 6
28 140 2
243 263 8
7 68 8
127 162 4
10 216 5
129 226 20
66 229 6
65 233 13
17 83 1
43 244 14
141 232 12
80 158 1
87 113 75
232 233 28
79 125 123
50 87 16
14 107 1
15 25 1
18 138 2
243 244 22
52 106 7
4 114 63
74 125 15
144 233 64
42 161 26
125 162 62
125 138 52
48 215 6
100 171 2
92 170 2
65 255 5
74 90 6
41 164 10
74 130 2
136 236 4
40 255 2
138 243 37
35 65 1
12 262 1
7 229 20
97 231 17
223 223 23
138 205 3
52 234 7
114 185 1
24 161 46
74 142 40
68 95 4
117 132 7
88 232 55
121 252 1
90 262 36
87 189 6
249 262 29
52 114 6
161 166 54
66 256 5
83 244 2
88 186 83
52 249 6
10 148 4
11 138 3
152 230 11
13 228 2
162 226 16
141 158 26
132 179 33
7 234 9
17 43 1
55 138 1
226 230 19
40 76 1
113 260 1
138 207 7
80 167 1
52 263 6
88 225 1
237 243 7
42 68 9
65 68 13
40 246 10
162 256 23
224 246 11
157 246 7
12 132 4
87 165 12
43 209 17
79 181 20
77 181 2
239 242 1
137 243 2
125 257 2
18 90 3
75 215 3
87 151 16
14 209 11
87 142 25
33 233 13
69 263 7
211 238 20
69 130 2
87 140 65
224 262 20
74 229 30
65 186 27
151 231 16
138 208 11
90 145 8
70 74 9
25 261 11
163 255 12
137 260 6
129 179 2
197 236 2
163 232 14
4 232 26
17 237 4
1 237 9
13 52 15
41 170 22
186 216 3
133 133 13
33 158 14
65 229 7
65 158 3
24 229 17
125 236 26
125 213 2
83 129 8
13 43 17
53 132 21
36 36 5
132 135 27
1 170 20
224 237 38
43 79 68
45 138 14
243 243 11
186 190 1
33 40 26
170 228 3
238 249 37
181 255 3
230 255 10
148 209 37
49 256 2
148 236 29
88 88 20
153 161 1
66 161 20
144 263 24
152 234 3
1 216 2
181 188 8
132 178 19
17 112 1
25 234 11
74 163 29
79 143 32
229 232 18
4 249 60
158 197 1
7 39 2
87 181 34
138 259 4
65 163 7
4 113 101
61 68 3
100 112 8
145 231 12
100 195 2
33 142 7
25 191 6
74 79 14
48 73 1
146 239 1
75 168 15
42 191 1
132 205 26
112 140 29
232 237 21
66 249 7
10 170 11
41 100 20
162 240 1
93 262 2
54 66 1
190 231 3
41 229 22
28 236 1
65 162 24
79 188 3
93 211 3
145 163 17
87 209 55
12 230 12
51 170 14
112 239 6
52 87 11
10 231 2
80 170 7
140 261 20
24 263 37
67 161 1
74 231 7
117 237 13
162 225 6
186 186 169
132 173 13
51 263 1
145 164 28
12 231 9
181 211 11
113 166 10
209 223 1
24 231 5
132 228 15
68 160 2
68 148 118
209 230 38
170 179 7
66 66 3
208 242 1
157 249 2
79 226 12
27 132 4
3 100 1
170 202 7
89 100 8
135 186 1
174 254 2
40 188 1
56 87 3
90 129 2
164 217 3
132 191 25
216 231 2
82 161 14
40 229 6
107 228 2
200 204 1
43 92 5
170 196 16
132 243 23
209 233 19
161 173 3
127 244 7
43 148 12
138 211 43
179 234 6
132 149 20
52 132 30
78 138 1
33 106 6
66 67 2
116 141 5
24 230 34
7 100 9
75 90 26
52 230 10
40 195 6
126 168 2
4 237 21
92 138 52
140 255 8
140 256 9
87 255 13
82 138 31
48 232 16
48 227 3
52 231 26
65 209 7
75 82 2
42 263 52
232 261 39
49 231 16
33 246 19
66 228 2
33 88 16
127 166 6
128 151 1
81 246 1
25 145 1
68 255 8
137 239 55
61 90 1
132 235 9
87 106 4
47 142 1
132 252 17
61 235 5
74 234 18
97 239 1
129 237 14
13 65 11
181 234 32
164 228 5
10 166 2
112 161 26
74 158 3
7 233 14
127 151 7
7 262 6
65 79 24
127 140 7
28 170 4
75 243 10
138 196 18
237 261 30
112 138 69
167 244 1
92 186 2
87 166 12
112 163 17
107 127 3
68 232 26
79 189 4
4 246 17
20 138 5
40 161 10
43 256 2
197 229 1
13 14 9
24 164 13
151 211 7
88 237 46
48 83 2
33 157 2
88 114 30
65 211 11
24 140 27
140 243 18
33 140 27
87 90 46
130 243 1
34 97 4
223 226 8
40 237 3
25 112 3
12 144 3
125 224 10
25 89 5
50 152 6
4 256 2
88 112 7
188 249 4
90 247 1
33 209 6
68 151 47
106 138 9
42 148 3
88 224 20
42 247 12
140 145 24
82 121 2
40 68 8
189 237 6
138 242 4
242 242 5
47 164 9
91 132 14
17 148 5
74 114 1
138 213 6
129 162 10
129 260 20
138 173 15
40 236 1
18 119 1
89 107 1
45 209 21
146 238 2
40 234 6
14 231 15
45 90 20
88 125 20
158 181 6
246 263 60
7 261 3
52 88 10
66 100 5
69 113 3
49 210 1
108 230 1
135 140 1
74 93 2
158 228 1
4 88 30
75 231 19
91 134 1
48 195 2
158 232 15
188 188 23
144 229 56
7 260 12
141 179 9
20 75 1
24 138 36
80 148 9
249 257 1
7 140 19
129 211 2
97 227 2
45 256 3
138 197 9
113 255 13
128 186 2
226 237 28
112 170 19
132 195 8
87 263 47
46 132 2
72 230 2
61 226 5
112 114 6
24 223 1
158 256 6
145 234 24
25 88 6
145 223 7
67 163 1
88 211 42
20 163 1
151 170 27
116 170 7
143 148 12
45 143 7
167 219 1
137 151 16
130 148 3
1 238 8
138 177 8
63 132 26
179 226 13
100 166 15
61 140 5
223 236 18
88 113 38
113 179 5
243 262 2
83 132 8
97 190 3
25 50 3
12 142 3
166 211 4
24 261 2
132 222 17
186 244 17
52 195 3
138 219 4
133 231 12
33 133 1
36 237 2
24 90 10
45 63 1
41 107 18
144 179 2
52 162 10
40 97 5
25 52 19
41 246 28
260 260 23
131 138 13
132 133 14
19 132 15
132 208 15
164 191 1
14 170 5
37 162 3
116 163 13
88 141 26
87 95 4
143 211 32
74 247 10
22 50 1
10 161 8
148 263 27
70 100 2
209 229 23
82 226 10
158 229 26
75 183 2
158 224 13
163 256 8
17 80 1
54 141 3
51 186 2
226 239 4
133 189 2
23 100 1
209 263 8
115 246 1
42 231 18
129 236 10
68 152 8
168 168 29
236 260 4
100 131 1
125 145 5
25 25 23
162 260 8
40 52 16
119 233 1
32 138 3
52 261 3
125 229 15
68 256 11
140 244 26
65 107 9
144 195 3
51 68 3
231 262 33
179 223 12
256 261 10
87 226 4
87 237 71
168 263 3
65 263 10
114 255 7
79 97 13
33 229 16
50 137 15
24 250 1
17 68 11
42 167 7
61 107 5
65 170 13
261 263 18
17 193 2
87 228 4
50 127 2
68 106 6
4 13 44
97 236 5
82 262 1
182 244 2
74 147 5
72 132 13
89 186 5
48 196 3
10 164 7
138 167 1
159 244 1
7 209 2
95 229 10
68 244 9
70 229 2
33 113 20
160 260 1
186 195 2
49 229 4
129 141 17
127 170 4
20 144 1
89 114 3
147 247 2
125 232 26
50 80 1
4 50 2
90 133 2
7 145 22
24 244 10
141 168 5
74 164 19
143 152 9
52 158 5
91 91 6
72 91 2
79 244 9
43 130 1
75 171 4
107 179 6
14 211 3
75 213 4
25 144 10
79 225 4
12 237 1
68 181 8
148 157 2
75 113 14
195 234 5
42 162 18
29 79 1
97 112 3
230 256 13
125 144 80
261 262 15
45 238 7
13 238 30
24 249 7
134 134 7
238 243 31
62 76 1
1 164 15
32 68 1
75 224 3
116 233 2
107 112 5
1 43 8
132 213 8
225 225 4
88 93 2
87 229 82
182 230 9
170 181 30
141 213 2
114 224 44
140 149 2
83 87 1
13 143 46
80 163 6
61 80 1
163 243 9
37 163 3
45 45 20
48 76 1
164 215 1
141 209 16
198 234 4
130 166 1
97 97 29
68 223 5
225 261 2
25 48 8
12 161 2
143 144 18
26 162 1
147 237 2
130 138 21
28 138 12
189 234 7
10 140 3
114 165 1
85 132 10
71 239 1
146 146 34
108 141 2
95 197 2
42 93 3
21 138 2
28 162 2
42 87 4
10 209 2
42 130 1
78 247 2
49 49 5
132 220 18
74 78 2
107 189 3
100 106 2
130 130 6
7 223 27
74 113 5
43 93 3
33 181 19
26 222 1
181 261 17
146 192 1
146 202 4
132 180 20
25 239 2
28 141 3
41 50 12
140 181 12
138 195 8
127 249 2
63 138 5
239 255 6
113 209 32
90 209 19
75 211 7
113 256 17
228 256 1
4 4 10
4 164 30
48 181 10
95 164 5
116 127 4
38 132 20
4 163 15
4 42 2
4 236 16
142 216 1
113 181 15
140 247 6
45 217 1
151 255 2
16 142 1
138 160 9
186 202 7
129 233 5
66 158 8
33 97 17
152 236 16
35 232 2
12 87 7
48 112 10
151 224 3
40 144 9
17 205 1
132 160 25
61 161 2
67 209 1
65 148 14
74 88 3
196 234 4
181 230 24
164 189 6
49 114 5
25 79 13
21 132 9
90 166 17
126 242 1
229 244 8
209 249 21
87 256 11
69 236 1
223 237 17
143 208 1
48 97 5
160 162 6
24 255 1
116 140 12
126 138 3
142 226 15
93 140 4
100 145 22
26 230 2
163 226 11
137 220 4
66 144 21
45 263 7
140 194 5
194 223 1
74 252 1
75 145 5
52 161 13
82 173 2
132 182 4
142 194 3
18 18 1
74 249 6
10 138 4
137 179 5
5 132 1
14 162 5
146 162 22
14 229 2
79 129 3
152 220 3
152 210 1
4 161 36
79 145 17
66 89 1
40 45 1
75 208 1
92 130 1
129 146 8
37 158 1
66 263 3
162 202 15
65 190 1
97 148 17
100 181 11
49 249 7
225 256 2
78 90 13
168 236 9
225 246 1
138 254 5
194 263 3
52 79 11
82 162 7
25 209 7
112 262 3
223 244 3
125 166 3
88 226 2
116 161 14
146 244 1
52 181 5
25 194 1
151 209 6
45 137 23
75 235 2
83 260 5
11 132 5
225 255 3
112 113 5
43 45 12
90 243 8
14 161 3
92 92 7
132 175 10
131 131 1
74 92 1
66 189 2
25 49 12
66 97 19
146 170 5
152 246 6
113 130 3
69 250 1
152 162 8
80 144 10
33 260 1
200 239 6
161 226 13
14 186 8
45 75 4
43 67 1
37 48 1
157 211 2
144 254 1
47 74 7
132 172 4
93 246 1
24 158 7
132 250 3
25 256 2
159 159 3
75 127 1
25 142 4
50 112 1
37 113 3
22 233 2
80 230 9
238 247 3
4 140 18
140 158 18
26 170 2
112 246 4
66 148 4
37 37 1
142 145 5
80 145 1
236 247 3
1 41 1
12 52 1
228 232 2
168 244 4
228 231 4
160 226 3
42 234 13
107 157 2
13 106 4
65 181 17
129 207 1
48 260 1
246 257 3
100 120 1
24 24 17
24 50 14
42 164 4
41 95 2
215 263 1
244 248 2
143 261 11
65 257 1
75 158 1
51 138 5
35 68 1
65 106 4
25 246 7
227 230 2
25 249 3
4 74 5
75 181 2
7 87 6
139 205 1
163 181 7
188 232 1
41 186 33
66 237 4
33 163 9
127 238 12
10 130 1
151 215 1
76 231 3
14 230 10
94 116 1
148 226 4
158 209 10
130 215 6
88 236 42
114 263 21
48 145 12
1 79 5
14 210 1
100 241 3
211 226 2
137 226 6
200 230 5
100 226 8
91 138 2
79 255 18
158 255 9
52 228 1
40 166 1
18 100 2
43 250 1
193 237 4
36 170 2
90 112 4
211 224 11
80 97 1
239 254 1
52 54 4
52 61 1
54 107 1
130 239 2
22 186 2
43 145 10
141 193 2
130 162 3
138 241 2
56 229 1
226 229 23
100 248 1
142 181 6
7 114 1
106 231 8
92 237 1
181 224 3
140 189 3
234 242 3
83 145 1
164 255 9
48 152 17
128 138 1
41 90 11
13 226 3
49 246 2
162 194 2
161 194 3
60 138 4
120 132 2
93 238 3
93 93 5
17 146 2
48 177 1
112 230 15
42 90 8
40 209 3
142 146 2
93 161 9
138 215 4
75 223 3
68 129 3
181 195 4
10 249 1
25 106 4
33 143 4
1 107 10
1 236 12
69 161 2
68 225 4
114 243 1
17 79 5
114 189 1
157 161 5
237 247 1
25 90 5
28 237 3
22 113 1
148 216 1
80 231 4
248 248 2
45 48 23
55 164 2
209 262 9
25 227 2
82 224 1
138 175 12
42 144 2
61 162 5
17 45 4
1 154 1
52 237 5
4 68 27
65 100 3
10 79 2
28 186 1
100 244 14
49 161 8
213 250 3
149 186 1
145 239 4
121 132 19
215 234 2
40 189 3
48 49 7
202 229 3
233 255 15
55 216 1
255 256 13
93 239 2
10 141 7
130 164 3
114 226 3
145 202 1
171 202 1
186 259 1
40 143 2
107 226 14
41 248 1
137 217 10
56 161 4
159 236 3
79 80 9
52 107 7
132 202 14
75 144 15
40 162 13
127 243 6
82 140 2
194 194 1
142 215 4
130 232 1
37 97 1
12 158 3
143 226 6
127 224 1
24 127 3
186 198 3
140 215 1
10 33 1
33 148 11
82 239 5
50 220 4
61 88 4
97 133 1
97 137 5
25 45 6
59 236 1
45 141 7
152 239 27
52 66 7
186 219 3
132 214 2
65 137 7
97 249 4
146 151 2
68 72 2
37 255 1
50 116 5
162 168 10
130 249 3
210 246 2
1 263 2
28 95 4
234 260 1
186 235 3
146 196 4
24 141 34
20 87 1
28 164 3
68 112 3
209 224 7
37 112 2
43 85 1
194 236 10
37 249 2
232 256 11
132 193 11
69 232 1
138 146 42
125 140 12
119 166 2
119 119 1
26 138 10
79 152 2
146 193 12
4 41 3
230 258 1
41 260 1
145 157 3
181 257 2
116 262 5
66 232 1
141 188 2
129 163 7
35 86 1
12 261 10
243 249 1
123 161 1
37 211 3
25 78 1
7 236 12
137 145 9
40 148 4
33 141 7
197 249 1
116 137 3
82 90 2
74 230 22
38 97 1
87 97 10
112 146 4
33 193 2
88 262 29
95 100 5
232 238 4
45 97 10
48 54 1
107 260 1
18 148 1
82 160 1
97 217 2
66 114 10
17 66 2
78 132 5
43 66 7
162 223 16
66 246 8
66 145 2
25 100 5
145 148 3
41 212 3
170 219 1
97 234 15
61 163 1
48 80 5
162 252 1
223 229 17
112 261 6
4 224 17
36 262 1
160 236 2
256 256 4
170 203 1
189 189 10
16 263 1
17 256 3
188 233 4
90 260 5
121 138 11
93 243 2
186 188 6
106 148 1
213 248 1
25 228 6
145 236 8
93 142 2
41 169 2
145 246 3
45 125 9
79 166 19
82 186 3
141 202 6
82 229 3
14 233 3
235 237 1
19 138 4
114 181 14
82 146 4
33 211 15
33 54 4
223 239 5
36 186 7
61 261 2
66 233 8
68 134 3
37 68 3
82 148 4
47 138 2
107 202 8
93 163 4
1 158 5
225 231 10
26 68 1
186 260 7
159 168 4
52 232 1
97 170 10
79 83 1
30 63 1
189 249 3
8 262 2
17 216 1
61 97 11
17 97 7
37 79 7
45 50 5
249 256 4
62 181 3
148 198 2
146 198 1
4 209 16
87 225 4
119 244 4
140 160 2
100 129 1
17 100 1
86 132 15
161 243 6
17 261 3
129 202 1
74 212 1
141 220 2
106 161 2
28 230 7
142 198 2
145 262 3
33 79 17
47 236 1
23 208 3
33 164 9
132 247 9
40 211 2
185 230 1
93 112 2
42 140 27
1 24 2
44 79 1
217 234 3
137 168 2
150 162 1
186 220 5
215 230 5
28 177 1
33 236 9
25 225 2
48 66 3
100 173 3
40 48 8
25 151 1
133 165 1
113 116 8
28 79 1
132 194 7
141 152 5
140 226 11
71 75 1
41 88 14
151 168 2
40 230 6
186 208 1
146 163 10
186 191 1
13 97 5
145 158 3
26 164 3
235 236 1
152 237 15
52 211 2
32 263 2
48 228 3
92 144 1
13 215 4
25 87 10
43 223 1
93 170 10
10 10 5
114 129 1
11 246 1
161 223 6
42 168 14
113 226 6
28 246 2
237 250 2
127 186 7
189 257 1
141 244 11
39 138 3
142 220 10
42 261 7
50 107 51
193 255 1
22 234 1
10 239 3
215 237 5
92 192 1
229 260 4
82 163 3
69 168 1
82 263 3
254 254 1
82 92 1
61 234 4
162 250 1
162 205 1
72 231 7
61 225 6
65 75 3
181 262 1
37 71 1
166 181 2
26 239 1
157 209 1
155 157 1
95 121 1
72 237 4
74 144 4
140 223 12
112 144 7
112 137 12
188 231 5
68 146 6
164 202 1
107 222 2
62 125 1
25 137 16
56 162 4
97 114 8
88 159 3
70 129 8
43 260 3
10 162 5
56 140 3
75 126 2
87 98 2
152 262 2
181 209 8
50 166 25
238 261 19
40 100 4
83 226 5
24 87 9
87 257 5
170 257 5
90 255 11
143 158 39
106 181 11
143 145 1
22 26 1
107 243 8
33 195 8
18 163 1
12 90 4
116 162 13
95 107 7
102 225 1
47 100 2
61 209 3
89 257 1
112 238 3
97 260 1
7 88 15
97 164 9
90 193 1
66 113 15
33 67 2
125 263 11
157 260 3
181 233 11
54 137 1
121 170 3
95 236 4
82 164 3
69 138 8
92 112 1
209 217 2
258 263 1
17 181 4
100 146 3
225 243 3
36 71 2
71 151 2
10 50 1
17 87 1
36 137 3
185 229 1
137 165 2
137 198 8
138 180 2
244 259 1
159 231 7
65 262 8
161 256 19
97 233 4
97 261 7
114 215 2
129 229 13
95 233 7
52 233 6
52 52 4
79 146 3
129 142 3
78 136 2
80 140 3
145 189 1
2 95 1
123 165 2
140 193 6
66 143 3
14 141 2
52 170 7
133 234 6
49 79 7
52 140 6
43 88 9
37 72 3
83 236 4
130 197 2
32 51 3
231 257 4
102 138 5
141 255 5
215 242 1
17 161 5
144 188 1
164 225 3
36 148 1
138 159 4
75 112 3
114 151 7
69 132 6
33 139 4
93 234 6
236 250 2
90 97 4
69 107 3
17 164 4
45 262 9
142 217 3
97 107 8
81 136 1
127 161 3
189 233 9
137 160 1
170 217 6
37 107 4
25 211 4
100 198 4
164 181 12
37 80 2
89 188 1
52 113 4
98 132 20
43 152 7
39 76 1
38 64 1
149 228 1
220 234 4
127 235 2
193 236 2
25 68 6
236 245 1
200 237 6
118 229 3
3 236 2
17 90 7
13 24 3
68 227 4
200 238 10
13 56 1
19 42 2
143 257 1
101 234 5
161 260 14
37 142 2
7 95 1
128 220 2
136 136 3
189 236 4
7 211 2
107 250 4
229 242 4
181 228 7
14 14 3
25 164 4
4 125 14
7 231 12
106 114 1
14 43 1
28 244 6
71 177 2
75 261 10
24 107 13
26 246 2
68 208 1
10 215 3
69 147 1
140 235 6
80 141 3
200 244 4
26 50 1
163 189 2
41 233 16
158 195 1
90 197 1
42 71 1
17 88 1
138 139 5
140 198 1
80 83 4
127 231 1
49 211 7
90 216 4
170 195 1
146 263 5
33 100 12
134 148 6
62 177 1
34 217 1
7 12 2
138 212 1
224 226 1
60 137 1
163 216 1
198 198 2
36 37 1
33 224 4
13 123 1
74 241 2
112 181 1
86 100 2
100 191 2
41 261 7
127 163 10
158 166 4
166 231 14
50 97 14
134 203 1
45 140 13
4 143 5
138 153 1
17 33 1
145 219 5
76 88 3
132 190 3
87 258 2
17 137 14
138 174 3
78 233 2
93 137 4
42 224 1
166 194 1
29 163 1
42 119 2
82 107 4
202 234 4
137 174 2
82 82 5
83 142 1
4 25 3
45 254 1
68 212 3
82 151 1
12 209 4
143 168 4
151 167 2
34 132 3
66 234 18
232 262 16
50 244 18
88 188 3
223 262 7
114 220 4
250 250 1
82 212 1
161 197 1
42 223 1
45 112 1
47 132 7
42 107 10
22 87 2
50 260 1
125 137 20
118 132 1
25 54 5
223 261 3
79 173 1
125 255 7
129 140 10
56 137 4
26 186 2
61 232 7
74 233 22
53 142 3
217 231 3
11 261 1
19 238 2
76 85 3
68 226 4
106 170 1
125 233 23
72 233 9
208 252 1
94 132 2
74 243 6
79 215 7
151 220 1
127 234 2
85 85 1
37 170 2
24 170 16
49 148 11
202 237 13
49 170 10
12 33 1
51 140 2
40 65 8
75 89 2
51 90 4
108 108 1
120 229 1
146 164 7
195 237 2
34 144 1
17 231 7
90 244 7
69 134 1
40 239 4
159 237 12
150 165 1
132 221 4
34 80 1
24 73 1
57 93 1
179 237 4
41 159 3
162 216 2
35 71 1
88 260 1
186 225 4
166 234 19
75 159 6
108 209 1
98 229 7
129 258 1
168 239 3
69 230 1
127 241 1
87 220 1
33 49 8
169 186 2
129 231 6
97 162 11
40 54 3
179 233 2
13 112 2
234 247 1
61 164 4
132 251 1
21 165 1
22 149 1
26 140 2
49 87 12
107 217 3
55 90 3
1 87 8
137 210 1
144 151 8
50 226 3
165 180 2
83 262 2
35 177 3
151 233 16
132 174 4
88 195 2
89 113 2
108 170 3
141 177 1
146 230 4
147 159 1
106 189 3
47 89 1
3 161 5
97 161 15
71 80 1
37 45 7
170 244 8
25 237 6
69 231 2
95 137 6
164 179 9
49 65 18
194 237 2
65 125 2
39 237 2
13 146 4
161 168 3
34 137 1
17 141 1
68 240 1
76 170 4
164 196 5
140 197 2
21 65 1
22 142 2
13 25 10
179 193 14
23 209 1
82 88 6
177 188 2
163 254 2
68 89 4
161 175 1
32 159 1
40 164 4
23 118 1
138 200 16
123 164 3
93 162 6
68 258 1
35 90 2
107 197 2
212 248 1
7 43 2
133 148 1
174 239 1
15 134 1
40 50 4
32 167 1
125 262 12
32 168 1
173 197 1
66 236 3
106 186 2
160 170 4
231 256 20
89 231 8
125 146 3
226 262 11
48 185 1
76 233 1
227 232 1
100 157 3
25 113 7
55 132 11
46 100 1
186 197 2
51 113 6
17 142 2
10 74 1
146 236 12
166 256 1
69 159 1
61 177 2
205 226 2
236 244 24
130 218 2
108 138 2
95 170 13
145 211 3
116 231 2
1 143 4
146 223 8
246 256 5
225 233 4
217 237 3
148 223 1
142 179 4
55 87 2
119 236 3
95 237 17
56 209 1
191 205 1
146 255 1
39 91 1
189 227 1
72 196 4
74 261 3
231 255 13
146 262 8
79 93 4
42 233 10
181 223 1
33 227 3
143 146 9
100 208 1
19 145 3
86 209 9
80 236 1
39 88 3
209 225 2
61 72 3
69 235 4
202 233 13
95 192 1
62 230 2
106 125 2
171 231 1
33 239 7
13 74 5
42 45 4
161 216 1
191 231 1
161 217 2
136 235 2
28 226 1
113 189 5
195 261 2
226 233 10
193 197 1
37 66 1
88 151 20
210 233 1
161 258 1
70 230 5
48 173 1
106 230 5
82 170 3
49 56 1
100 257 3
26 26 4
101 132 10
28 134 3
74 179 1
114 152 3
98 230 1
93 233 2
41 168 13
107 129 5
140 196 3
179 261 2
149 161 5
129 249 1
239 250 1
157 186 6
163 258 2
25 91 1
28 82 3
49 90 5
25 80 2
65 224 2
113 241 1
17 65 4
55 231 1
48 129 6
134 170 1
25 139 1
225 237 3
37 54 3
75 92 2
151 223 3
234 244 5
4 183 1
80 90 3
189 256 1
13 166 4
208 238 2
189 232 1
35 137 3
3 238 4
244 263 10
62 148 1
83 196 3
75 101 1
87 145 3
80 249 1
12 246 7
37 225 2
77 132 6
250 263 2
170 242 1
95 203 1
147 226 1
51 132 11
39 95 2
92 134 3
212 234 1
37 177 3
145 256 1
144 145 5
226 261 1
239 252 1
49 144 10
195 210 2
107 136 5
62 140 4
25 63 1
228 228 3
209 247 1
48 168 4
54 246 3
40 40 9
86 168 1
72 188 2
97 225 5
88 143 16
185 244 1
101 134 1
14 71 1
119 132 7
73 138 4
33 76 1
76 90 1
29 55 1
65 236 8
47 75 3
24 209 2
220 244 4
83 237 3
32 182 2
95 196 6
42 249 4
42 246 11
179 260 1
112 229 7
233 256 4
22 181 2
45 229 11
21 61 2
37 234 2
5 14 1
66 140 9
10 83 1
161 190 2
146 232 1
32 100 1
133 261 2
90 195 3
37 262 1
41 174 2
61 181 7
217 229 1
95 234 6
33 95 1
56 193 2
125 188 2
76 222 1
138 247 4
70 170 1
125 151 2
41 146 2
8 163 1
134 191 1
52 246 7
233 235 1
134 144 1
93 261 3
135 151 1
112 236 5
130 237 2
188 234 2
41 215 2
68 76 1
43 243 9
97 230 6
33 230 9
41 97 2
56 226 1
34 65 5
48 157 1
137 146 3
45 224 9
75 247 8
226 231 4
45 116 11
217 244 1
97 142 5
162 193 4
167 246 1
129 170 5
145 260 4
68 116 9
87 143 15
137 149 1
1 125 6
128 142 1
19 170 1
108 132 5
7 56 3
141 181 6
93 148 3
147 263 2
121 230 1
93 100 3
52 65 6
166 209 1
90 95 4
107 223 7
13 195 2
195 209 2
97 144 9
65 140 7
13 224 18
249 259 1
74 197 1
155 155 3
208 230 2
25 152 1
78 263 2
97 237 7
73 140 1
190 233 1
202 202 3
10 186 8
13 227 1
114 228 1
32 132 4
173 246 2
146 211 1
90 92 1
80 161 8
54 106 1
223 238 2
48 81 1
130 226 5
83 95 1
49 225 1
93 237 3
74 112 1
56 186 2
35 80 2
70 262 3
49 233 3
215 236 2
43 179 3
106 106 5
193 226 5
216 246 2
220 242 1
71 162 1
173 186 1
26 237 2
17 246 2
4 141 11
181 246 8
136 246 1
228 261 2
108 233 1
189 230 1
152 163 7
56 95 1
106 229 1
72 211 1
36 229 5
80 234 7
143 220 1
75 179 4
80 107 7
116 126 1
100 228 1
155 181 1
140 254 2
24 114 5
107 181 15
137 189 5
49 125 1
7 82 5
12 141 1
65 143 2
80 233 1
136 220 2
50 118 1
88 156 2
107 225 3
33 61 2
61 256 5
225 232 1
123 237 4
135 205 1
152 161 7
22 164 1
13 145 4
50 228 2
10 48 9
51 162 6
151 179 1
90 220 4
77 87 3
12 249 2
37 90 4
116 247 2
138 149 3
161 179 12
17 186 8
116 226 1
232 246 17
17 234 7
80 232 2
65 69 6
145 263 5
24 246 22
162 244 8
23 132 2
97 140 10
153 166 2
163 217 3
73 137 1
143 232 4
77 189 1
168 237 3
133 170 1
122 227 1
17 107 2
14 22 2
91 195 3
132 183 3
83 83 7
106 117 1
149 149 1
54 236 1
223 233 8
74 232 3
255 262 1
168 262 4
137 188 2
179 239 1
69 166 1
168 208 1
42 79 6
75 97 5
34 49 1
63 80 2
20 140 1
47 126 3
220 231 7
217 233 1
41 137 11
70 163 1
151 261 8
161 257 4
116 168 2
42 136 2
49 89 1
49 113 3
97 195 2
93 138 11
45 52 3
137 192 1
17 233 2
4 151 1
92 246 1
137 166 7
11 68 2
175 237 1
138 216 5
190 255 1
259 263 2
95 249 1
75 78 6
13 219 2
37 186 4
100 159 3
66 129 1
157 226 2
72 224 1
149 162 3
13 151 7
40 263 1
71 72 1
74 215 1
125 209 14
65 191 4
170 223 8
42 243 2
69 143 4
161 202 5
83 140 1
6 186 1
138 218 2
31 138 2
12 41 1
209 240 1
194 262 3
80 114 5
147 239 1
39 79 4
41 70 5
142 255 1
14 88 5
124 137 1
38 38 1
13 133 3
34 113 1
161 250 1
41 247 8
152 263 9
140 225 2
22 45 5
63 162 1
186 221 1
92 249 1
40 163 2
148 217 2
136 169 1
19 219 1
51 218 1
136 239 1
48 219 2
32 42 2
64 231 1
143 173 1
196 260 2
123 201 1
61 116 2
107 185 1
168 246 1
233 243 5
223 243 2
80 125 1
148 195 1
134 232 2
74 213 3
10 236 1
209 228 3
161 188 2
229 255 3
232 263 5
160 233 2
34 181 1
71 142 1
220 236 2
102 157 1
36 236 2
93 186 2
163 213 2
72 80 1
13 225 1
50 66 2
179 263 4
40 190 1
141 225 2
198 256 2
87 244 2
141 196 1
33 262 1
36 164 4
75 94 4
60 263 1
108 140 2
56 68 4
236 243 12
54 114 2
74 246 9
93 164 6
80 197 1
116 232 5
111 170 1
102 198 2
55 100 1
62 249 1
209 244 3
141 197 1
143 194 1
219 236 1
68 123 2
116 229 12
216 230 2
246 255 3
146 161 10
36 228 1
12 229 1
51 229 3
196 226 6
80 87 4
140 179 12
129 230 8
35 85 1
80 211 4
75 147 2
70 88 5
141 194 4
92 107 2
164 223 4
61 114 3
122 186 1
67 164 1
40 137 3
125 165 1
43 257 3
49 216 1
46 263 1
190 238 1
79 250 2
69 244 4
11 234 1
18 74 1
33 89 1
247 247 7
24 243 9
97 232 1
36 142 2
166 182 1
49 51 1
145 238 2
135 215 1
112 164 8
112 158 2
5 7 1
142 235 1
1 151 3
230 257 1
168 232 1
43 97 2
14 75 5
200 246 1
89 162 4
168 243 2
158 227 1
25 186 11
136 142 1
18 132 2
82 100 1
171 237 1
79 106 1
83 141 1
188 258 1
43 255 5
10 233 2
158 226 2
62 255 2
109 234 1
48 106 1
141 223 5
61 170 2
189 246 2
68 195 1
50 256 3
65 239 2
167 229 1
33 50 3
87 157 4
54 140 2
186 257 2
107 258 2
160 160 2
56 75 1
143 228 1
260 263 2
25 195 4
36 249 2
7 66 2
107 160 2
164 192 1
159 234 9
100 223 1
163 194 4
113 223 3
74 119 2
41 119 1
70 238 2
61 188 3
28 142 2
125 256 6
112 142 5
82 113 1
183 231 3
97 255 4
42 235 5
223 247 1
33 228 2
82 236 4
239 248 1
122 138 3
13 189 2
189 211 2
14 97 1
142 173 3
165 231 1
137 206 1
143 200 7
11 49 1
201 260 1
42 222 1
41 114 5
225 226 5
28 263 1
107 134 1
208 237 1
41 232 3
197 216 5
141 157 3
127 141 2
93 230 5
113 188 2
48 82 8
12 143 1
132 154 2
41 243 7
4 80 1
74 148 3
66 137 6
145 255 3
12 66 2
89 234 1
62 65 4
143 256 2
225 249 2
33 72 2
7 112 2
36 195 2
88 193 1
141 256 3
12 148 3
107 133 6
36 143 1
130 157 1
100 185 2
1 140 3
97 238 6
83 182 1
148 151 5
102 233 1
79 94 2
151 226 1
20 132 6
173 239 2
83 113 1
25 158 5
83 162 4
248 250 1
35 45 1
12 233 1
49 142 3
14 144 2
112 129 1
100 130 2
112 151 2
65 189 4
75 182 4
33 188 3
47 174 2
20 51 1
209 255 3
12 107 4
90 225 2
169 262 1
97 262 1
52 189 4
79 92 1
49 66 5
12 181 2
112 231 7
112 237 11
4 75 8
48 210 2
102 158 2
142 225 2
145 232 1
17 249 5
193 218 1
151 241 1
1 52 1
40 125 5
144 157 1
107 213 1
9 140 2
140 220 4
7 202 3
43 129 1
163 200 3
106 246 1
80 137 4
216 232 3
51 235 4
37 134 2
197 230 3
75 226 4
113 169 1
48 69 1
82 116 2
60 141 1
190 229 1
189 226 1
41 177 1
4 17 2
61 257 2
24 144 8
152 233 4
25 107 4
132 245 1
135 162 5
1 65 1
65 226 2
56 158 1
165 210 1
165 178 2
48 93 7
41 193 2
74 159 5
4 52 1
107 219 1
85 170 3
194 230 1
140 168 10
48 51 1
112 263 2
114 193 1
129 148 1
89 137 6
54 164 2
20 78 1
80 263 1
82 179 1
89 237 1
107 198 1
35 162 1
32 90 1
209 236 10
45 239 7
40 249 2
52 144 9
97 189 4
65 258 1
146 152 1
68 135 1
226 249 1
79 196 2
48 200 5
129 145 2
87 215 1
90 179 1
132 254 5
132 259 3
162 219 3
161 189 1
127 137 1
12 164 5
56 56 1
78 230 1
69 247 2
75 167 7
56 61 2
80 261 2
168 213 1
90 93 2
143 247 1
132 227 10
92 129 1
7 244 2
61 237 8
52 90 5
92 148 2
49 230 5
138 155 3
219 219 3
65 219 1
215 246 3
94 138 3
160 161 2
12 186 4
180 230 2
45 92 2
170 189 2
66 125 4
135 226 1
152 168 1
65 249 4
138 178 2
116 256 1
45 49 6
4 146 1
36 145 6
65 141 3
65 142 5
94 235 1
68 189 4
82 83 3
48 201 1
79 228 2
45 74 4
36 48 1
12 234 3
100 227 2
40 90 3
18 42 3
78 220 1
93 102 1
195 211 4
100 168 11
75 198 1
87 197 1
45 80 5
45 145 2
50 129 2
37 145 1
74 260 1
92 233 1
141 160 1
106 234 2
40 262 2
52 257 1
36 234 4
49 262 2
13 54 2
90 210 1
167 249 1
80 246 1
10 211 2
72 107 2
179 249 4
88 123 1
22 263 2
69 169 1
48 146 7
92 100 1
142 202 1
123 163 1
202 226 1
28 249 1
20 50 1
129 135 2
48 257 3
134 258 1
12 232 2
24 45 1
49 163 3
223 246 1
43 220 4
12 140 2
83 234 4
212 213 2
76 188 1
54 195 2
129 239 1
89 230 5
197 197 11
24 232 2
161 196 8
23 115 1
82 234 4
61 144 5
37 228 1
61 61 5
92 141 2
20 186 1
33 189 4
92 236 4
130 233 1
88 255 5
209 238 6
54 148 2
45 181 2
10 234 3
95 179 1
72 144 1
49 107 6
71 249 1
90 196 2
66 163 6
54 233 2
198 230 1
36 256 2
41 148 3
74 126 3
22 144 1
195 249 1
194 238 2
62 231 1
68 121 1
100 193 3
61 113 2
146 246 3
162 215 7
189 261 5
43 168 1
220 263 1
80 186 7
130 236 2
219 234 2
95 141 4
61 230 4
10 143 1
170 208 3
12 26 1
113 196 1
135 229 1
85 234 3
45 133 5
65 86 5
39 186 1
81 169 1
173 173 1
144 226 2
95 162 11
129 157 1
95 226 5
146 160 1
49 137 3
55 123 1
134 146 2
69 71 2
49 164 3
196 237 4
131 218 1
25 210 1
249 258 2
164 244 4
95 246 4
131 164 1
17 151 1
65 129 1
97 155 1
186 196 1
42 113 10
200 249 1
87 133 4
83 229 1
34 125 1
137 223 7
95 230 8
48 134 1
92 226 3
93 231 3
196 229 4
11 209 1
206 233 1
129 196 1
95 146 10
95 145 4
82 137 3
193 196 1
131 191 1
12 170 2
163 196 4
119 238 3
80 237 3
26 144 1
125 168 1
65 133 2
217 239 1
43 95 1
18 137 2
50 179 1
82 141 3
49 239 2
232 255 3
88 145 3
239 247 2
95 193 3
78 152 1
65 130 1
142 241 1
144 225 2
162 177 3
198 261 1
244 249 5
146 231 1
66 224 1
56 260 1
69 234 21
82 237 1
7 255 1
61 198 1
21 137 1
14 25 4
127 230 1
142 174 2
75 177 2
164 168 4
66 257 1
168 231 2
142 157 1
65 72 2
28 146 1
157 170 4
162 218 1
18 51 1
13 196 11
167 174 1
56 234 1
76 138 5
4 235 3
14 113 2
5 118 2
15 74 1
130 216 2
17 25 3
150 210 3
121 146 1
95 129 1
36 90 1
106 144 1
40 66 3
132 169 2
220 241 4
120 138 2
119 231 2
17 49 6
163 179 2
134 193 2
162 196 5
129 242 1
200 229 4
107 116 3
107 200 1
49 61 4
61 244 2
152 164 4
116 249 2
164 243 5
161 247 2
159 186 1
36 114 2
48 95 5
43 202 2
14 125 2
129 139 1
119 161 10
255 263 1
185 235 1
48 202 3
39 166 1
25 229 2
233 244 3
165 256 1
68 197 1
116 125 1
83 161 2
135 161 1
139 192 1
81 233 1
142 260 5
131 146 1
37 161 1
55 227 1
90 146 1
189 263 1
24 128 1
51 80 1
68 228 3
56 191 1
196 230 3
134 162 3
45 222 1
163 175 1
235 259 1
58 236 1
160 230 1
54 234 3
230 260 5
186 210 1
61 169 3
209 226 3
57 138 1
49 140 2
142 254 1
170 215 4
137 178 1
93 256 1
86 90 2
162 173 5
130 145 1
24 233 7
124 146 1
166 224 2
162 167 1
45 76 5
220 250 1
35 89 1
87 152 2
49 76 1
7 50 4
48 248 1
3 244 3
25 37 1
13 256 2
35 74 2
87 188 2
102 162 1
102 164 4
202 262 2
168 249 1
28 28 1
37 114 1
18 117 1
161 178 1
165 249 2
85 256 1
144 160 1
90 160 1
42 137 19
48 220 2
48 212 1
3 136 1
75 202 2
45 81 4
36 140 1
249 260 1
72 226 2
152 231 3
36 107 2
17 232 4
72 142 2
70 236 2
155 162 1
87 117 10
10 238 2
152 254 1
78 87 10
10 75 2
22 89 2
14 261 3
132 212 2
160 234 1
66 255 3
95 95 4
71 205 1
10 144 1
170 243 4
100 119 3
55 68 1
75 217 1
236 258 5
68 185 2
129 164 5
121 173 1
11 22 1
25 236 2
69 151 3
49 88 6
25 62 2
82 114 1
95 255 1
118 162 1
165 234 1
152 169 1
39 140 1
100 180 2
52 137 4
193 260 1
140 192 1
129 234 7
138 192 7
15 87 1
123 144 1
163 219 1
32 259 1
65 225 6
18 140 1
33 263 7
77 233 1
163 220 3
42 213 2
61 71 2
117 146 1
126 259 1
17 162 3
60 79 2
45 66 3
147 147 1
208 231 11
127 229 1
146 233 3
92 163 1
66 142 2
121 233 2
164 260 3
100 174 1
42 158 3
167 263 1
138 217 11
62 87 2
90 223 1
42 146 2
17 230 9
157 164 2
169 244 2
75 232 4
45 244 2
10 25 1
61 112 1
74 89 2
144 243 1
75 95 2
75 240 2
1 88 3
137 193 1
64 215 1
47 247 2
4 116 3
159 243 1
127 233 4
50 225 1
91 170 2
87 191 1
158 178 1
162 189 3
34 45 1
195 229 1
42 188 1
50 93 1
91 181 1
78 244 1
53 223 1
165 165 2
80 102 1
17 140 4
82 196 2
179 238 1
178 211 1
134 164 3
54 75 1
26 108 1
56 233 2
29 39 2
158 215 2
106 190 1
7 119 1
121 215 1
202 230 2
137 180 1
49 52 1
25 140 4
107 130 7
83 148 1
195 246 2
97 246 4
170 200 1
140 216 1
10 68 3
21 79 1
89 140 5
77 140 1
67 138 2
161 205 2
151 193 1
100 152 4
76 162 1
49 72 1
95 142 1
128 243 1
10 41 2
90 241 1
62 170 2
164 254 1
33 198 2
117 226 5
26 79 1
151 247 1
208 243 2
114 166 4
68 215 1
196 209 1
74 127 3
17 217 1
138 194 2
143 195 1
89 106 1
255 261 5
25 147 1
107 147 1
71 188 2
62 188 1
9 142 1
48 61 1
83 90 1
127 232 1
170 222 5
100 213 2
148 228 1
227 261 2
95 260 2
200 263 2
49 155 1
42 183 3
8 107 1
229 243 2
1 113 3
71 88 1
161 228 1
142 257 1
74 189 1
252 252 1
42 169 3
129 186 5
188 230 3
17 152 1
4 102 1
48 62 2
116 213 1
43 146 1
140 208 1
7 144 1
52 68 7
22 72 2
1 137 1
60 185 1
207 207 1
75 209 3
159 230 2
18 226 1
17 163 2
123 234 1
37 164 2
41 113 4
114 225 1
43 217 1
61 233 2
164 252 1
144 201 1
140 188 1
26 236 1
209 257 2
106 211 1
14 35 1
14 234 4
75 241 1
41 213 1
130 238 1
89 161 3
102 209 1
170 207 1
35 230 1
11 11 1
137 173 3
243 261 2
83 137 1
124 249 1
17 114 1
80 223 1
10 113 1
87 89 3
193 261 1
88 129 2
24 25 1
33 108 1
26 141 1
4 55 1
88 213 9
20 162 1
14 142 3
215 244 1
47 234 1
166 223 2
34 88 1
40 261 1
83 107 1
133 239 1
140 174 1
100 134 1
168 230 1
74 202 1
119 235 1
33 117 1
13 89 1
63 97 1
49 106 2
10 90 4
186 252 2
90 200 1
168 185 1
24 47 1
79 123 2
62 88 2
87 222 4
209 256 3
39 170 1
19 64 1
24 113 2
235 262 1
52 97 3
130 141 1
34 79 1
137 225 7
18 75 1
89 133 1
151 212 4
13 41 2
209 243 1
69 246 1
135 237 3
52 190 1
14 68 5
100 219 3
160 164 3
179 205 1
34 186 1
170 225 1
48 52 2
91 223 1
164 205 1
132 159 4
89 91 2
195 195 2
61 145 1
82 168 1
4 97 3
9 141 1
33 232 4
87 216 1
13 69 2
51 230 3
163 182 1
79 124 1
71 209 2
25 188 1
95 134 2
10 163 2
106 133 1
88 223 1
197 237 2
15 98 1
12 67 1
107 108 3
193 262 1
7 113 2
107 117 2
106 255 1
127 127 3
50 232 2
162 200 1
109 132 1
218 228 3
60 107 1
116 158 2
33 244 2
68 200 4
17 17 5
39 236 2
16 137 1
193 256 1
56 107 2
113 195 2
76 113 2
73 132 2
35 166 1
19 134 1
194 216 1
254 260 1
88 254 1
157 224 1
72 164 2
74 235 3
100 216 2
17 34 1
54 231 1
102 260 1
4 37 1
236 256 2
68 86 1
65 222 1
132 240 2
25 248 1
102 186 1
217 236 1
61 85 3
162 213 1
190 236 1
209 222 1
42 248 1
125 243 2
39 85 2
186 241 2
142 159 4
61 255 1
130 262 1
161 198 1
119 151 2
88 179 1
88 189 1
166 241 2
88 238 4
37 61 7
136 232 3
41 125 1
74 242 2
87 223 1
68 124 1
162 228 4
97 100 1
106 164 1
69 74 2
25 55 2
161 220 1
198 226 1
47 263 1
168 247 2
100 242 1
79 219 3
68 247 3
87 123 2
35 133 1
54 229 3
4 22 1
80 209 2
39 137 1
29 133 1
138 235 1
45 51 1
61 119 3
56 223 2
3 134 1
42 94 1
132 248 3
33 37 1
80 226 1
8 140 1
169 170 1
119 262 1
97 141 1
92 242 1
179 181 1
17 42 5
80 256 1
35 235 1
137 200 1
15 226 1
80 80 3
100 182 3
124 138 2
219 230 1
68 117 1
13 220 2
161 213 3
146 261 2
14 48 2
144 155 1
133 161 1
238 241 2
25 36 3
144 215 1
26 61 1
44 162 1
97 263 1
61 148 3
77 161 1
50 247 1
56 138 5
206 206 1
36 66 2
241 247 1
68 188 1
112 249 2
11 162 4
35 246 1
144 218 1
80 164 2
54 209 2
216 237 1
87 116 7
12 138 2
122 161 1
230 259 1
7 158 3
137 257 2
244 247 4
167 236 1
50 82 1
211 220 1
117 141 1
54 211 2
97 209 4
33 177 1
225 239 2
7 173 1
43 149 1
79 197 2
80 134 1
164 227 1
203 233 1
97 177 1
22 170 2
60 77 1
76 230 1
119 167 4
47 167 1
177 255 1
80 100 2
140 213 12
51 61 1
132 187 1
90 188 2
198 205 1
75 169 2
164 182 1
62 161 4
52 142 3
14 90 2
80 238 1
56 232 2
128 166 1
24 79 7
24 65 1
28 137 2
17 129 1
45 62 11
56 196 3
260 262 2
166 200 1
142 189 1
152 235 2
126 236 1
97 125 4
12 114 3
12 25 1
141 159 1
149 181 2
48 53 1
80 198 1
11 67 1
138 203 1
24 125 1
225 234 5
93 185 1
198 229 1
16 163 1
43 203 1
10 202 1
51 75 1
22 161 4
134 234 2
164 208 2
27 164 1
124 230 1
77 90 1
138 201 2
188 209 7
72 234 1
170 198 3
159 246 3
157 230 2
24 168 1
128 244 2
225 230 3
121 130 5
19 161 1
8 143 1
129 215 1
113 159 1
40 141 2
142 160 1
135 174 1
56 129 3
200 218 1
80 244 1
24 129 1
135 158 1
189 228 1
26 228 1
142 259 1
125 189 1
68 82 2
256 262 2
61 210 1
68 136 1
49 100 2
10 107 4
89 238 1
114 195 1
61 66 1
95 173 1
82 230 3
41 223 2
52 163 3
96 138 1
45 146 1
25 143 1
113 182 1
149 230 1
126 161 1
54 230 1
58 239 1
138 150 2
74 198 2
10 244 4
74 169 1
173 196 1
157 233 1
166 215 1
193 223 2
50 209 4
146 158 1
119 247 2
54 90 2
17 113 5
74 167 2
89 246 2
179 236 3
9 137 1
134 140 1
68 216 1
78 141 1
71 138 2
25 125 1
134 233 1
92 140 1
214 239 1
113 146 2
93 232 3
90 116 2
148 215 1
36 52 1
203 218 1
41 121 1
170 188 3
127 220 2
4 12 1
144 260 2
144 190 1
14 151 1
200 261 1
61 211 1
62 68 1
49 189 3
76 79 2
75 256 2
60 132 1
215 239 1
129 262 2
157 229 2
165 209 2
112 193 1
50 74 6
232 239 7
138 182 1
157 237 3
42 126 2
17 127 1
90 94 1
12 239 1
196 239 1
50 193 1
63 127 1
119 143 1
235 244 1
76 229 2
18 114 1
198 260 1
40 201 1
61 249 1
56 79 4
171 230 1
113 157 1
179 186 4
53 186 1
41 45 3
142 168 4
114 134 1
148 250 1
144 202 1
17 236 1
119 163 1
93 226 4
170 171 1
223 249 2
25 141 3
125 195 1
216 261 2
123 170 1
47 237 2
56 74 1
54 125 1
68 260 3
107 196 1
193 246 2
95 114 2
10 263 2
69 186 1
79 108 1
35 61 2
89 224 1
147 164 1
25 238 2
10 237 3
48 63 1
13 36 2
148 166 3
12 50 3
193 233 1
24 224 1
38 138 2
238 255 1
66 262 1
139 171 1
7 239 3
129 255 2
100 197 3
97 163 5
76 175 1
133 140 2
76 97 4
24 153 1
10 13 1
10 261 2
161 235 3
87 194 1
213 224 1
61 100 2
191 191 1
90 226 3
40 114 1
141 155 2
37 193 1
100 121 4
97 146 1
40 133 3
217 217 2
52 100 3
50 52 1
54 65 1
129 193 1
63 170 1
157 162 2
25 232 3
100 188 1
148 190 1
143 181 1
5 229 1
140 258 1
79 82 2
61 65 4
130 135 3
162 210 2
145 215 1
14 225 1
112 232 1
100 218 1
82 193 1
63 140 1
47 235 1
128 234 1
219 243 1
25 61 8
90 130 1
113 217 1
227 228 2
136 208 1
124 205 1
127 262 1
194 243 1
89 226 1
75 205 1
28 48 2
43 216 1
193 239 1
69 69 1
79 257 2
32 230 2
159 167 5
56 144 1
11 100 1
22 74 1
162 175 1
40 233 3
39 148 1
89 97 2
130 170 1
185 254 1
126 148 1
40 158 2
100 133 1
50 106 3
135 168 1
148 243 1
54 80 1
145 166 1
41 130 2
90 217 2
17 48 1
17 211 3
173 236 1
216 249 1
82 258 1
88 155 2
81 254 1
113 131 1
73 145 1
80 188 1
154 201 1
65 98 1
64 188 1
14 33 3
113 185 1
163 241 1
40 227 1
226 234 6
138 147 2
86 122 1
219 226 1
69 116 6
121 186 1
62 238 2
86 117 1
113 257 2
34 68 1
25 43 1
135 170 9
88 227 3
146 174 1
35 37 2
145 209 4
126 213 1
182 213 4
45 95 4
148 225 1
100 160 2
20 200 1
43 181 3
36 100 2
220 220 1
22 125 3
78 148 2
140 152 3
152 247 1
41 259 1
140 227 1
61 189 4
73 161 1
11 74 1
220 239 5
36 226 1
148 192 1
95 125 7
20 74 2
88 216 1
123 181 1
62 165 2
118 237 1
72 236 3
79 130 1
238 259 1
159 248 1
141 259 1
25 69 1
45 151 1
10 88 1
70 186 3
26 227 2
75 93 1
18 68 5
123 263 1
65 80 3
72 72 2
71 140 3
177 229 1
241 259 1
146 225 5
25 102 1
89 166 3
68 127 1
42 125 2
39 155 1
168 241 2
32 231 1
225 229 1
62 186 3
37 65 2
140 260 4
130 229 1
100 190 1
226 256 2
127 153 2
20 48 1
48 70 2
26 243 2
61 165 1
137 244 3
217 232 2
108 228 2
114 244 1
232 244 2
100 127 3
163 223 2
230 254 1
165 216 1
67 88 1
79 116 4
127 169 1
35 75 1
127 130 1
148 244 2
7 41 3
7 70 1
149 170 2
82 232 1
17 102 1
173 229 1
207 210 1
82 95 1
62 225 1
130 205 2
48 192 4
35 181 1
39 49 1
10 229 1
228 234 2
169 175 1
119 229 4
71 137 7
80 82 1
92 142 2
102 236 1
107 168 2
11 125 1
90 189 3
120 166 1
161 176 1
63 145 1
10 151 1
39 74 2
195 228 3
228 241 1
213 230 8
17 188 1
140 241 2
75 258 1
78 213 1
43 194 1
6 137 1
43 82 1
9 55 1
10 243 2
66 166 1
35 249 1
18 69 1
193 211 1
1 224 2
47 125 3
136 241 1
22 64 1
34 162 1
10 14 1
18 94 2
25 76 1
14 23 1
164 240 1
51 234 1
143 224 2
82 223 1
131 237 2
93 95 1
7 24 1
51 88 2
100 217 1
35 35 2
114 160 1
28 145 1
138 214 1
69 170 2
48 169 1
28 100 2
113 190 1
161 248 1
90 106 1
17 52 1
28 121 1
107 173 3
226 238 3
168 170 1
49 236 2
131 186 1
143 260 2
140 182 2
138 206 1
70 70 2
121 237 1
128 163 2
10 116 1
260 261 1
155 170 2
65 228 4
14 108 1
7 65 1
50 128 1
47 215 1
15 237 1
161 193 2
93 144 1
127 145 1
75 218 1
167 211 1
68 254 1
33 145 1
42 205 1
171 226 1
217 256 1
97 222 1
97 158 2
48 216 1
74 97 1
21 186 1
17 37 1
106 188 3
137 252 1
47 69 3
161 215 4
74 174 1
133 155 1
71 107 1
116 248 1
7 213 1
85 106 1
127 237 1
26 76 1
45 225 1
31 140 2
10 93 1
37 198 2
227 237 2
125 196 1
69 262 1
218 261 1
79 223 3
42 139 1
125 223 1
88 98 1
196 233 3
170 193 1
13 62 1
49 62 1
35 50 2
25 41 1
42 72 1
114 133 1
56 113 2
1 45 2
28 161 3
70 209 10
244 260 1
226 241 1
37 236 1
87 119 1
113 193 1
22 88 5
56 164 1
122 130 1
48 124 1
132 147 2
170 201 1
25 77 2
125 152 1
3 41 2
170 254 1
87 196 2
178 181 1
65 260 1
88 190 1
61 137 2
129 166 2
140 195 4
148 152 1
42 120 1
35 117 2
25 190 2
123 230 1
170 220 2
69 229 1
178 246 1
26 137 2
169 208 1
52 95 1
208 263 1
113 244 3
166 232 2
71 91 1
49 209 1
87 155 1
55 197 1
22 177 1
167 230 1
113 152 1
40 106 1
95 262 1
36 61 1
18 186 2
54 68 1
23 206 1
75 134 1
43 49 1
79 85 1
29 220 1
68 196 3
4 226 1
54 170 1
87 260 1
48 72 2
3 164 4
90 190 1
169 237 1
111 186 1
215 238 1
139 164 1
92 230 3
137 139 1
53 140 1
91 222 1
100 155 1
116 243 4
83 233 1
155 261 1
100 179 2
162 178 1
226 244 3
10 158 1
148 188 1
161 208 1
17 243 1
67 170 2
36 231 2
12 137 1
106 113 1
87 210 1
76 87 2
92 151 1
85 232 1
140 185 2
37 230 1
41 60 1
39 232 8
51 246 1
65 232 2
175 249 1
35 100 1
47 61 1
63 90 1
101 164 3
133 257 1
100 251 1
160 196 1
13 80 6
193 202 1
73 87 1
88 197 1
83 179 1
138 248 1
45 218 1
241 254 3
37 74 5
87 205 2
188 236 2
151 254 2
52 125 1
11 170 2
73 237 1
55 228 1
193 234 1
52 148 1
70 87 1
45 243 1
205 231 9
41 47 1
26 86 1
13 37 1
52 238 1
4 65 1
13 243 1
136 247 1
76 218 1
137 191 1
87 259 1
136 138 2
118 156 1
163 247 1
69 163 3
18 231 1
189 239 1
112 179 1
136 162 1
127 263 2
166 248 4
133 186 2
13 257 1
35 263 1
18 143 2
40 232 2
96 132 1
14 26 2
62 144 1
13 17 1
197 246 1
4 179 1
62 205 1
220 237 1
93 145 1
130 186 4
76 80 1
134 145 1
88 166 1
189 190 1
87 135 1
41 51 3
41 65 2
16 236 2
80 88 2
226 246 1
55 232 2
149 249 1
139 162 3
45 127 1
75 119 1
89 232 1
42 209 5
152 167 1
140 157 1
200 223 1
51 69 4
64 161 1
82 216 1
54 144 1
21 170 3
21 216 1
209 215 1
7 157 1
51 185 1
148 189 1
78 174 1
136 244 1
36 232 1
93 114 1
179 232 1
55 230 1
7 148 2
124 186 1
128 161 1
189 231 1
100 108 1
138 183 1
40 238 2
66 239 1
127 246 2
43 80 1
100 215 1
37 140 2
4 238 5
48 256 2
232 243 2
88 127 1
37 215 1
198 263 1
106 140 2
18 48 1
97 121 1
87 202 1
48 78 2
164 193 1
15 75 1
64 183 2
63 68 1
48 242 1
99 236 1
68 241 1
75 83 1
138 185 2
71 74 2
48 150 1
90 108 2
191 230 1
130 139 1
79 195 2
128 238 1
220 246 1
48 225 3
143 223 1
78 243 1
60 233 1
170 218 5
11 158 1
4 7 1
36 45 1
74 145 3
170 177 2
26 87 1
93 229 1
49 228 1
13 157 2
24 93 1
69 100 1
205 205 1
49 224 1
21 261 1
20 20 2
148 202 1
235 261 1
9 230 1
78 208 1
45 228 1
246 260 1
48 179 1
81 138 3
76 177 1
56 230 3
114 130 1
14 40 1
56 114 1
115 231 1
87 130 1
39 230 1
89 211 1
62 107 1
34 138 1
92 216 1
4 106 1
40 140 2
136 166 1
74 205 2
102 230 1
78 107 1
45 255 2
52 80 1
229 252 1
97 166 1
4 35 1
165 186 1
43 127 1
163 193 2
200 236 2
37 181 2
38 48 2
144 166 2
4 10 1
233 254 1
176 195 1
116 129 1
85 225 1
125 217 2
134 186 1
236 248 1
90 198 1
33 39 2
95 239 1
41 112 1
211 223 1
183 183 1
143 189 2
82 231 1
56 237 1
176 234 1
29 138 1
93 249 1
144 146 1
232 260 3
26 211 1
223 232 3
166 185 1
132 153 1
43 195 2
107 247 1
160 263 1
114 260 2
123 239 1
70 82 1
36 125 1
211 260 1
17 89 1
141 247 1
36 230 1
60 234 1
45 61 4
94 241 1
247 263 2
217 223 1
8 236 2
28 238 1
71 148 1
148 180 1
34 231 1
37 246 1
186 242 1
162 235 2
54 257 1
42 97 1
9 186 1
83 186 1
173 263 1
161 212 1
137 182 1
93 143 1
162 190 1
83 164 1
63 237 1
19 19 1
4 181 1
75 146 1
80 228 1
162 247 1
229 247 1
13 49 1
68 217 1
85 236 1
12 236 1
31 132 1
134 249 2
17 62 1
130 142 1
209 260 1
157 238 1
36 87 1
161 200 1
17 77 1
47 186 1
49 75 4
14 227 1
177 177 3
86 138 3
80 262 1
92 211 1
100 167 1
28 113 1
148 260 1
71 157 1
51 77 1
7 13 1
54 249 1
88 101 2
202 244 1
188 228 1
121 171 1
49 255 1
51 107 1
100 200 11
152 195 1
162 220 1
4 166 1
53 179 1
152 215 1
48 213 6
34 114 1
87 198 1
9 255 5
28 33 1
61 246 1
169 212 1
165 227 1
9 65 1
13 244 1
165 261 3
95 263 1
164 167 1
101 130 1
163 252 1
133 225 1
163 257 3
118 233 1
95 113 1
189 229 1
200 234 1
31 186 1
97 205 2
60 100 1
71 164 1
74 177 1
36 261 4
133 142 1
28 158 1
216 262 1
58 138 1
151 194 1
68 131 1
18 169 1
95 130 2
43 200 3
67 233 1
10 145 1
125 215 1
137 196 2
70 107 1
90 152 1
50 95 1
54 163 1
82 159 1
227 239 1
144 228 1
47 51 1
114 257 1
95 231 1
37 261 3
181 225 2
53 53 1
28 233 4
127 144 1
161 219 1
163 173 1
62 237 1
168 234 1
151 181 2
141 215 2
50 54 1
137 216 1
7 116 1
164 198 1
71 87 2
25 85 1
72 85 2
78 169 1
70 261 1
87 217 2
87 147 1
173 262 2
162 217 2
43 226 1
82 203 1
87 195 1
192 237 1
81 185 1
147 234 1
45 54 1
48 189 1
40 142 1
14 45 1
9 19 1
47 140 1
119 152 1
153 222 1
162 191 4
128 137 1
100 178 1
49 69 1
32 60 1
70 158 1
64 64 2
106 107 1
131 140 1
32 170 1
100 122 1
54 161 2
140 159 2
42 182 1
134 215 1
53 93 1
88 89 3
91 246 1
242 261 1
166 220 1
37 222 1
68 257 1
108 142 1
24 211 2
130 179 3
36 68 1
115 166 1
75 189 1
152 174 1
23 224 1
64 141 1
159 162 2
170 250 1
153 162 2
171 229 1
143 179 1
188 262 1
28 175 1
87 168 10
102 263 1
40 43 1
12 65 1
33 238 3
86 196 1
76 209 5
57 230 1
215 231 4
116 194 1
188 237 1
20 32 1
124 261 1
41 167 2
93 244 1
12 125 1
116 235 3
88 146 1
48 92 1
55 162 3
29 48 1
77 138 1
81 209 3
50 241 1
88 165 1
26 229 1
129 144 1
18 234 1
35 228 1
41 93 1
52 224 1
195 236 1
151 216 1
129 244 1
60 74 1
82 145 1
51 87 3
228 237 5
159 261 2
74 188 1
3 247 1
20 231 12
20 262 1
3 3 1
77 97 1
130 231 2
116 120 1
121 229 1
7 125 1
91 113 1
43 188 1
18 162 8
18 239 1
121 134 1
140 191 1
210 241 1
162 227 1
76 124 3
69 164 2
208 209 1
13 42 1
63 74 1
5 5 1
85 164 1
11 186 1
133 149 1
116 159 1
170 252 1
56 246 1
89 148 2
92 252 1
68 167 7
50 65 2
137 157 4
21 230 1
174 233 2
62 164 3
51 142 1
146 171 1
13 129 1
86 186 1
48 160 1
10 242 1
95 119 1
4 33 1
140 218 1
17 78 1
106 238 1
136 137 1
37 76 3
107 227 1
134 226 1
228 233 1
157 215 1
75 185 1
39 107 1
17 71 1
135 263 1
112 257 1
47 134 1
74 117 1
75 248 1
80 157 1
7 192 1
207 255 1
139 139 1
143 215 1
137 213 3
133 164 1
231 260 1
49 50 1
78 94 1
107 159 2
52 188 1
112 198 1
87 185 1
155 249 1
127 219 1
163 225 1
130 234 1
136 263 1
71 116 1
81 231 1
161 225 1
7 51 1
92 162 2
159 164 1
140 200 2
141 200 1
61 91 3
236 241 2
51 239 1
36 162 1
57 132 1
174 240 1
164 250 1
211 217 1
37 263 1
143 227 1
119 141 1
68 69 1
80 92 1
5 23 1
108 263 1
216 234 1
74 76 3
183 238 3
216 233 1
121 137 1
88 257 1
66 75 1
77 79 1
89 125 2
88 130 4
181 190 1
90 157 1
41 250 1
185 186 1
143 216 1
38 231 3
194 244 1
158 242 1
228 249 1
184 213 1
129 203 1
33 166 1
8 162 1
22 91 1
72 177 1
23 138 1
209 220 1
80 189 1
76 156 1
7 166 1
43 106 1
34 145 1
37 89 1
14 164 2
66 80 1
87 159 3
152 229 2
35 79 1
52 108 1
140 180 1
183 242 2
42 69 3
140 167 2
132 206 1
223 231 1
163 168 1
173 231 1
37 88 1
42 78 1
112 130 1
57 57 1
28 68 1
145 208 1
42 257 1
91 186 1
205 237 1
200 231 1
80 142 1
52 225 1
195 233 1
50 255 1
132 192 1
33 112 1
95 224 1
100 220 1
87 179 1
151 200 1
68 126 1
235 235 2
54 263 1
33 75 1
88 149 2
56 76 1
28 87 1
25 71 1
78 137 1
49 143 1
17 224 1
94 231 2
112 209 1
179 202 1
98 226 1
4 210 1
82 130 1
106 228 1
211 215 1
85 163 1
215 233 1
107 244 1
145 216 1
67 67 1
123 141 1
152 159 1
92 232 1
87 254 3
35 88 1
164 219 1
152 170 1
49 261 1
181 256 1
93 113 1
4 145 1
30 117 1
220 230 1
28 45 1
129 261 1
115 215 1
16 237 1
224 243 2
54 162 1
166 226 1
36 155 1
85 229 1
72 155 2
81 220 1
97 258 1
149 163 4
180 252 1
45 219 1
39 75 1
26 235 1
91 229 1
71 229 3
139 151 2
196 198 1
21 135 1
42 60 1
41 235 1
18 258 1
91 225 1
75 130 2
153 213 1
140 250 4
41 153 1
133 135 1
89 209 4
168 248 1
48 191 3
3 260 2
88 91 1
124 165 1
67 210 1
13 71 2
29 165 1
146 205 1
223 225 3
42 202 3
174 205 1
7 14 2
20 209 1
37 143 1
74 131 1
79 218 1
32 87 1
88 235 1
136 164 1
51 141 2
81 211 1
28 135 1
10 142 11
215 226 1
151 248 1
68 168 4
26 188 1
164 177 1
38 225 1
35 231 1
35 261 6
91 140 2
87 182 1
76 130 1
170 197 1
71 85 1
181 227 1
41 226 2
106 237 4
61 130 4
219 229 1
244 251 2
137 177 1
98 101 1
45 131 5
90 213 2
95 102 4
76 76 7
31 113 2
35 234 1
31 69 1
165 232 1
78 100 1
10 91 1
22 210 1
208 250 1
90 122 1
37 169 1
171 192 3
77 226 3
29 166 1
65 177 3
136 141 1
107 259 1
51 243 1
193 230 1
47 242 3
51 81 3
87 183 1
83 263 3
136 229 1
38 246 5
25 74 6
42 197 1
65 188 2
170 216 1
24 69 1
89 218 1
91 233 1
242 244 1
63 168 1
55 170 2
3 197 3
129 136 1
17 177 1
61 143 1
241 260 1
76 148 1
170 178 1
74 210 1
232 240 1
86 215 1
202 260 1
23 133 1
165 230 1
95 227 1
232 247 2
136 198 1
42 232 2
72 232 2
97 174 1
92 137 1
42 81 1
86 177 1
167 258 1
177 219 1
17 202 1
213 213 1
101 238 1
89 163 1
35 140 1
131 205 1
48 254 1
41 160 1
9 92 4
16 92 4
209 241 2
157 205 2
147 161 4
18 179 2
28 229 2
130 163 3
116 220 4
10 80 2
72 263 3
140 203 9
231 258 2
45 210 4
109 231 2
31 164 2
85 129 4
98 186 2
48 203 5
65 205 3
205 261 2
55 61 2
28 210 2
163 177 2
45 227 2
65 210 2
11 140 2
123 140 2
25 220 2
18 202 2
81 179 2
42 127 4
164 218 2
114 188 2
32 258 4
201 232 2
144 171 2
10 76 2
113 254 9
58 231 2
51 168 2
131 170 3
89 208 2
51 237 7
85 220 2
45 188 2
213 263 2
89 115 2
131 145 2
41 242 4
52 164 2
16 139 2
88 219 6
27 181 2
137 159 2
72 90 4
43 89 5
22 198 2
4 71 2
127 225 3
91 197 2
3 163 2
18 25 3
21 231 3
39 162 2
95 209 2
117 216 2
63 102 2
89 108 2
10 28 7
130 225 4
47 107 2
37 226 2
14 17 2
72 123 2
65 244 2
71 90 3
213 231 2
235 254 2
30 145 2
141 216 2
137 195 4
49 254 2
141 175 2
76 146 3
10 135 3
59 90 2
21 35 3
61 82 2
61 193 2
14 140 2
191 258 2
50 133 2
136 177 3
50 203 2
39 90 3
94 100 2
159 161 5
43 51 4
169 254 2
26 251 4
97 117 3
171 171 3
162 242 2
90 168 2
80 181 2
68 122 2
70 92 2
39 68 2
45 167 2
102 137 2
61 228 2
39 256 2
70 166 2
49 149 2
88 182 3
129 209 4
24 182 2
58 170 2
81 119 2
71 261 2
75 188 2
39 141 2
76 225 2
173 179 2
41 145 2
165 188 2
76 226 3
70 224 3
26 210 3
62 228 2
211 213 2
95 126 2
167 247 2
87 213 2
75 117 4
10 205 2
101 142 2
35 168 2
79 91 2
25 28 3
29 137 2
135 142 3
131 254 2
127 203 3
62 101 2
85 157 2
29 36 2
210 227 2
85 137 2
67 244 2
161 218 2
47 47 2
51 250 2
78 234 2
94 185 2
14 120 2
92 225 2
83 250 2
29 239 2
22 137 2
121 226 2
91 230 3
61 146 2
88 258 3
55 74 3
85 226 2
85 178 2
91 238 2
162 258 5
14 133 2
91 256 2
7 53 2
70 159 3
21 162 2
16 28 2
29 88 3
39 164 2
21 140 2
12 238 2
7 248 2
113 119 2
155 237 2
45 149 5
32 81 2
89 90 5
62 133 2
78 116 4
4 76 2
29 262 2
116 225 2
182 259 2
145 151 3
133 181 2
17 121 2
49 86 2
159 239 2
76 197 2
77 177 3
11 21 2
10 228 2
47 244 2
25 95 2
10 235 2
80 225 2
72 89 2
161 174 2
38 107 3
37 232 2
230 242 3
39 87 3
55 97 2
119 168 2
63 159 2
77 234 2
159 226 2
167 168 2
35 48 2
53 162 2
32 188 2
11 28 2
51 213 2
19 163 2
26 92 2
195 227 2
18 31 2
60 213 2
75 210 2
4 49 2
17 82 2
198 252 2
159 185 3
39 238 2
168 254 2
185 246 4
31 247 2
25 42 3
15 92 1
17 135 1
91 231 2
141 208 1
222 234 1
175 226 1
49 205 1
25 168 2
45 169 1
259 261 1
39 261 1
143 255 1
87 167 1
116 216 2
56 205 1
25 75 1
241 241 1
60 244 1
137 152 1
122 181 2
90 131 1
97 124 1
88 208 1
81 170 2
39 92 3
37 205 1
65 91 2
131 157 1
88 241 1
3 153 1
159 235 2
167 226 1
25 72 1
40 107 3
220 261 1
177 186 1
25 254 1
45 55 1
39 255 2
100 205 1
35 107 1
65 235 2
95 202 1
124 175 1
163 171 2
18 209 1
56 125 1
117 130 1
35 39 2
72 112 1
93 168 2
51 231 1
212 231 1
21 233 1
133 233 1
136 254 1
230 235 1
117 170 3
72 76 2
133 232 1
69 213 1
108 155 1
18 243 1
90 257 1
70 141 1
32 133 1
45 106 1
33 146 2
87 203 1
51 51 6
76 164 1
60 75 1
126 239 1
81 238 1
180 236 1
163 183 3
177 205 1
48 135 1
86 232 2
140 206 1
24 139 2
135 233 2
13 247 3
98 140 1
87 121 3
71 143 1
55 71 1
135 257 1
67 133 1
191 222 1
164 200 1
91 106 1
241 261 1
10 139 1
147 177 1
98 196 1
88 191 2
26 217 2
107 218 1
18 235 1
19 162 1
129 188 1
37 93 1
18 164 2
10 193 1
123 236 1
10 71 1
97 257 1
88 160 1
147 244 1
126 185 1
192 244 1
219 244 1
87 127 1
22 123 1
71 92 1
55 107 1
218 236 1
51 233 2
19 125 1
85 122 1
126 140 1
42 250 2
48 117 1
128 130 1
14 137 1
69 137 1
26 72 1
69 177 1
94 261 1
22 80 2
25 244 1
137 242 1
61 213 2
79 222 1
89 95 1
45 72 1
39 101 1
26 225 1
13 165 1
101 215 1
116 209 1
4 255 1
168 209 1
117 124 3
76 137 1
133 137 2
193 200 3
64 101 1
39 65 2
117 261 2
41 197 1
28 56 1
137 197 1
21 100 1
3 191 1
20 213 1
135 209 1
69 162 1
101 159 1
77 236 1
170 212 1
130 137 1
92 224 1
157 234 1
160 247 1
62 233 1
177 178 1
20 113 2
127 148 1
76 167 1
106 232 1
10 198 1
108 137 1
60 168 1
14 89 1
22 108 1
21 63 1
61 205 2
189 201 1
74 216 1
92 160 1
124 134 1
53 234 1
32 74 1
55 166 1
39 229 1
68 130 1
27 121 1
51 183 1
209 259 1
160 186 1
91 228 1
203 216 1
235 256 1
39 117 1
90 155 1
74 187 1
63 219 1
213 236 1
76 116 1
94 181 1
88 116 1
224 244 1
100 196 1
137 169 1
135 181 1
164 201 1
22 90 1
106 123 1
117 234 1
16 129 2
220 249 1
17 136 1
254 263 1
119 157 2
59 126 1
78 231 2
85 90 6
55 140 2
45 223 1
74 191 1
107 193 1
75 86 1
29 210 1
53 188 1
188 229 1
55 137 1
98 170 1
74 81 1
117 164 2
65 152 1
22 261 1
133 249 1
94 249 1
24 221 1
119 174 1
63 197 1
255 257 1
58 137 1
22 25 1
145 213 1
173 209 1
206 209 1
85 231 1
61 125 1
61 123 1
63 134 1
101 180 1
61 75 2
71 170 1
68 71 1
71 163 1
170 213 1
173 261 1
17 51 1
31 256 1
62 89 1
191 244 1
183 230 1
157 257 1
81 186 1
47 141 1
68 235 2
165 237 1
89 252 1
147 231 1
14 67 1
100 203 1
39 161 1
157 183 1
65 131 1
16 197 1
61 74 2
61 157 2
62 78 1
61 76 2
198 236 1
19 151 1
87 212 1
136 159 1
79 136 1
38 164 1
89 149 2
231 248 1
218 230 1
72 261 1
162 197 1
185 200 1
81 212 1
91 263 1
25 223 2
166 191 1
85 140 2
165 170 2
200 209 1
72 140 1
47 231 1
32 244 1
229 248 1
121 219 1
10 121 1
77 175 1
167 197 1
107 131 1
41 82 1
153 233 1
32 113 1
86 137 1
61 124 1
22 92 1
95 171 1
78 261 1
72 247 1
164 194 1
3 212 1
129 177 1
89 228 1
72 77 1
90 134 1
24 191 1
28 65 1
91 188 1
92 256 1
143 248 1
11 14 1
182 263 1
70 232 1
68 242 1
168 215 1
79 81 1
142 167 1
236 257 1
100 177 1
85 238 1
65 78 1
82 246 1
38 263 1
155 238 1
94 161 1
38 142 1
136 163 1
14 27 1
86 238 1
196 246 1
21 225 1
133 263 1
168 174 1
77 91 1
39 80 1
136 238 1
85 91 1
91 227 1
169 230 1
164 195 1
119 148 1
81 91 1
55 246 1
42 259 1
55 113 1
22 68 1
42 241 1
89 182 1
39 89 2
47 185 1
22 102 1
76 107 2
17 226 1
74 250 3
107 257 1
51 226 1
20 129 1
26 91 1
136 168 1
45 196 1
39 72 1
126 229 1
26 39 1
89 239 1
31 243 1
215 229 2
126 167 2
30 140 1
18 166 1
72 145 1
63 63 1
71 130 1
35 186 1
55 209 1
62 137 1
76 155 1
77 98 1
108 216 1
177 210 1
28 38 1
100 189 1
71 231 1
121 135 1
56 239 1
113 213 1
142 250 1
33 69 1
18 161 1
97 244 1
43 258 1
242 250 1
10 38 1
78 85 1
119 169 1
182 185 1
134 235 1
182 217 1
14 39 1
82 157 1
35 170 1
39 179 1
61 191 1
74 220 1
169 218 1
142 203 1
17 228 1
167 241 1
21 91 1
55 88 1
184 233 1
51 114 1
39 123 1
175 230 1
157 160 1
98 145 1
20 182 1
137 183 1
149 233 1
24 56 1
74 226 1
77 209 1
26 62 1
64 170 1
140 240 1
85 89 1
39 231 1
90 201 1
197 201 1
31 231 1
75 125 1
139 209 1
94 233 1
134 237 1
181 252 1
61 142 1
139 231 1
147 250 1
51 116 1
124 152 1
39 144 1
241 243 1
81 242 1
43 47 1
75 225 1
124 209 1
9 224 1
76 238 1
79 258 1
14 232 1
45 245 1
88 218 2
3 169 1
33 219 1
87 169 1
65 139 1
32 79 1
10 97 1
33 151 1
76 100 1
191 225 1
65 95 1
118 161 1
234 235 1
205 225 1
62 71 1
41 117 1
71 237 1
11 233 1
121 139 1
97 250 1
38 159 1
75 195 1
122 198 1
177 213 1
168 171 1
170 184 1
90 182 1
