137 233 104
37 148 6
132 165 47
193 193 49
26 45 1
132 230 225
50 246 54
173 260 6
166 238 170
143 239 141
48 50 211
211 231 24
132 249 71
100 163 569
138 236 219
236 236 394
132 175 13
132 236 134
132 259 7
87 132 52
113 142 28
161 249 270
113 249 60
132 256 59
7 249 18
74 74 56
25 181 2
97 186 3
132 215 89
130 229 5
48 75 67
231 261 46
1 231 24
1 161 50
116 186 11
82 132 60
38 132 28
52 132 21
42 132 25
116 142 18
50 230 155
100 234 219
140 237 478
237 237 293
50 138 22
48 107 112
43 87 8
132 210 12
138 237 151
48 233 64
48 68 525
48 231 63
43 75 68
68 238 63
107 140 203
137 237 80
162 237 399
107 170 327
24 127 4
244 244 32
132 133 18
140 262 606
132 178 23
36 246 1
113 236 28
75 237 201
162 236 524
132 260 31
132 138 191
7 132 58
93 132 359
80 231 2
141 238 89
48 238 111
138 239 117
79 225 3
229 229 52
132 196 35
79 170 114
142 226 9
97 132 29
48 48 270
129 146 4
43 132 64
79 107 104
68 142 85
236 239 209
100 158 23
90 116 4
24 238 69
237 239 102
137 141 108
140 229 311
163 164 77
48 164 231
146 162 6
7 230 17
13 87 48
129 132 50
90 246 110
7 246 2
158 186 66
68 107 120
144 161 16
164 234 122
68 125 29
107 146 3
262 263 126
236 238 257
48 262 56
141 263 402
160 233 1
90 107 87
186 249 200
68 230 306
48 229 95
137 186 493
21 137 1
41 43 51
129 230 5
36 132 36
74 161 29
43 236 158
79 79 90
79 158 9
138 249 37
75 238 252
87 239 12
74 75 341
170 249 97
137 148 32
107 164 99
229 236 101
132 238 131
151 238 138
48 244 59
132 262 115
50 74 6
48 129 13
107 229 98
4 83 1
4 137 6
7 129 18
89 132 59
79 186 131
100 243 2
161 170 383
4 132 19
170 186 878
48 65 5
132 239 118
49 65 4
162 163 121
163 170 112
168 263 16
186 262 85
249 249 50
83 260 7
179 226 7
138 230 285
107 209 19
7 146 80
74 263 155
144 256 4
26 132 49
90 237 34
79 151 8
48 236 117
159 161 1
132 220 19
48 146 6
68 158 47
41 151 53
132 149 22
79 244 5
13 132 49
132 135 74
7 48 21
132 161 174
186 230 1088
71 132 15
141 246 46
79 231 50
148 179 2
79 249 61
68 100 154
231 234 144
141 164 48
162 162 111
68 141 47
138 164 111
74 236 187
13 140 44
230 236 250
74 138 21
100 164 183
144 227 8
75 141 162
137 256 5
107 223 7
79 137 205
132 180 13
45 66 3
61 114 2
68 148 7
17 90 2
90 163 69
79 230 96
48 80 1
37 106 1
179 249 1
75 231 12
161 231 345
87 231 129
138 209 14
132 234 93
127 132 4
90 186 198
60 164 1
25 132 30
13 141 27
186 246 581
50 140 36
229 263 93
229 234 29
107 155 1
133 161 1
56 132 65
129 263 3
100 137 130
107 162 402
132 237 78
50 100 132
114 239 5
50 107 10
79 132 97
114 249 40
100 114 20
247 249 1
74 107 27
24 41 28
82 146 2
225 225 1
107 137 331
42 107 8
142 239 301
142 142 103
142 166 84
138 142 98
80 255 3
4 125 2
132 188 28
246 247 1
48 230 703
164 186 447
132 231 71
90 90 42
107 237 115
48 170 305
68 163 153
68 255 2
113 261 28
68 229 54
7 35 1
75 263 314
140 236 442
121 223 1
53 234 1
107 132 125
100 132 88
142 236 174
142 230 319
17 113 1
112 262 2
42 262 16
79 161 125
7 173 2
129 129 26
234 257 1
236 263 297
48 132 144
163 239 73
79 162 130
74 230 24
48 140 132
161 233 173
48 116 34
100 233 160
50 89 1
173 229 1
129 223 2
138 262 133
188 249 2
42 168 9
24 142 53
161 163 286
138 161 248
161 237 437
226 230 17
148 152 2
166 239 52
7 193 37
74 141 66
90 230 210
148 164 10
72 132 21
68 170 263
48 158 36
125 249 36
43 263 73
142 143 128
132 146 19
162 262 193
50 170 38
230 230 93
230 238 152
138 238 117
157 162 2
7 7 33
93 114 1
42 144 1
141 236 375
260 263 8
186 225 1
132 224 23
40 141 5
233 246 26
80 256 1
4 87 5
24 231 4
79 211 20
160 262 1
33 148 3
1 48 37
79 138 42
137 164 123
48 74 22
132 216 101
113 186 190
48 161 1098
161 186 1968
186 229 170
140 141 343
229 237 161
168 232 2
132 205 29
211 249 24
68 132 74
75 170 63
161 164 334
164 244 6
75 151 121
229 230 119
170 211 13
95 132 102
226 249 10
162 238 92
48 90 98
186 236 260
140 238 129
132 140 79
83 142 1
148 148 24
125 161 54
92 94 1
162 230 193
79 90 34
132 233 106
186 200 1
80 211 2
80 157 3
7 229 7
68 249 92
170 224 32
62 144 3
186 190 1
48 232 3
113 138 45
79 256 4
236 237 611
24 50 7
143 166 60
137 238 37
7 37 1
33 79 1
33 132 43
144 148 11
163 233 25
36 148 8
36 61 2
93 239 4
4 249 9
4 92 1
100 170 445
166 249 7
24 230 34
132 142 110
80 230 2
79 239 11
48 113 31
148 246 7
144 246 4
4 36 1
114 138 16
4 107 17
107 186 558
198 260 1
79 144 30
114 186 94
48 246 320
50 186 201
132 263 123
148 232 11
79 141 35
90 233 19
224 263 9
4 224 2
45 48 6
50 142 77
42 50 13
186 233 309
151 186 24
137 260 8
238 244 95
145 164 6
151 173 1
140 186 334
219 235 1
10 132 125
141 161 359
41 132 45
116 127 3
83 249 2
100 226 5
75 75 178
107 263 91
141 244 14
48 193 5
132 143 57
80 145 1
100 107 122
66 79 2
226 237 25
25 140 25
132 219 65
132 170 178
79 133 2
41 75 116
43 161 172
72 79 7
37 80 1
26 61 5
100 263 49
75 79 27
7 80 19
48 144 10
4 232 2
4 231 3
107 179 5
132 246 32
68 260 5
79 116 3
90 263 8
140 263 324
223 229 10
132 162 153
95 161 7
79 228 2
102 235 2
68 246 379
158 225 1
140 244 40
7 24 1
151 244 64
68 113 53
113 144 17
4 114 18
45 163 3
79 100 41
79 112 7
100 230 979
47 69 1
138 223 18
75 163 60
41 74 105
74 237 62
194 236 1
107 142 39
48 100 225
48 162 376
48 239 162
162 186 635
75 230 34
90 148 16
211 234 16
79 164 51
143 234 45
132 145 65
83 140 1
241 260 1
48 142 270
100 142 159
238 238 86
164 230 129
7 138 6
100 141 119
42 211 1
142 234 74
43 74 47
75 100 93
7 226 17
4 79 34
4 7 2
141 170 124
74 140 75
158 261 2
163 163 32
141 229 233
230 260 4
132 132 290
141 233 132
79 148 65
79 262 13
43 151 59
48 114 24
50 231 29
100 249 55
14 158 1
17 132 61
82 148 4
1 211 9
112 256 1
90 112 3
116 116 23
238 239 226
17 48 4
1 141 6
146 193 14
100 140 239
159 169 2
132 151 62
231 237 29
143 163 137
116 244 45
137 263 70
17 79 13
148 226 5
166 166 85
14 223 1
1 166 4
162 249 84
161 230 498
7 90 6
236 262 335
223 230 3
50 249 11
68 234 190
28 238 4
138 263 153
13 170 42
68 231 102
48 234 169
48 186 298
7 186 14
181 228 2
143 262 25
45 125 2
112 231 1
24 148 1
161 239 212
36 255 1
234 236 74
41 161 26
100 261 16
4 233 9
87 229 36
75 87 17
170 236 128
163 238 89
249 263 8
7 141 14
82 129 2
83 129 6
129 234 4
238 263 67
104 261 1
93 140 4
140 224 51
48 151 16
100 229 88
143 230 219
151 263 21
75 158 2
186 231 308
48 163 401
4 238 1
43 238 95
238 243 5
114 163 10
90 244 23
7 83 2
47 152 1
140 164 34
145 229 13
37 179 2
143 143 71
107 236 94
116 166 30
113 113 49
239 263 53
48 247 6
74 142 35
107 158 11
132 229 118
97 195 2
43 125 12
79 97 2
161 262 295
263 263 110
152 238 45
138 170 129
107 151 9
65 66 5
50 87 7
75 233 41
94 244 2
11 14 1
107 234 184
1 234 15
132 155 28
68 236 72
143 238 118
1 1 33
48 223 9
79 224 35
35 68 2
37 79 8
4 48 7
50 229 24
50 78 4
173 173 2
56 92 1
82 226 7
107 138 85
50 226 4
141 258 1
162 260 11
132 203 48
1 68 14
50 68 111
50 263 16
239 244 67
129 151 1
143 224 1
51 132 8
112 148 1
152 244 12
70 263 1
230 257 1
62 132 42
148 173 4
40 132 24
68 74 14
79 87 30
90 181 1
161 229 312
4 263 3
141 142 109
80 170 1
36 37 1
90 151 6
138 162 237
87 261 23
125 232 4
125 138 17
68 164 120
129 173 6
161 263 233
48 179 3
12 100 1
132 185 4
90 132 61
164 262 31
68 79 53
114 246 10
50 80 1
138 186 46
36 186 1
138 141 126
142 196 2
61 132 74
88 261 13
132 164 125
47 211 1
50 129 1
43 140 60
10 237 1
113 234 100
68 161 499
137 230 61
141 262 180
102 132 8
17 100 3
41 148 2
95 234 2
116 246 18
141 186 224
138 143 50
50 244 21
229 262 74
170 239 61
54 164 1
41 247 2
79 223 4
87 147 1
48 143 123
143 246 63
229 238 15
137 231 47
170 198 10
48 249 55
74 170 17
75 244 13
129 162 6
50 169 3
7 217 1
148 237 3
48 205 2
132 141 107
151 163 31
116 163 7
114 263 4
75 241 2
116 254 3
25 52 20
170 246 123
162 239 81
43 142 82
132 160 11
161 167 1
48 141 73
17 80 2
87 263 33
170 229 182
74 229 18
140 162 325
107 148 31
7 107 12
41 238 71
186 237 253
163 230 129
140 241 1
75 262 161
75 107 81
127 235 1
140 140 157
1 140 3
48 138 123
90 234 100
48 224 16
114 132 39
194 263 1
142 237 167
49 132 61
230 262 117
24 130 1
140 163 108
68 87 29
114 158 17
239 262 36
50 116 6
116 238 42
70 239 5
114 229 24
114 211 9
137 229 135
107 161 372
4 223 1
163 166 5
132 163 115
158 239 9
185 263 1
7 179 29
106 132 8
148 186 41
25 79 2
1 142 15
107 107 92
50 90 28
141 162 430
138 163 181
220 243 1
4 148 23
141 234 42
48 56 2
132 197 39
42 43 11
138 140 90
75 78 3
68 68 169
127 224 2
74 127 1
147 161 1
80 260 7
144 164 10
95 129 3
169 186 2
48 131 1
7 140 29
170 209 14
79 213 1
42 148 2
4 42 2
68 243 2
127 127 5
114 238 7
246 263 13
116 230 10
116 235 1
152 230 6
168 186 6
37 157 1
74 167 2
198 230 2
162 164 109
206 229 1
164 237 85
113 164 51
166 244 36
226 236 30
75 132 94
74 114 3
113 132 53
90 125 21
41 239 33
107 141 139
50 163 96
164 227 1
42 213 1
186 261 36
68 80 1
232 234 6
148 162 18
138 229 99
68 90 88
75 166 37
75 229 51
78 241 1
75 82 3
125 132 19
1 162 45
7 237 16
162 255 1
43 223 6
113 181 9
14 132 16
170 230 205
107 255 5
107 224 34
90 164 92
37 90 1
74 148 2
229 260 18
42 161 10
114 181 2
80 148 11
229 255 1
237 260 8
132 158 28
87 113 36
90 249 120
42 116 23
32 41 1
1 151 9
226 226 83
234 262 28
75 125 4
75 234 38
36 100 2
79 189 2
48 79 60
74 129 4
37 198 3
39 158 1
137 137 73
140 233 205
129 163 1
142 162 171
42 238 47
48 61 6
90 136 1
68 152 21
143 233 8
230 244 16
114 261 8
113 231 89
215 238 4
170 170 190
116 144 2
56 260 1
148 163 12
138 233 102
142 186 169
61 231 5
244 247 7
132 200 15
152 167 1
151 234 15
164 263 35
78 116 1
42 75 37
145 196 2
87 116 8
45 239 2
141 146 14
152 226 5
132 226 64
163 226 9
41 236 57
179 263 4
79 229 82
4 4 3
79 168 3
7 263 25
48 145 4
42 68 10
142 148 3
49 68 1
141 237 314
141 141 168
164 224 16
137 161 158
75 186 108
7 79 12
7 163 14
151 236 117
164 233 62
114 162 34
140 239 123
148 263 9
4 168 1
152 166 30
24 152 10
127 262 1
166 186 28
6 132 2
37 229 1
231 233 23
145 181 1
95 229 5
43 230 49
132 241 3
161 162 178
239 239 111
1 164 24
140 148 9
158 228 5
90 152 8
132 218 30
234 234 87
132 202 15
132 261 30
7 119 1
129 181 1
100 138 90
230 237 158
107 230 232
17 61 1
41 166 77
151 166 80
116 239 32
143 161 139
48 66 2
137 234 126
148 234 16
112 170 1
41 163 7
186 256 6
45 87 8
144 237 15
164 170 259
238 262 35
49 186 4
92 132 24
36 236 3
148 244 1
89 249 6
68 186 312
100 162 553
114 165 1
145 186 7
234 259 2
42 229 6
41 116 12
193 256 1
140 226 27
90 226 6
164 229 72
41 88 5
162 233 179
48 225 2
93 236 2
100 209 6
40 112 2
75 162 79
163 244 8
100 146 3
80 233 1
80 236 1
50 161 139
71 140 1
79 140 69
230 243 1
116 164 5
28 132 83
10 10 4
142 170 105
113 244 1
24 116 10
91 132 31
75 168 13
132 181 93
152 247 2
225 247 1
137 232 11
170 238 71
75 239 51
161 246 179
239 246 81
234 263 57
82 90 4
170 234 272
7 161 13
141 230 113
48 152 22
62 170 1
79 146 2
148 211 7
244 263 26
68 162 169
233 249 12
100 161 1708
87 163 21
137 262 59
50 166 9
7 114 10
170 181 2
166 168 2
168 168 30
114 148 12
158 226 2
141 169 1
85 107 13
18 244 1
7 239 4
107 260 4
93 141 6
74 244 30
79 226 13
170 231 139
100 157 2
143 229 19
224 246 10
112 233 2
141 179 3
193 230 13
41 48 20
75 142 62
177 177 2
140 142 148
75 198 1
69 74 3
74 100 6
37 234 1
37 142 1
75 161 82
42 220 2
74 79 8
100 186 254
1 50 9
79 255 1
42 263 7
142 263 59
137 170 204
141 259 1
241 244 1
241 241 1
68 114 18
121 132 24
168 236 4
132 223 46
223 263 13
230 239 203
81 127 1
74 162 13
112 230 1
52 75 5
37 112 1
1 229 7
90 100 95
89 164 1
79 233 73
137 140 169
167 168 1
13 90 80
13 148 7
1 238 15
87 234 39
48 92 1
82 173 3
226 229 22
170 237 188
7 234 8
68 137 55
21 257 1
21 68 4
140 151 42
79 113 65
41 42 64
79 80 5
163 223 17
119 243 2
13 116 1
243 243 5
20 229 1
125 186 59
65 97 12
161 226 46
162 226 20
4 74 8
48 226 11
132 189 35
232 262 23
168 230 1
132 179 17
76 132 51
90 141 27
1 100 21
143 164 29
186 234 622
88 227 1
74 239 47
233 263 119
1 246 8
181 257 1
143 168 9
132 198 33
132 243 22
148 225 3
68 233 76
74 235 5
40 186 4
235 244 3
79 142 15
37 230 2
65 68 1
56 82 2
48 127 3
79 236 22
148 168 6
161 259 1
223 223 21
97 229 2
87 164 15
237 263 259
14 148 1
114 170 57
132 144 24
173 230 5
69 94 1
169 241 2
7 100 6
163 186 556
137 163 54
162 170 445
100 236 128
36 256 1
50 164 18
164 249 50
49 189 1
75 182 2
47 74 3
13 232 2
1 125 4
33 231 8
1 163 29
33 232 1
65 262 16
143 244 50
41 142 25
43 224 3
79 234 87
132 137 52
100 148 16
173 226 1
107 144 25
137 226 29
43 43 47
75 236 407
233 244 2
62 230 1
100 116 9
56 70 1
127 244 3
43 143 53
138 261 22
65 232 1
25 138 5
25 65 6
65 148 6
132 211 25
74 238 117
113 163 39
231 239 99
234 238 48
161 161 275
13 224 10
13 230 112
142 161 340
24 166 22
24 262 17
179 234 7
162 229 265
40 52 7
7 53 1
140 161 201
50 239 53
230 231 196
132 209 16
186 224 74
164 236 65
107 262 46
140 170 115
125 143 2
42 130 1
224 237 9
68 232 11
88 162 96
224 236 7
54 132 9
24 42 24
56 158 1
90 231 160
231 246 68
170 263 80
13 231 267
130 132 116
88 262 20
144 238 4
13 162 138
116 132 24
13 229 27
33 236 7
132 258 10
13 186 122
161 236 715
87 162 188
161 234 275
52 233 4
132 255 48
151 151 38
50 162 63
162 261 21
113 140 39
90 162 73
41 41 24
4 170 8
234 249 164
33 161 19
132 177 11
151 239 121
140 231 78
125 230 23
114 233 18
158 161 79
28 114 1
90 170 89
88 107 18
158 230 46
141 261 18
113 226 8
50 143 87
100 100 84
4 144 3
142 262 72
13 239 29
138 224 11
246 246 59
13 238 44
129 247 1
13 48 71
100 256 3
138 193 2
233 237 92
141 231 61
237 262 174
166 236 37
126 171 1
25 33 16
24 88 8
137 151 7
42 244 18
42 74 55
42 138 9
140 254 15
37 132 48
66 233 4
80 132 44
132 190 4
69 244 5
87 161 107
138 166 31
47 75 1
114 226 2
113 237 38
17 35 4
97 217 1
75 143 72
43 141 50
83 132 11
13 161 129
216 249 2
90 140 26
142 189 2
24 75 19
164 246 67
151 246 35
132 195 6
158 234 46
82 193 4
68 143 106
107 233 124
144 170 37
137 162 375
163 236 183
54 113 4
76 188 10
24 161 44
13 158 49
164 231 65
77 100 2
100 239 96
162 234 230
230 249 172
209 257 5
65 87 8
65 140 2
137 138 19
100 231 118
90 229 15
68 140 76
142 238 234
75 113 21
70 262 1
65 231 6
125 162 19
234 244 3
186 186 79
88 132 15
170 179 11
43 107 19
91 100 15
50 97 14
163 237 182
3 226 21
132 166 49
146 262 4
100 260 3
163 262 47
138 138 50
90 158 46
113 161 130
209 262 29
140 232 38
141 224 12
1 113 11
163 249 66
143 186 140
68 75 46
66 87 3
161 211 32
100 246 161
68 138 47
79 114 85
88 161 29
113 230 112
82 175 1
233 234 71
145 224 12
164 164 42
142 249 14
112 132 60
162 263 212
13 143 25
75 249 15
170 242 2
79 163 34
43 239 104
107 113 72
40 140 5
88 141 39
62 193 3
33 52 44
45 231 25
140 230 56
107 114 26
41 68 8
129 138 27
162 224 27
107 249 59
88 237 10
132 148 46
233 262 99
244 262 19
202 226 9
161 193 11
237 246 40
107 143 23
68 239 91
163 246 58
137 258 4
61 65 1
68 244 13
161 238 208
161 195 4
130 170 6
224 231 14
181 249 7
65 161 24
163 263 60
36 261 11
236 260 6
48 237 133
87 237 31
41 232 2
87 236 25
87 141 35
142 151 84
19 170 2
45 249 5
13 79 14
50 260 3
142 233 22
43 68 26
51 137 20
87 246 20
74 166 57
95 196 10
107 244 4
48 166 42
75 140 119
145 179 12
93 231 2
24 186 10
17 148 6
90 145 6
142 163 180
236 246 24
88 229 23
79 125 8
170 233 109
43 48 42
87 226 3
42 162 7
13 249 44
40 180 1
25 40 5
137 236 69
88 233 9
4 113 18
45 132 14
48 137 118
138 151 44
145 262 2
147 232 5
24 237 13
234 237 82
224 234 49
33 40 21
158 237 7
24 244 7
79 145 6
74 137 14
41 237 34
41 170 26
39 140 2
43 226 13
14 142 13
140 246 40
50 146 5
87 238 7
230 234 200
88 186 26
74 233 8
100 129 3
132 232 24
100 113 38
113 211 30
141 163 75
148 249 14
107 256 20
137 211 22
41 230 13
137 224 55
230 263 102
130 177 1
1 249 12
90 161 187
61 140 4
48 263 32
90 262 22
13 144 9
132 228 11
83 125 1
24 132 32
42 90 2
68 263 50
87 114 21
114 231 44
43 162 39
132 194 4
125 144 20
75 90 15
17 137 5
113 114 45
45 232 9
88 137 7
143 162 57
137 143 37
148 230 9
138 148 7
146 236 4
65 137 16
137 246 25
87 262 42
88 231 33
87 233 33
74 211 9
170 261 8
140 174 13
151 162 24
164 238 46
4 211 4
234 261 17
13 113 53
13 125 18
87 230 59
68 151 36
79 237 46
87 186 82
148 262 4
43 138 64
90 143 10
140 249 27
246 249 53
7 41 2
43 100 50
237 238 119
232 236 4
54 158 3
13 68 44
143 236 90
231 238 20
24 236 25
158 211 10
186 238 102
198 198 2
66 132 14
100 238 105
239 247 3
65 132 26
77 132 5
72 127 2
132 173 18
138 231 36
1 233 11
13 138 36
100 262 48
40 181 7
151 237 40
13 209 3
13 261 32
54 79 1
125 231 44
40 106 1
125 170 18
88 238 9
163 211 11
90 137 63
162 193 25
170 262 45
113 229 28
127 215 1
56 173 1
13 137 32
223 224 2
161 224 78
107 231 78
88 234 7
132 134 49
43 163 39
137 223 3
48 243 11
4 186 19
45 186 11
87 140 34
107 246 76
143 231 26
37 164 2
132 139 30
148 229 14
179 230 3
33 186 5
1 186 13
79 246 32
144 162 9
132 157 25
13 100 55
145 261 1
231 231 113
88 230 11
162 179 5
7 223 14
79 93 2
140 209 17
49 222 5
42 166 45
100 143 90
162 246 94
186 239 131
137 261 16
45 140 5
4 25 1
88 158 7
216 216 7
162 231 143
224 230 47
132 152 8
116 262 2
141 143 38
113 238 19
85 170 7
75 152 17
231 258 10
249 261 15
1 13 17
132 183 1
68 203 1
114 161 39
24 100 7
13 260 13
74 132 33
66 250 5
13 107 26
33 137 7
65 234 17
107 163 58
82 157 7
148 161 23
219 250 16
159 229 6
142 244 35
141 166 15
159 168 5
74 168 18
229 249 6
1 239 25
132 186 78
140 223 8
90 224 18
47 151 4
161 261 43
7 233 12
142 246 59
33 97 12
45 141 2
230 246 202
68 262 15
41 100 5
146 263 6
7 145 16
113 162 80
242 242 16
132 252 10
179 236 14
41 263 29
137 142 29
36 70 2
28 263 2
140 260 12
170 260 13
87 137 38
197 197 3
89 100 1
113 262 7
100 151 13
79 130 2
88 246 4
33 75 11
56 170 3
65 239 17
100 237 183
137 193 21
186 258 6
74 92 5
116 159 2
148 233 10
41 140 44
93 100 1
87 90 19
65 107 15
234 239 46
39 132 32
211 262 20
262 262 44
45 45 6
50 152 7
42 152 18
29 132 8
76 261 3
64 132 7
75 116 16
144 234 18
88 211 3
238 246 61
168 238 11
16 132 13
95 137 2
138 146 6
42 137 12
42 226 7
186 243 3
43 262 61
229 233 123
86 201 1
65 226 9
87 179 3
87 138 42
41 233 15
114 164 19
7 236 18
113 137 37
143 237 45
87 143 5
97 181 6
186 263 72
125 234 26
45 52 4
45 137 5
97 107 3
114 230 31
140 146 29
261 261 11
138 260 15
145 193 12
231 249 114
196 196 5
68 211 17
34 97 17
49 90 7
1 230 52
129 231 2
175 192 1
113 170 98
25 162 4
87 124 5
151 226 7
42 120 1
12 114 1
82 82 9
114 137 33
50 132 35
75 164 39
93 93 3
93 230 3
126 149 1
89 228 1
82 141 3
145 230 1
43 186 67
48 93 3
93 233 2
144 230 15
144 186 30
68 261 14
87 88 18
231 236 73
107 129 3
113 246 31
166 229 8
4 138 4
4 141 2
179 193 17
193 232 2
132 244 26
233 233 22
33 233 8
22 71 1
138 145 2
42 48 21
24 239 43
116 151 16
166 263 8
95 121 1
38 162 1
113 141 27
24 143 14
236 244 39
232 263 5
116 152 19
24 137 8
149 229 2
79 242 2
97 143 1
17 39 4
141 239 61
1 158 11
124 132 12
65 225 7
25 35 4
33 162 22
68 145 8
226 238 4
125 246 30
33 230 46
166 226 12
142 164 56
74 113 5
234 246 94
74 152 19
146 146 27
151 161 51
13 88 24
87 158 19
152 186 18
1 237 17
237 261 9
113 224 5
85 100 1
33 229 2
179 207 1
224 224 7
75 224 22
163 231 36
50 50 53
107 247 2
97 137 7
163 234 71
24 74 17
26 158 2
24 141 12
67 80 1
145 236 6
80 112 2
25 87 5
42 93 3
48 106 2
226 260 31
113 148 9
43 170 30
140 158 4
90 113 51
50 236 27
13 24 5
224 233 26
144 224 11
52 52 2
62 148 1
97 106 3
88 164 3
138 256 2
41 95 1
52 162 9
142 229 47
116 138 6
229 231 58
25 231 2
62 233 14
186 211 26
123 132 22
13 226 2
65 170 10
148 231 20
236 247 3
43 237 102
43 116 3
24 140 9
137 249 21
41 146 2
113 209 3
13 142 16
146 179 9
50 238 26
52 170 2
151 152 16
138 234 43
65 230 10
137 217 3
69 236 2
28 237 1
17 188 2
126 209 4
16 95 1
233 261 6
116 237 11
151 262 14
158 249 29
45 234 4
4 161 10
144 229 5
50 137 6
33 100 4
45 244 8
14 233 5
87 100 30
233 238 23
56 87 2
107 226 7
142 231 73
50 262 6
68 88 12
50 243 7
37 70 4
148 170 21
13 234 86
65 162 25
142 256 2
90 211 7
140 169 2
114 141 20
95 170 5
42 185 2
86 100 1
215 232 1
36 164 1
61 181 2
17 239 1
158 162 33
48 88 10
137 144 15
144 232 4
193 202 1
52 209 12
220 244 1
141 151 19
75 174 1
94 159 1
244 249 9
79 263 21
112 142 4
179 233 3
224 244 2
48 112 1
60 159 1
140 152 9
42 42 34
78 244 3
130 186 2
45 90 3
90 114 28
88 140 19
87 211 10
163 168 2
13 233 21
24 170 7
82 258 1
179 238 11
141 226 19
141 150 1
128 151 2
43 166 23
125 164 25
68 247 4
40 97 4
260 260 14
230 261 16
235 236 1
25 61 2
48 213 5
41 244 17
42 170 16
132 225 27
186 220 1
21 21 17
123 123 7
47 238 1
75 114 17
91 237 4
1 132 5
158 163 14
250 250 2
70 132 9
50 141 21
146 226 18
238 249 11
151 230 63
24 229 2
143 249 4
56 209 1
129 186 2
25 146 1
229 239 16
141 148 7
232 261 3
144 261 6
78 167 1
167 263 2
61 82 2
74 163 14
50 233 13
66 106 7
1 114 3
43 90 10
143 197 1
141 249 7
166 243 5
39 76 5
131 132 32
82 238 3
100 188 2
159 263 6
13 246 40
13 65 3
107 125 21
68 209 3
65 209 2
166 237 22
137 149 2
93 138 6
7 13 11
132 257 10
88 113 11
48 200 1
74 249 16
106 229 2
15 132 8
1 143 11
43 244 11
13 262 21
13 164 12
1 170 12
86 132 50
140 145 3
37 263 1
93 170 7
138 246 16
132 191 19
41 162 9
19 132 9
238 247 9
70 226 1
233 236 42
41 152 14
209 243 1
87 144 19
90 142 18
158 246 19
33 237 7
151 261 2
75 138 26
152 263 4
48 240 3
35 132 13
37 144 1
163 229 82
246 262 11
68 237 57
13 50 25
40 161 12
117 237 9
48 120 2
24 138 10
40 65 12
234 242 1
65 79 3
7 142 18
43 231 13
79 89 1
162 167 1
75 250 4
24 169 1
195 261 1
35 232 3
68 124 14
188 226 5
87 87 16
50 93 3
157 234 2
48 255 4
42 237 11
140 144 2
74 262 65
185 185 14
138 179 10
143 151 26
107 211 13
88 90 4
226 233 9
138 181 2
66 113 1
26 26 1
56 232 1
66 148 1
92 230 3
90 166 8
146 260 4
232 238 2
18 262 1
73 75 1
220 237 1
43 137 9
146 246 2
4 163 2
50 75 10
75 137 27
228 244 1
43 233 12
113 129 6
34 88 1
24 151 16
58 186 1
146 170 5
49 170 3
116 236 7
193 226 2
130 263 3
152 164 2
36 141 2
74 226 7
138 225 1
41 50 6
40 107 7
63 132 10
25 107 7
100 112 2
135 174 1
186 232 4
13 41 2
112 137 15
148 181 5
24 76 1
113 233 21
43 194 3
68 119 7
129 161 6
129 145 3
166 262 5
93 238 7
33 261 2
186 209 11
140 171 1
24 263 2
42 223 6
66 114 3
50 160 2
24 43 20
159 166 1
239 243 5
129 237 2
40 238 1
4 37 1
25 237 2
80 125 1
146 164 5
85 132 10
113 146 4
140 143 44
145 226 9
80 113 1
7 68 5
49 79 4
28 164 1
100 145 4
145 228 1
135 252 3
142 146 10
223 237 6
129 229 2
56 246 1
79 232 17
129 137 3
163 247 1
158 231 31
7 49 2
129 226 20
231 243 5
93 262 6
140 234 44
28 239 2
226 234 6
92 238 5
42 100 16
12 62 1
80 186 1
229 261 3
116 231 8
80 114 1
68 116 17
161 244 5
37 249 2
100 223 1
145 151 4
24 68 5
116 219 1
132 222 13
193 244 2
62 137 2
82 233 4
7 196 2
45 193 19
43 146 1
43 234 30
43 164 28
45 79 5
75 226 2
70 79 2
29 148 2
38 236 2
182 213 2
74 116 15
107 166 7
42 236 13
89 162 2
231 232 10
100 144 6
89 90 13
114 236 2
141 196 2
48 173 5
16 138 3
75 159 3
18 42 1
229 246 19
100 125 32
48 169 2
75 247 2
137 179 9
144 249 12
90 236 26
130 141 2
7 74 2
107 135 2
156 170 1
236 261 7
119 244 3
52 137 2
116 243 5
42 143 8
82 179 1
186 244 10
16 186 1
142 144 6
140 166 11
13 151 4
93 249 2
33 249 14
17 75 2
74 164 9
74 234 12
170 226 5
13 75 7
144 231 28
4 246 3
10 229 3
193 260 1
39 39 9
148 188 6
162 196 3
26 224 5
68 112 2
28 244 4
25 90 1
72 100 2
170 212 1
74 90 6
74 186 15
181 233 3
48 83 2
93 107 3
87 112 2
125 263 2
42 246 3
90 138 30
7 137 22
65 186 6
97 148 3
53 132 9
47 161 1
97 141 1
42 205 3
61 100 8
80 226 1
88 225 7
74 243 7
34 65 3
43 211 2
56 144 2
114 144 15
23 208 9
145 145 63
24 48 13
132 217 21
56 107 4
233 255 3
4 143 2
259 262 3
24 209 1
209 238 3
101 132 8
164 260 9
61 148 3
70 260 7
65 250 5
136 238 4
26 70 1
247 263 8
74 158 2
194 238 4
142 247 1
143 223 3
129 148 3
152 163 7
70 161 2
173 234 1
7 65 1
129 262 2
70 100 1
138 243 1
61 88 3
137 145 3
45 113 3
145 225 1
79 88 17
43 229 20
145 163 5
88 126 1
42 151 21
113 232 10
90 157 1
100 232 10
47 243 2
145 170 6
148 228 4
82 170 6
226 246 5
80 100 1
11 90 1
74 144 2
48 202 2
152 223 2
113 145 1
48 256 3
74 151 27
53 263 1
168 212 1
140 167 1
209 261 3
132 201 7
137 146 3
48 70 4
45 107 8
50 125 2
170 232 4
61 186 3
92 216 1
177 186 3
141 202 1
80 234 3
129 233 2
138 211 8
211 227 1
43 113 13
87 160 5
79 83 4
100 147 1
127 229 2
10 114 3
211 237 6
79 95 1
125 209 1
152 249 2
95 237 4
12 48 2
83 163 2
97 114 1
92 145 1
68 97 2
10 158 1
132 227 7
10 68 1
1 75 1
129 164 3
137 244 2
76 219 2
138 226 5
28 249 1
231 262 18
144 188 1
142 224 2
100 254 4
88 195 1
132 235 6
36 107 2
130 205 1
100 244 11
179 237 24
164 181 2
26 107 7
125 148 6
13 243 1
1 261 7
41 219 1
24 233 8
141 158 5
68 224 6
35 79 1
39 148 3
160 234 1
1 148 3
10 230 2
56 79 3
48 82 3
93 261 1
36 144 2
186 223 2
61 61 5
144 152 1
82 83 6
197 215 1
114 146 1
10 164 3
4 226 2
48 95 1
93 243 2
75 145 2
41 186 14
170 185 1
163 179 2
112 226 2
142 198 1
141 260 6
37 181 6
42 142 12
186 212 1
17 186 2
163 232 5
61 86 1
25 151 3
61 68 2
127 143 4
122 132 5
36 52 1
7 88 17
76 234 2
69 100 2
232 241 2
243 244 8
151 249 3
89 89 5
226 263 19
141 215 1
49 164 3
146 163 2
90 232 5
216 225 1
114 143 2
25 25 3
170 250 1
197 234 4
21 132 4
87 170 40
70 163 1
75 93 4
1 24 4
10 42 3
114 234 51
209 231 16
41 249 4
151 164 19
144 181 1
163 261 7
112 186 2
82 138 2
33 33 31
13 195 1
13 13 22
114 220 1
87 107 19
50 88 4
122 191 3
81 132 8
107 239 23
88 142 9
66 143 3
114 237 3
74 147 1
101 152 1
131 170 2
74 126 5
211 224 8
164 239 33
95 95 6
65 237 8
98 132 18
76 197 5
1 144 3
9 132 5
90 188 6
125 236 9
113 125 13
50 234 30
9 140 1
42 140 18
79 238 13
142 261 13
13 263 27
95 249 1
137 175 1
88 125 4
232 233 9
146 234 2
261 263 11
70 138 10
164 226 13
95 226 14
25 97 7
143 170 25
159 162 1
164 261 12
167 262 3
66 231 2
36 114 1
158 170 25
40 230 19
106 218 2
164 216 1
7 158 3
159 247 2
33 234 9
76 88 4
45 233 2
100 255 5
24 45 1
13 114 13
107 216 2
52 230 16
22 26 5
181 186 2
24 90 6
12 186 2
174 229 2
174 174 4
164 256 1
143 263 19
75 148 8
229 244 3
100 201 1
161 209 18
151 223 1
33 66 7
148 209 6
74 87 15
125 224 3
211 230 18
161 232 20
50 237 22
45 263 1
98 100 1
81 209 7
42 126 8
101 234 3
209 229 9
95 228 1
168 234 2
138 158 21
70 162 4
93 151 5
40 125 1
146 230 4
14 88 1
43 246 10
87 257 2
231 263 51
48 130 2
52 113 6
4 65 8
41 164 14
141 232 4
114 244 5
10 234 1
89 138 2
88 170 14
36 249 5
100 182 1
140 160 2
216 260 2
33 114 6
141 211 4
181 231 6
40 155 1
82 263 2
70 231 13
66 161 6
25 261 3
114 142 8
77 79 11
87 97 5
14 230 1
88 146 1
107 243 5
52 231 14
97 218 5
209 233 4
169 169 1
90 260 10
114 125 5
24 65 9
170 223 2
181 195 2
146 237 8
25 66 7
45 74 3
88 88 7
215 231 1
42 163 3
230 233 61
73 142 7
58 138 2
95 162 1
144 158 8
236 243 16
33 164 6
151 168 5
208 243 6
145 162 4
126 223 1
17 41 1
48 148 9
140 198 1
166 230 31
162 209 15
158 209 2
125 261 5
33 246 4
50 113 12
158 238 9
18 41 5
125 226 3
133 164 1
125 237 7
107 232 8
47 126 1
14 37 5
81 231 1
133 133 12
87 249 12
25 141 6
41 168 3
13 15 12
158 236 1
48 184 1
87 142 24
50 261 2
142 152 8
88 138 7
130 161 2
88 236 35
82 229 4
107 238 20
16 37 1
4 90 2
25 137 12
239 249 9
48 69 6
159 186 1
88 144 3
49 137 12
49 261 2
40 231 12
86 209 10
43 79 8
126 168 1
51 209 6
226 232 1
55 132 5
170 201 1
144 225 1
123 198 1
161 169 1
47 236 6
67 227 1
93 186 4
132 171 10
113 143 5
125 158 16
138 255 1
41 185 1
79 193 4
74 209 2
87 148 13
211 233 7
1 88 2
13 56 2
4 162 6
48 260 7
65 164 4
140 193 5
13 163 20
4 39 4
17 25 5
113 158 25
250 263 1
4 239 1
50 79 13
49 63 1
226 262 5
93 224 1
17 230 4
18 132 4
119 239 2
125 163 14
100 193 2
87 151 15
18 87 2
166 233 4
42 87 2
185 239 1
181 230 1
76 236 3
233 239 13
166 234 4
125 140 9
87 224 7
145 249 5
40 66 2
114 116 4
25 209 6
209 232 3
126 126 3
11 132 3
74 159 2
68 226 5
68 181 1
40 138 9
82 145 1
87 232 12
74 169 3
15 137 1
72 148 1
7 262 10
237 249 16
50 158 7
166 191 3
50 151 10
24 162 9
141 223 7
226 239 6
39 164 2
167 226 2
1 236 20
28 75 8
25 170 7
40 170 2
14 186 1
79 261 10
97 209 1
69 140 4
39 237 1
13 43 4
68 92 1
63 137 3
25 163 1
137 166 4
41 143 7
42 141 7
22 132 10
73 132 5
128 236 3
24 168 1
145 234 5
52 234 7
142 193 1
80 193 1
148 213 3
54 170 1
211 229 2
143 152 4
116 141 1
152 236 2
82 260 10
161 260 10
255 256 1
120 236 1
13 67 1
82 249 2
125 125 6
65 138 9
151 170 17
48 87 19
43 249 8
90 129 1
129 166 1
162 166 8
158 164 12
13 236 20
179 205 2
95 263 3
159 167 1
33 170 5
37 238 1
143 157 1
28 231 3
66 249 2
74 208 4
124 230 1
95 116 2
33 263 2
94 152 1
75 218 3
248 248 3
100 189 1
95 260 2
106 137 1
126 138 1
82 137 2
87 125 8
41 141 16
143 144 1
143 158 5
88 116 1
135 138 1
42 247 9
169 208 3
41 223 2
24 164 15
152 209 7
65 163 3
4 34 1
66 162 5
90 228 3
120 132 2
166 246 4
100 166 31
148 224 4
123 224 1
130 137 4
24 24 2
163 260 5
43 88 1
132 221 1
28 137 1
68 93 1
96 132 1
93 237 3
7 121 3
88 148 3
88 263 19
114 232 9
39 89 3
24 243 4
10 162 3
49 97 1
89 151 1
158 224 2
136 213 4
61 238 7
68 166 12
45 151 4
97 238 2
131 166 1
100 224 10
35 137 3
52 143 5
4 88 1
125 137 5
42 164 4
19 226 3
33 42 2
75 246 9
8 230 2
244 246 10
257 257 2
52 87 5
138 144 7
66 107 4
211 246 7
13 33 6
211 239 5
112 179 6
180 186 1
75 194 5
101 113 5
80 146 1
75 213 5
113 263 12
60 222 1
168 237 1
132 254 1
53 230 1
151 193 1
7 162 6
186 226 7
136 216 1
116 161 4
65 65 4
233 243 4
224 229 10
15 51 1
132 208 4
33 65 1
170 193 5
89 211 1
168 233 4
45 68 4
209 256 3
88 239 7
113 239 10
43 209 2
161 181 3
146 186 3
209 230 2
42 47 6
164 211 17
231 244 4
48 209 5
242 263 1
97 246 2
33 87 2
37 186 1
126 262 1
35 197 2
83 216 1
69 188 6
43 260 2
158 233 3
142 232 7
162 219 1
144 263 5
114 225 1
1 107 15
141 145 3
238 260 1
161 166 12
223 234 4
34 238 3
54 137 2
7 112 1
113 189 3
25 239 2
4 236 8
140 261 4
170 244 7
47 235 1
132 150 9
4 68 4
47 132 2
113 166 4
49 263 1
76 189 1
125 243 1
48 181 5
66 211 2
52 229 15
1 79 10
42 69 7
75 144 5
26 40 1
10 143 1
42 239 12
13 181 3
129 249 5
137 177 3
151 233 7
17 97 3
70 170 1
97 145 1
114 114 15
75 243 5
90 97 3
97 97 10
45 148 3
69 132 11
82 223 6
188 230 8
89 170 6
88 224 1
75 209 4
134 238 1
95 138 2
141 152 4
79 181 4
113 159 1
151 231 14
141 243 1
138 232 6
162 243 1
79 217 2
107 152 7
65 211 1
95 146 1
73 140 1
18 68 1
61 234 1
14 90 4
164 225 2
152 243 2
7 75 4
61 85 3
42 234 8
41 241 1
114 224 5
145 146 4
40 142 1
125 211 5
10 209 2
151 209 1
33 138 12
36 234 1
68 144 7
41 167 1
65 151 4
61 89 2
63 170 1
25 230 6
249 262 8
145 237 4
182 226 4
196 226 9
163 258 3
197 227 1
224 262 3
12 87 3
25 161 4
17 52 1
79 235 3
169 235 1
142 197 2
1 87 7
79 209 11
41 79 2
79 227 2
164 188 5
87 146 1
25 75 3
56 137 1
137 239 8
77 189 1
33 107 10
116 129 1
88 100 8
179 209 8
132 213 4
70 129 4
162 215 1
74 143 14
28 138 1
45 114 2
138 189 1
42 82 1
97 233 1
75 146 1
82 162 3
43 179 1
87 127 1
10 107 1
33 144 1
158 158 6
13 52 7
33 140 4
90 209 2
75 127 1
6 50 1
21 140 1
41 126 1
25 54 3
239 261 1
8 209 1
14 228 1
169 243 1
48 261 8
88 249 6
13 93 1
168 247 2
50 114 6
132 182 3
33 143 2
93 164 2
106 106 4
45 262 2
235 259 1
50 224 2
48 190 1
224 239 4
82 163 2
195 231 1
88 260 3
93 144 1
15 233 1
170 208 1
52 186 5
61 262 1
79 126 1
181 209 1
74 224 1
88 256 1
42 209 5
130 164 6
65 69 2
236 249 6
74 145 1
4 262 5
43 50 9
45 164 1
66 144 1
112 145 3
129 236 1
38 180 3
160 164 6
25 168 4
246 260 3
144 163 4
137 188 19
132 193 7
95 231 4
223 233 3
116 247 1
40 40 5
81 87 5
125 260 3
223 260 2
88 191 3
141 193 2
78 225 1
48 211 8
116 234 4
33 151 1
89 231 1
132 242 3
10 236 2
4 140 4
137 173 4
11 48 1
42 145 2
70 139 7
171 198 2
41 138 15
112 255 3
88 179 3
114 140 9
144 211 6
61 211 1
195 224 1
148 166 2
145 161 7
7 113 4
136 186 1
14 170 2
200 241 5
12 262 1
41 231 2
141 173 1
88 114 1
10 48 1
25 106 1
107 169 4
13 237 14
197 248 9
17 170 1
61 263 1
260 261 8
45 100 8
246 261 9
119 230 2
1 263 6
88 182 10
78 186 1
61 116 1
14 260 1
68 196 11
10 263 1
140 179 1
74 157 1
66 140 2
42 169 2
88 243 1
42 79 8
95 130 1
12 230 1
45 230 4
108 197 1
25 244 6
100 174 1
74 242 1
42 224 2
24 93 1
87 152 2
52 236 1
65 233 8
163 209 1
143 226 2
226 256 3
119 208 3
112 164 1
93 157 1
40 88 1
117 132 10
161 217 1
37 151 7
62 186 2
45 161 3
34 225 1
37 107 2
107 116 2
41 169 4
56 125 1
53 142 9
208 208 2
61 79 1
93 163 2
164 209 11
152 262 5
127 243 1
100 135 1
52 65 3
45 61 18
80 138 2
13 134 1
238 240 3
97 189 1
148 261 5
78 162 1
80 249 3
37 224 1
90 247 2
89 188 7
24 234 2
21 97 1
7 164 4
13 179 1
157 255 1
181 236 1
8 234 1
4 75 6
146 202 1
75 260 1
28 230 3
164 213 1
90 93 2
129 179 4
174 238 1
41 113 2
140 211 3
67 132 3
49 237 2
80 140 1
106 114 1
250 262 3
1 41 4
210 241 2
79 247 1
24 246 1
42 243 7
85 85 1
144 239 4
6 6 1
48 228 2
196 231 1
237 241 1
28 48 1
49 148 6
35 234 6
112 129 1
48 125 12
1 90 12
87 209 7
32 132 2
228 231 3
36 79 5
69 69 1
153 263 1
256 260 1
42 186 10
144 262 2
162 220 1
116 126 1
82 202 1
36 36 1
249 256 2
61 107 3
49 138 2
215 230 2
82 186 2
79 152 1
209 209 3
107 261 11
36 137 1
100 173 2
100 211 7
32 229 1
7 170 3
61 164 1
88 163 6
102 234 1
137 255 1
125 189 1
4 261 1
79 260 4
116 143 4
232 244 1
100 212 1
22 230 1
78 263 2
137 205 2
79 210 1
129 260 16
142 181 2
230 256 2
213 235 4
79 136 2
71 237 1
211 244 1
140 243 3
168 242 3
57 132 3
141 241 2
164 202 2
45 261 6
50 148 2
65 238 1
80 164 2
130 163 1
157 239 1
128 168 3
42 127 1
163 183 2
28 42 1
48 167 1
42 231 4
1 262 6
82 196 2
147 186 1
66 234 1
24 79 2
162 244 2
79 198 4
137 181 2
162 202 2
143 148 6
61 95 1
161 225 2
37 61 18
196 230 2
160 196 1
116 249 3
37 41 2
4 145 11
148 196 2
65 88 3
161 223 5
37 161 1
36 80 1
36 226 1
148 195 2
74 246 1
223 249 1
144 209 4
75 126 2
24 144 1
22 90 1
48 157 2
113 225 1
18 239 1
152 152 9
38 100 1
52 148 2
146 223 3
75 261 5
186 219 1
37 48 1
108 132 1
90 238 14
95 230 1
132 169 10
33 89 5
152 193 1
168 244 1
31 140 1
1 43 10
79 188 2
82 231 2
33 90 2
116 225 1
90 160 1
42 136 1
209 263 3
112 209 1
83 226 5
79 129 2
224 232 1
89 112 1
10 97 1
116 158 2
141 228 1
4 229 1
121 233 1
82 164 3
90 144 7
82 107 4
82 144 2
75 193 1
25 148 2
21 148 1
120 120 1
144 236 2
145 233 2
8 162 1
211 211 5
146 218 1
191 191 1
60 74 6
74 82 5
4 50 2
134 236 1
41 90 2
68 193 2
179 246 3
70 230 1
42 230 5
45 225 2
127 238 2
20 132 1
163 175 3
209 236 3
8 223 2
41 262 10
50 211 1
33 222 1
193 236 1
170 192 1
14 22 1
100 152 13
17 151 1
138 156 1
137 152 3
49 167 6
163 193 5
13 211 7
33 76 8
140 192 4
25 229 2
68 127 1
125 151 2
123 149 1
4 100 4
45 76 3
174 263 6
12 90 1
13 166 2
24 163 5
41 112 2
65 236 7
116 140 2
143 243 2
157 196 1
132 253 1
52 211 2
127 166 3
136 210 1
25 131 4
164 166 5
87 145 1
166 231 7
92 175 2
179 179 2
49 188 2
4 234 7
114 262 2
116 162 1
25 186 5
68 85 7
152 246 1
18 147 1
225 234 7
166 261 1
116 125 1
43 261 3
97 235 1
53 106 1
170 225 1
71 236 5
107 228 4
90 239 15
125 244 1
40 137 2
137 209 1
17 144 2
193 234 1
58 132 1
41 107 6
25 34 2
37 88 6
72 254 1
76 231 10
74 223 5
137 189 1
4 55 2
143 200 1
66 97 2
97 138 1
50 119 2
20 75 1
48 153 1
157 179 1
185 244 2
179 229 2
140 219 2
219 236 1
197 263 1
65 256 2
65 114 3
12 68 2
75 181 1
14 225 2
220 239 2
127 239 1
45 92 1
7 238 5
226 231 1
12 13 2
85 228 2
26 62 1
25 262 1
136 141 1
162 223 5
116 119 1
116 182 1
100 128 1
116 223 2
235 238 2
116 145 9
87 203 3
69 161 1
209 234 9
127 142 1
93 244 4
75 215 22
69 162 1
132 192 4
26 133 2
85 226 2
152 239 5
75 77 3
25 49 5
162 198 2
125 141 3
45 146 4
79 166 3
127 148 3
193 225 3
143 261 1
219 231 1
163 202 1
128 142 3
225 242 1
223 262 4
114 177 2
56 68 2
12 164 1
200 239 3
238 261 1
35 186 1
113 256 1
209 211 4
125 262 5
65 196 2
38 225 1
107 145 8
4 227 1
54 231 2
33 256 4
215 229 2
40 228 2
7 209 1
87 131 3
25 234 2
52 161 5
38 191 1
107 193 2
45 224 2
98 171 2
127 164 1
148 151 1
54 114 2
60 78 2
126 167 1
124 161 1
87 166 2
95 140 2
78 191 1
20 152 1
85 205 6
128 244 3
61 77 2
45 237 2
81 262 3
49 140 2
211 261 3
97 177 1
141 242 2
87 93 2
146 161 1
140 256 1
45 144 1
77 106 1
70 70 4
70 82 2
143 232 2
148 159 1
87 98 1
7 260 8
145 231 1
33 190 1
43 47 1
69 75 6
41 69 1
75 242 1
94 100 1
132 168 2
42 242 1
33 125 1
33 181 2
65 249 2
183 230 3
90 216 1
255 255 1
39 100 3
61 196 1
66 170 4
41 147 1
151 243 6
75 136 1
186 197 1
24 158 2
24 113 3
128 163 1
52 107 7
223 238 5
148 256 5
145 160 1
10 142 3
75 171 2
40 249 2
223 244 1
87 225 5
91 165 1
200 238 2
209 237 3
69 200 2
132 250 3
66 164 4
72 101 1
64 130 1
41 87 1
69 247 2
56 161 1
141 144 3
56 83 1
48 52 1
43 144 1
61 145 2
74 93 2
52 190 1
35 256 3
65 71 3
7 39 4
137 216 1
107 181 4
140 225 3
79 174 1
142 194 2
234 260 3
66 213 1
66 74 1
107 196 1
34 66 1
68 256 3
74 80 1
152 233 2
147 148 1
119 132 2
191 241 2
10 220 1
145 238 2
14 35 1
39 244 1
19 145 3
85 237 1
83 237 2
87 244 4
41 137 11
31 249 1
68 146 1
4 158 2
164 169 1
89 165 2
50 217 1
186 259 1
48 76 1
17 68 2
61 66 1
17 17 6
25 249 1
49 76 3
100 168 1
148 250 1
40 48 2
33 262 1
7 211 2
66 226 2
74 213 11
55 225 3
168 262 8
234 255 1
79 167 2
202 202 1
26 186 3
4 142 2
75 112 1
12 261 1
82 188 1
93 196 2
162 211 5
82 166 1
68 218 3
232 243 5
8 43 1
61 137 4
121 261 1
173 263 1
119 166 2
34 261 1
129 261 3
56 163 2
36 263 1
215 215 1
130 191 1
25 228 2
40 79 6
127 234 2
52 238 1
76 186 4
224 238 1
177 209 1
125 142 5
112 141 8
261 262 4
237 244 2
33 95 6
1 66 1
33 209 2
124 211 1
185 213 4
69 174 1
25 72 2
148 223 2
21 50 1
65 85 2
134 166 1
41 234 5
136 234 1
31 132 1
54 100 1
37 83 1
36 76 4
20 263 1
161 179 2
66 186 3
148 160 1
52 164 1
21 40 3
142 228 1
121 219 2
68 168 1
136 208 1
137 158 2
50 247 1
147 263 3
70 185 1
41 235 1
228 262 1
79 82 2
144 233 3
25 39 5
130 216 1
90 225 3
1 137 3
52 249 1
90 92 2
10 116 1
24 128 1
78 132 1
196 216 2
13 40 3
141 254 1
196 246 1
48 67 2
125 215 1
158 262 1
132 212 2
52 97 7
25 190 1
28 28 3
148 235 1
130 197 3
65 158 1
80 93 1
15 140 2
130 237 1
49 249 1
83 83 2
10 231 1
71 138 1
178 178 1
33 142 4
90 168 1
25 188 4
119 137 1
158 229 2
157 233 1
132 136 6
235 262 1
186 215 1
93 263 4
144 144 2
50 209 1
76 246 2
7 157 3
179 216 1
140 257 2
121 137 1
88 250 3
139 203 2
38 197 5
179 223 5
79 159 1
34 181 2
148 236 4
211 236 3
83 263 1
114 209 1
12 246 1
39 170 1
33 49 2
75 225 2
50 82 1
144 151 1
41 45 3
113 168 1
28 219 1
78 237 1
7 167 3
164 232 2
41 246 14
26 228 1
4 146 1
144 179 1
186 195 1
71 170 1
128 239 1
1 224 1
61 138 2
157 229 1
61 76 6
1 25 1
90 243 1
7 243 1
230 250 1
40 261 2
10 233 1
66 88 3
181 181 6
72 145 5
116 137 16
37 163 1
220 262 2
47 220 1
100 133 1
126 231 1
36 179 6
48 189 1
142 241 3
55 186 1
68 82 4
179 260 2
77 228 1
141 209 9
28 100 2
164 223 1
18 186 1
198 234 2
66 138 4
166 224 1
15 100 1
52 158 3
7 125 2
93 229 1
66 157 1
173 262 1
82 236 2
40 188 1
134 138 1
142 257 1
68 214 1
41 174 2
33 34 2
40 87 1
157 230 1
225 235 1
130 230 2
91 91 3
234 243 1
163 243 1
48 188 5
95 246 1
20 163 1
181 238 1
25 211 1
143 189 2
13 223 1
56 148 2
160 246 1
4 256 1
72 141 1
7 82 5
39 83 1
15 138 1
56 129 1
41 243 1
71 72 5
233 257 1
60 166 1
113 127 1
224 255 1
107 227 1
35 76 11
145 260 3
66 209 1
125 145 2
132 247 3
223 226 1
48 98 1
186 227 1
186 216 1
92 163 1
37 114 1
114 168 2
95 173 1
33 54 1
93 145 1
4 43 1
35 169 1
168 170 2
8 41 1
188 225 2
28 232 2
161 228 1
112 193 1
4 82 2
148 198 1
48 97 2
75 129 2
85 148 1
112 237 1
48 168 1
45 65 3
115 156 1
113 116 2
145 263 2
70 142 2
3 140 1
142 200 1
130 233 2
200 224 1
140 202 1
127 186 1
79 127 1
24 181 1
7 144 1
91 107 3
224 226 1
74 247 2
48 119 2
10 141 2
80 87 1
247 247 1
146 232 1
88 209 4
65 143 2
68 89 5
134 216 2
100 169 1
227 231 1
216 226 1
10 193 3
47 167 1
78 239 1
89 137 15
202 237 3
37 68 2
134 197 1
148 157 1
151 159 2
186 198 1
114 255 1
143 146 2
168 183 1
98 163 1
55 190 1
4 69 1
82 151 1
61 94 1
87 228 5
42 255 1
79 179 1
89 154 1
114 227 1
41 212 3
213 250 1
152 237 1
43 145 2
80 225 1
119 247 1
17 107 2
129 238 1
80 97 1
48 136 1
68 136 2
45 211 1
146 148 3
50 72 1
220 249 1
15 249 1
211 260 1
100 228 1
42 194 2
28 90 1
164 242 1
130 243 2
138 202 1
196 239 2
52 61 1
93 211 2
219 228 2
192 252 1
258 258 1
138 168 1
195 249 1
214 214 1
81 254 4
169 229 1
151 212 1
51 100 1
66 262 1
65 125 2
75 255 1
40 45 2
32 164 1
215 226 1
36 90 1
132 248 1
144 168 1
17 217 1
108 161 1
112 158 1
49 49 3
179 231 1
162 257 1
42 212 1
173 239 3
43 148 1
143 208 1
219 219 2
194 194 2
142 211 3
157 231 1
152 162 2
78 236 1
93 226 1
193 239 2
60 132 2
131 131 1
82 125 1
45 160 1
40 162 3
11 22 1
174 213 1
151 229 8
40 100 2
116 130 2
7 42 1
213 231 1
113 130 1
107 130 1
203 216 1
102 163 3
223 239 3
218 218 2
141 220 1
93 256 2
49 213 3
101 205 1
127 225 2
7 87 1
87 215 2
50 168 7
38 246 3
125 239 2
140 168 3
42 129 1
127 193 1
227 230 1
29 161 1
143 220 1
124 140 1
143 216 1
26 263 1
232 249 6
36 209 2
148 158 2
79 143 1
196 218 3
2 197 1
52 144 3
166 223 3
45 85 1
4 235 1
4 13 2
235 243 2
35 249 1
108 162 3
65 95 2
193 237 1
17 114 1
229 232 1
102 148 2
13 146 2
33 169 1
74 133 1
134 170 1
61 146 2
83 230 2
97 152 1
88 130 4
56 164 2
71 97 3
55 197 1
42 113 2
56 126 1
163 220 1
166 170 2
167 244 1
13 228 1
186 188 2
45 170 2
237 250 1
56 230 1
131 186 1
93 142 1
1 17 1
12 239 1
173 215 2
145 208 10
179 186 2
113 260 1
61 166 1
25 42 2
88 226 2
211 226 3
149 170 1
159 261 3
75 124 4
7 70 1
22 88 1
10 224 1
215 262 1
93 248 1
90 196 1
83 162 1
142 215 1
155 231 1
141 255 1
169 263 1
233 256 2
61 226 2
80 238 2
186 255 2
97 170 3
107 252 3
22 178 1
164 174 1
80 179 2
43 152 1
52 141 1
255 262 3
112 140 2
161 202 1
4 215 1
17 65 2
68 71 5
40 158 1
61 229 4
74 240 1
34 140 1
15 244 1
97 192 2
26 232 1
209 246 2
193 263 2
35 174 1
128 230 1
142 168 2
7 244 1
87 196 1
100 127 2
106 164 2
81 186 1
23 132 1
4 237 1
61 168 1
167 230 1
230 241 1
72 116 7
249 257 1
249 260 1
102 249 1
143 235 1
48 191 1
56 249 1
50 144 1
8 132 1
56 114 1
49 50 1
38 82 13
75 254 1
97 222 1
211 263 2
14 238 1
114 157 1
24 232 2
124 131 1
170 217 1
97 100 1
181 234 2
66 163 1
13 25 2
65 188 1
241 243 2
88 244 1
65 145 1
140 196 2
93 234 1
7 261 5
71 100 1
64 107 1
107 197 1
57 82 1
138 197 1
125 152 1
166 169 1
195 237 1
170 215 3
39 209 6
213 234 1
61 188 3
132 174 1
238 242 3
93 162 3
8 239 1
65 224 1
164 208 1
78 78 1
33 78 2
146 231 1
138 196 1
10 100 1
78 141 1
45 162 1
155 219 7
79 258 1
75 211 1
39 97 6
10 113 1
4 209 1
168 249 3
132 154 2
128 238 1
1 209 2
83 193 1
45 50 1
224 249 4
135 236 9
77 186 1
33 244 1
128 226 1
67 148 1
42 167 4
25 113 1
3 61 1
211 238 2
68 135 1
85 141 1
25 86 1
95 233 1
18 90 2
209 244 3
140 235 1
41 62 1
127 200 1
160 161 1
75 223 1
10 170 12
87 255 2
79 157 3
86 236 1
4 164 3
22 45 1
125 229 1
95 151 1
70 102 1
129 170 1
45 238 1
71 76 3
9 70 1
42 159 3
53 129 2
52 227 2
69 151 4
33 45 3
52 138 3
136 230 1
148 260 2
65 100 1
211 235 1
13 45 1
234 256 1
20 33 1
92 138 1
215 223 7
90 223 1
14 68 2
228 246 2
88 160 1
149 188 10
87 198 1
113 123 3
112 112 1
157 164 1
130 246 1
138 188 1
87 256 1
79 173 1
74 125 1
161 201 1
145 223 1
10 262 1
157 232 1
193 229 2
97 226 1
194 239 2
7 92 1
135 145 5
28 197 1
55 261 3
107 134 1
171 246 1
35 42 1
231 260 15
45 209 2
10 239 1
158 255 2
26 89 1
162 216 1
37 87 2
136 244 1
97 144 1
168 213 1
80 90 1
43 216 1
146 239 1
33 50 1
41 135 2
76 179 1
82 161 2
159 170 2
40 116 1
95 186 1
231 256 1
164 168 1
61 249 1
121 121 1
32 121 1
74 194 1
52 140 1
202 223 2
62 234 1
80 137 2
69 239 3
169 211 1
32 137 2
52 100 1
87 106 1
61 90 1
17 162 1
171 253 1
89 186 1
33 43 3
107 126 1
82 246 1
90 261 2
20 230 1
148 258 1
47 48 1
112 146 1
1 138 1
119 231 3
76 100 4
142 243 1
90 130 1
71 74 1
114 152 1
56 191 1
4 106 1
68 216 1
114 166 1
90 193 1
10 137 1
7 45 1
114 223 2
80 161 1
107 112 4
166 247 1
170 202 1
135 164 1
39 137 2
17 37 1
146 196 1
79 85 1
146 225 4
164 228 1
36 161 1
173 238 1
74 76 1
161 196 1
97 237 1
25 164 1
100 196 1
163 196 1
130 196 2
70 141 1
41 145 2
40 113 1
117 197 1
7 224 1
50 94 1
17 225 2
54 90 1
100 167 1
89 246 1
100 179 2
194 262 2
74 212 1
83 229 1
134 142 1
13 196 1
37 255 1
166 248 1
76 108 1
80 80 3
69 237 4
95 135 1
152 234 1
93 137 2
50 255 1
198 232 1
82 114 1
134 196 1
196 223 1
76 115 1
135 196 1
198 229 1
83 196 1
65 257 1
100 190 1
157 246 1
40 237 1
11 87 1
3 132 1
74 231 8
55 148 1
40 211 1
26 239 1
196 258 1
189 234 1
90 149 1
60 169 1
100 218 1
134 234 2
132 167 1
92 92 2
106 225 1
40 234 1
48 89 4
120 166 2
225 232 6
39 86 1
7 235 2
162 232 2
1 33 1
7 255 1
121 186 1
61 91 2
52 112 1
28 229 1
134 144 1
181 244 1
43 255 1
33 48 2
25 236 1
112 238 1
54 186 1
25 82 1
101 131 1
227 249 4
75 169 1
72 108 1
125 238 2
45 116 1
67 76 1
36 129 1
234 247 1
4 17 1
222 231 1
209 215 2
65 124 3
52 181 2
108 108 1
76 152 2
148 193 1
54 237 1
72 249 1
35 48 1
61 74 2
40 144 1
97 236 1
9 65 3
17 238 1
34 52 1
227 238 1
37 232 1
12 170 1
49 100 1
140 188 3
75 88 5
39 74 3
152 219 1
143 179 1
155 261 1
39 115 1
34 263 1
48 185 3
1 257 1
78 209 4
72 75 1
65 86 5
145 246 1
48 62 1
88 151 1
61 72 3
56 90 2
10 238 1
113 235 1
10 189 1
125 233 1
39 141 6
7 207 1
42 45 7
163 225 1
146 224 1
141 219 1
181 188 1
97 228 1
76 226 5
52 123 1
79 175 1
61 139 2
53 75 2
40 145 1
19 215 2
69 230 1
125 177 6
157 161 1
74 130 9
130 142 1
29 210 2
48 53 3
82 142 2
33 188 1
159 233 1
129 144 1
65 246 3
108 209 1
61 97 5
97 188 2
222 222 2
56 113 2
36 231 2
224 261 3
151 255 1
23 68 1
113 157 1
144 223 1
164 179 1
85 90 10
95 163 1
48 126 1
134 230 1
188 189 1
250 259 1
4 230 1
125 195 1
36 48 1
106 129 1
65 113 2
216 236 1
62 181 2
138 152 1
120 127 1
14 77 1
68 235 2
70 134 1
26 85 1
37 42 3
26 79 1
12 231 1
29 29 1
66 141 1
66 244 1
97 162 2
126 132 1
65 77 2
60 263 1
25 100 1
112 223 1
10 69 1
142 159 1
155 155 1
42 193 1
65 244 1
87 181 1
82 113 1
83 148 1
95 107 1
97 225 5
18 94 2
82 256 1
233 260 1
83 219 1
142 158 2
1 7 1
134 141 1
82 213 1
45 223 1
140 159 1
151 194 1
208 222 1
42 88 1
33 112 1
65 210 4
70 237 1
167 238 1
75 197 10
66 246 1
116 233 2
47 47 1
63 63 1
4 49 1
168 246 1
3 81 1
60 213 1
55 170 1
163 213 3
14 25 1
134 160 1
126 164 1
170 182 1
56 100 1
19 19 1
158 215 1
45 145 1
37 162 1
39 133 3
168 193 1
41 211 1
169 236 1
75 188 4
129 140 2
243 262 1
66 237 1
146 233 1
17 42 3
40 68 1
75 92 1
226 261 3
13 82 1
255 263 1
170 196 1
209 224 1
88 143 1
95 134 1
71 113 1
151 169 1
3 143 1
177 238 1
61 246 1
28 170 1
12 140 1
91 234 3
216 233 3
22 162 2
17 164 2
189 211 1
68 155 1
93 161 1
14 106 1
13 127 1
82 230 1
123 161 1
107 157 3
211 217 1
49 66 1
94 167 1
13 97 1
215 239 1
216 230 1
144 260 1
4 197 1
189 189 1
149 226 2
7 148 1
47 168 1
48 215 1
229 241 1
97 140 3
41 209 1
159 236 1
124 261 1
49 255 2
230 232 1
54 54 1
242 262 1
106 189 1
148 191 1
21 231 1
139 139 1
47 239 1
91 143 1
87 123 1
113 193 1
145 202 1
32 159 2
68 179 1
79 149 1
88 232 1
152 181 1
137 155 1
138 194 1
66 100 1
153 244 1
79 177 1
10 130 1
200 244 1
24 134 1
137 196 1
226 244 1
130 215 1
186 228 1
127 261 1
12 50 1
65 200 1
85 138 1
75 134 1
90 95 1
138 257 1
90 215 1
188 241 1
256 256 1
125 257 1
108 210 2
91 145 4
49 236 1
39 91 1
164 167 2
137 167 2
49 86 1
19 22 1
134 194 1
203 232 1
192 209 1
42 182 4
197 232 8
139 162 12
134 225 2
203 219 1
51 141 12
94 255 1
63 197 2
61 75 4
87 216 13
140 213 15
88 101 9
10 73 1
83 201 1
37 74 1
35 139 1
39 62 6
80 102 6
25 74 8
49 130 2
24 139 1
33 39 14
76 97 2
168 209 1
76 142 1
25 116 11
130 226 7
10 244 3
4 60 1
191 231 17
49 77 4
220 231 2
83 231 7
55 68 2
25 225 1
25 238 4
131 241 1
35 160 2
136 243 3
130 232 11
55 232 1
76 170 3
196 205 1
76 76 2
147 231 20
137 200 6
159 220 1
139 209 12
162 258 5
91 233 3
81 128 3
86 91 1
170 210 2
174 259 5
72 222 1
145 188 5
10 226 15
106 205 1
37 205 1
21 49 1
55 71 1
82 87 2
90 257 20
77 87 4
91 137 2
225 228 2
45 72 1
181 198 5
137 198 1
26 217 2
41 159 1
140 175 3
91 170 2
197 203 8
33 51 1
41 222 1
88 218 3
65 193 2
143 222 1
74 78 7
62 75 4
130 146 1
136 183 1
93 232 1
13 71 6
32 75 1
69 83 21
51 242 3
47 125 2
16 41 3
14 89 1
14 135 2
168 215 2
124 170 1
41 214 11
33 213 1
95 122 4
72 166 15
125 126 1
10 35 1
130 225 15
91 141 1
85 165 1
28 96 1
39 257 1
169 249 12
42 97 1
28 145 7
74 146 7
139 151 6
41 220 1
72 239 4
114 160 4
40 119 1
3 260 1
225 226 4
41 78 4
3 236 2
91 134 2
76 208 1
127 209 3
124 209 7
91 140 1
68 83 1
225 244 1
98 137 1
49 159 1
13 252 1
149 196 3
42 233 2
37 226 3
170 177 3
194 197 2
58 241 5
205 209 10
39 145 1
139 188 1
11 140 1
45 216 15
71 87 4
71 213 7
28 102 1
65 235 1
61 227 5
215 220 1
72 261 1
14 55 1
65 197 7
76 87 1
45 80 4
97 198 1
97 166 3
121 179 1
167 247 2
140 259 3
97 230 1
56 81 7
136 155 2
49 89 1
24 69 4
78 231 1
129 167 1
14 65 1
97 167 2
68 167 8
51 87 2
32 48 1
165 246 1
83 95 1
17 155 1
129 216 1
68 191 1
28 242 1
116 185 1
136 168 1
126 244 3
7 51 1
48 165 1
39 248 1
55 243 1
71 81 1
71 89 1
71 165 1
89 177 1
66 80 1
130 202 1
81 107 1
61 213 3
11 151 1
61 122 1
122 181 1
188 215 4
28 107 2
72 76 5
36 220 1
40 200 1
52 119 1
63 177 1
254 254 1
208 215 1
25 259 1
92 222 3
152 213 8
87 95 8
197 254 3
75 219 4
24 72 5
76 89 10
49 238 4
212 262 2
66 200 2
100 155 2
177 235 2
51 174 4
18 161 2
216 232 3
33 193 8
14 108 2
163 171 4
122 230 2
48 55 2
75 259 2
74 203 7
164 197 2
47 185 3
37 97 2
39 77 6
45 69 3
142 223 2
113 151 9
13 91 3
49 203 6
39 181 3
137 183 3
53 231 2
37 76 9
21 230 6
39 230 3
37 261 3
37 140 2
37 228 3
88 213 8
67 135 5
219 261 6
170 178 4
45 260 6
107 178 6
32 71 2
166 254 2
61 232 4
87 191 3
75 257 5
72 161 5
29 71 4
178 222 2
69 88 6
68 123 4
32 87 5
91 225 2
72 231 3
173 186 18
35 195 4
48 203 8
39 197 5
20 24 2
231 247 4
28 209 2
196 234 2
89 205 3
181 218 2
28 113 2
48 85 6
137 182 9
33 62 2
51 65 8
205 261 6
81 137 2
119 161 2
17 226 2
97 130 2
38 231 2
17 228 2
125 200 4
129 209 3
39 217 3
75 190 2
225 233 2
39 107 3
91 162 2
91 188 2
63 202 4
32 145 11
69 197 4
14 150 2
170 203 3
14 140 2
20 78 2
167 225 5
42 78 2
60 130 2
130 131 6
37 215 3
51 75 3
90 91 2
91 108 2
17 74 3
216 258 5
49 197 7
39 90 2
90 183 2
10 41 6
49 225 2
189 232 2
213 239 2
147 250 2
220 261 2
88 219 9
41 256 2
170 205 4
134 174 2
25 119 4
85 140 4
141 182 3
14 261 2
89 182 3
173 254 5
87 218 5
35 111 2
71 219 2
215 227 3
39 78 2
76 147 2
139 141 2
60 248 3
95 145 6
191 226 2
74 197 12
70 94 2
76 258 4
63 96 2
137 235 3
88 258 6
167 182 3
197 208 2
3 185 4
82 203 2
126 236 2
137 197 4
125 210 5
68 208 2
90 197 5
64 73 4
117 141 2
65 215 2
62 140 2
37 113 2
35 41 3
136 177 2
51 146 2
117 143 2
62 89 2
55 87 6
29 218 4
146 167 7
35 63 3
33 139 4
217 232 2
14 209 3
83 134 2
16 36 5
85 231 6
77 137 2
55 121 2
121 192 5
68 131 3
49 182 2
213 222 5
142 205 7
147 163 2
242 244 3
87 205 4
163 165 3
4 45 2
91 197 2
137 222 2
20 51 2
161 188 2
37 141 2
128 209 2
124 129 2
72 196 2
75 85 4
19 139 2
62 139 7
36 97 3
117 139 3
213 242 2
7 228 2
72 136 6
162 182 2
28 193 2
35 177 5
13 147 2
203 242 4
77 236 2
3 78 3
76 137 7
129 242 3
65 102 2
82 181 5
14 75 2
60 125 2
70 215 3
49 106 2
78 142 2
171 236 2
33 225 3
3 75 4
87 117 4
75 97 4
17 140 8
119 168 3
29 88 5
145 258 2
45 131 3
52 89 2
51 74 5
175 208 2
13 258 2
87 91 2
168 260 2
39 193 2
18 70 2
25 76 4
25 197 2
35 65 4
83 170 2
63 234 2
35 215 5
72 230 4
92 191 6
166 225 7
87 227 3
191 261 8
72 97 7
194 225 2
26 149 2
139 192 3
235 235 2
45 167 2
136 259 2
219 226 2
75 248 5
80 209 2
19 196 2
66 225 3
95 244 2
22 72 2
61 119 2
63 188 3
72 74 2
88 129 2
37 201 2
69 220 2
135 219 2
82 95 2
129 215 6
140 203 4
28 198 5
181 225 2
197 258 2
72 211 2
95 218 2
47 249 3
63 91 3
39 88 2
18 29 2
20 69 2
14 63 2
81 239 2
225 231 2
74 218 2
72 219 2
123 150 3
61 209 5
61 242 4
63 147 2
71 239 5
32 94 3
244 250 2
77 231 2
87 139 3
95 238 2
76 209 3
134 203 2
68 76 3
29 87 2
16 60 3
4 97 2
185 241 2
222 250 4
145 159 4
32 233 3
134 228 2
61 131 2
174 231 2
10 37 2
139 237 2
91 203 3
119 170 3
141 218 2
191 218 4
76 242 2
71 91 2
53 54 2
37 54 5
168 231 4
135 226 2
139 161 2
193 216 3
140 250 4
89 229 2
130 167 2
51 235 2
213 254 2
65 75 3
76 139 2
18 233 3
160 170 2
141 247 2
28 218 5
21 29 2
97 213 2
100 198 2
153 197 2
82 94 2
150 210 3
85 209 2
117 181 2
78 137 2
68 81 3
236 259 2
63 95 2
119 165 2
85 222 2
76 222 3
222 225 2
43 183 2
62 72 2
89 117 2
74 248 2
131 168 2
25 122 3
63 260 3
76 145 2
10 127 2
208 213 2
10 213 2
117 137 2
78 188 2
78 226 2
106 215 3
25 177 2
16 137 2
140 218 1
39 92 2
119 219 2
19 61 2
137 139 2
197 225 1
107 225 1
218 226 1
68 134 1
181 219 1
240 259 1
39 106 2
22 125 1
89 256 3
140 197 1
69 137 2
146 147 7
75 205 1
60 247 1
97 196 1
81 81 1
42 254 2
140 165 1
77 139 1
150 218 2
137 225 1
74 225 1
91 177 1
17 248 1
85 229 8
35 227 1
63 252 2
213 244 1
92 130 1
95 236 1
31 95 1
17 60 1
26 28 1
98 98 1
62 119 1
61 180 2
62 237 1
35 140 1
36 92 1
51 198 1
89 92 2
95 205 2
192 192 1
159 254 1
175 222 1
53 140 1
145 219 2
142 179 1
117 145 2
88 202 1
79 216 1
197 210 1
36 228 1
37 72 2
17 146 1
36 215 1
39 61 2
188 205 1
35 38 2
19 87 1
107 195 1
107 188 5
142 157 1
87 254 2
216 234 1
38 140 1
119 189 1
194 213 2
253 254 1
76 107 1
195 209 1
78 87 1
33 235 1
76 85 3
121 139 1
16 215 5
33 168 1
65 139 1
76 95 2
7 247 1
17 91 1
88 248 2
47 169 1
88 91 2
134 148 1
37 45 1
72 229 1
13 76 1
41 47 3
28 173 1
210 215 1
168 185 1
236 250 1
71 244 1
222 242 2
3 74 2
247 254 1
65 89 1
209 241 2
18 162 1
225 229 5
162 175 1
61 157 3
36 133 2
49 80 1
97 263 1
32 226 1
18 75 1
82 216 1
71 88 1
75 160 1
65 254 2
235 242 1
225 261 1
89 244 1
49 232 1
205 246 1
218 236 1
133 170 4
81 170 1
71 226 1
161 252 1
25 139 3
28 191 1
191 209 1
211 213 1
39 80 1
63 76 1
76 177 1
129 130 1
20 95 1
136 239 1
60 113 1
33 91 2
56 76 2
21 181 1
133 190 1
14 85 1
55 213 1
11 89 1
71 231 5
21 100 1
61 123 2
140 181 1
38 65 2
87 173 2
24 49 1
37 65 1
238 257 1
155 233 1
75 232 1
18 149 1
178 227 1
147 226 1
69 97 2
87 208 1
243 260 3
56 263 1
35 91 1
55 235 1
218 228 4
198 228 2
42 77 2
188 237 1
45 75 1
237 258 1
72 238 1
49 149 2
95 209 2
49 165 1
162 188 1
51 229 2
198 244 1
89 161 3
22 61 1
148 174 3
75 185 1
88 210 1
182 209 1
18 209 4
36 167 1
35 173 1
139 218 2
142 216 1
29 37 1
219 237 1
7 201 1
24 149 2
50 136 1
14 244 1
53 137 1
28 95 1
29 137 1
131 218 2
51 107 2
208 247 1
137 178 1
10 121 1
56 188 3
35 213 1
205 220 1
71 162 1
69 165 1
242 254 1
47 137 2
29 188 2
7 56 1
185 250 1
127 161 2
51 88 6
77 155 2
72 237 4
55 227 1
61 233 2
139 170 1
85 186 1
130 218 1
96 213 1
101 196 1
140 205 1
121 238 1
136 224 4
11 76 1
71 80 1
225 256 1
130 231 3
135 242 4
203 238 1
72 233 5
32 126 1
47 225 1
10 260 1
76 86 1
213 230 2
45 147 1
32 161 1
168 182 1
20 174 2
20 188 1
210 261 1
39 124 1
81 116 1
4 116 1
61 185 1
25 185 1
33 35 4
19 191 1
114 185 1
93 153 1
222 223 1
212 212 1
25 213 1
101 223 2
32 254 1
65 72 1
167 250 1
147 147 1
47 119 1
17 244 1
76 161 1
7 43 2
146 192 1
56 226 1
41 254 2
35 61 1
182 247 2
62 254 1
19 28 1
51 169 1
174 216 1
39 71 1
69 168 1
90 119 1
77 225 1
101 130 1
36 200 1
91 230 1
10 157 1
35 74 1
95 139 1
130 258 1
19 261 3
219 229 2
162 208 1
18 95 3
32 136 1
117 164 1
3 79 1
66 167 1
31 32 2
140 216 3
51 263 1
76 140 1
87 122 2
17 66 1
27 35 1
53 130 1
139 231 1
72 87 2
39 261 2
169 239 6
49 87 2
92 225 1
242 261 1
29 203 2
134 256 1
85 87 1
21 164 1
14 81 1
73 137 1
155 164 1
213 219 1
189 238 1
142 195 1
143 196 1
35 203 1
35 235 1
203 256 1
107 200 1
145 215 1
91 149 1
49 155 1
35 75 2
32 236 1
159 212 1
97 232 1
72 208 1
149 178 1
14 165 1
131 191 1
47 107 1
37 130 1
85 137 3
36 87 1
134 232 1
147 224 1
72 224 1
22 155 1
14 76 1
53 100 1
107 222 1
181 247 1
63 182 1
124 198 2
124 124 1
89 140 2
87 89 1
168 241 1
31 58 1
18 45 1
3 164 1
100 219 1
26 162 1
14 218 1
71 209 1
61 159 1
161 213 1
49 169 1
133 137 1
62 219 1
77 227 1
168 255 1
76 202 1
32 50 1
56 182 1
137 213 1
3 20 1
18 32 1
209 254 1
113 241 1
15 95 1
25 62 1
35 89 1
22 188 1
39 42 1
131 209 2
177 188 1
75 177 2
209 218 1
169 246 2
17 108 2
139 181 1
71 137 1
74 261 2
13 247 2
14 222 1
14 40 1
203 226 1
80 228 2
167 189 1
139 222 1
166 167 2
50 139 1
65 205 2
107 190 1
121 124 1
168 205 1
17 198 1
61 198 1
37 49 1
39 161 2
74 88 1
180 216 1
14 198 1
3 136 1
51 186 1
11 81 1
39 56 1
87 157 1
45 203 2
91 218 1
47 51 1
191 215 1
91 97 1
39 179 2
25 53 1
80 210 1
114 119 1
129 147 1
82 88 1
107 177 2
205 230 1
71 168 1
75 76 1
219 232 1
35 107 1
119 130 2
189 213 1
85 122 1
74 81 1
150 188 1
168 254 2
37 124 1
3 142 1
10 122 1
4 77 1
33 61 1
97 158 1
42 122 1
38 203 1
48 49 1
61 254 2
7 86 1
74 216 3
146 250 1
120 205 1
91 261 2
25 41 1
82 262 1
25 91 2
39 196 2
51 226 1
33 177 1
19 69 1
38 137 1
35 193 1
158 216 1
7 97 1
97 231 2
131 236 1
136 240 1
18 174 1
182 256 1
87 213 1
102 231 1
62 218 1
205 231 3
87 159 1
64 197 1
68 248 1
113 250 1
157 226 1
188 210 2
42 72 1
37 170 1
22 79 1
124 215 1
145 189 1
195 228 1
222 252 1
121 205 2
100 205 1
242 259 1
181 189 1
130 203 1
101 139 1
42 146 1
71 181 1
212 230 1
62 122 1
39 229 1
69 81 2
3 47 1
174 240 1
90 167 1
117 261 1
51 78 1
218 235 1
60 79 2
216 231 1
139 250 1
13 191 3
61 87 1
37 37 1
25 89 1
167 234 1
17 233 1
119 238 1
65 213 1
191 256 1
86 93 1
61 222 1
71 261 1
88 242 1
10 117 1
39 126 1
69 82 1
168 259 1
63 89 2
45 254 1
81 162 1
14 137 1
121 216 1
121 215 1
7 197 1
70 186 1
215 228 1
74 177 1
22 133 1
75 86 1
136 152 1
45 149 1
39 231 1
135 244 1
213 241 1
49 69 1
50 61 1
209 235 1
165 188 1
26 225 1
28 35 1
226 258 1
203 231 1
79 147 1
145 239 1
140 215 1
89 238 1
61 130 1
51 168 1
75 227 1
130 219 1
69 177 1
56 88 1
117 155 1
10 258 1
22 181 1
135 135 1
20 61 1
11 21 1
166 259 1
70 83 1
77 90 1
3 41 1
35 100 1
193 228 1
32 162 1
149 149 1
149 233 1
141 235 1
95 125 1
100 185 1
51 126 1
7 130 1
87 168 1
35 218 1
10 205 1
69 142 1
11 225 1
28 65 1
81 93 1
70 136 1
174 233 1
171 171 1
76 133 1
20 208 1
28 141 1
76 181 1
49 131 1
182 237 1
119 213 1
112 217 1
72 195 1
168 225 1
210 210 1
137 147 1
20 70 1
10 146 1
212 234 1
21 250 1
213 261 1
258 263 1
72 188 1
37 51 1
28 82 1
43 63 1
161 198 1
75 203 1
144 147 1
151 167 1
63 174 1
18 39 1
163 216 1
20 231 1
69 141 1
90 210 1
183 244 1
3 170 1
65 203 1
107 117 1
121 129 1
213 220 1
10 215 1
37 89 1
75 167 1
177 256 1
89 125 1
67 215 1
51 81 1
61 258 1
131 223 1
