238 239 342
238 238 118
151 238 181
193 193 49
7 193 23
48 246 451
79 246 173
161 163 224
144 161 53
43 239 84
25 143 1
211 234 109
90 234 207
142 246 77
138 216 8
162 170 290
161 170 273
161 262 82
162 236 151
50 261 16
142 236 157
141 237 258
112 246 9
24 236 22
236 262 147
234 238 71
79 232 221
79 233 277
170 233 153
107 170 437
49 148 37
144 229 40
142 229 115
142 239 428
41 239 91
41 74 118
48 68 779
95 95 12
140 229 147
140 141 177
141 141 215
229 233 142
68 144 115
79 79 925
48 237 127
107 237 124
90 148 210
166 213 2
100 249 123
137 234 208
87 148 236
148 170 373
113 239 43
162 234 161
43 170 49
234 263 114
237 239 113
229 239 66
79 161 237
166 248 2
185 226 1
142 162 145
7 142 19
236 237 402
42 237 24
80 189 3
107 211 101
79 262 132
142 238 319
24 239 89
24 243 14
211 231 149
211 246 39
7 50 14
140 234 60
41 140 15
140 262 188
142 244 54
166 238 111
239 239 155
186 239 88
140 263 282
140 143 20
143 236 43
107 236 73
48 107 165
141 161 207
141 224 22
107 263 162
142 143 142
151 239 189
229 238 50
45 229 14
151 262 17
161 162 247
148 231 311
79 231 345
40 65 6
170 261 36
170 170 197
107 148 473
137 181 9
43 236 132
79 236 125
87 158 80
158 236 50
107 234 288
82 231 3
151 229 19
24 238 97
166 262 12
49 181 15
144 232 64
75 237 72
138 151 27
141 238 73
145 229 23
137 161 123
140 236 115
75 163 41
229 263 253
141 263 548
140 238 41
211 238 12
186 233 92
112 249 31
125 249 108
137 211 34
137 158 85
68 261 66
68 223 11
48 249 421
41 142 90
79 164 414
79 143 49
79 162 304
107 137 262
137 170 216
24 163 9
90 238 41
114 148 512
48 148 164
48 143 271
68 246 308
68 125 67
125 158 84
158 211 138
113 144 125
113 170 134
140 237 144
41 75 59
134 262 1
90 161 123
68 238 77
220 238 5
237 262 95
226 236 8
148 249 567
68 170 228
231 239 45
43 238 74
43 114 33
161 249 149
143 249 52
142 237 180
170 236 104
144 158 154
158 234 178
45 114 43
75 113 15
141 151 33
141 262 154
141 229 345
113 255 19
233 255 9
113 164 112
113 234 181
113 229 51
233 249 85
75 129 3
129 226 18
28 132 48
93 263 2
129 260 25
226 260 22
138 153 2
48 137 107
138 142 54
142 233 44
233 234 110
43 262 42
170 262 75
107 140 86
148 229 134
87 237 14
66 209 5
65 148 35
116 132 28
116 220 2
166 239 82
232 238 5
79 90 449
43 193 1
55 114 1
50 90 102
148 159 1
4 141 22
74 74 110
236 239 229
226 239 10
4 148 222
79 249 985
114 232 79
114 189 16
114 234 281
114 137 147
137 144 60
107 143 21
113 161 83
68 161 162
238 263 113
50 262 13
142 170 95
79 158 377
13 79 88
13 141 15
145 224 4
107 224 47
137 140 83
90 233 39
239 262 99
90 90 71
37 113 9
122 132 3
48 144 71
236 263 211
234 234 188
48 164 374
141 234 113
148 256 151
225 256 9
114 239 58
90 246 186
48 50 358
10 132 151
132 218 50
43 186 37
90 112 9
41 238 81
74 151 38
41 116 44
116 166 54
112 141 4
112 112 23
229 229 95
116 229 16
229 237 179
179 229 10
263 263 182
193 263 3
68 79 428
42 79 39
48 234 257
221 234 1
74 161 54
17 132 72
141 249 116
140 142 74
43 164 49
107 164 274
162 237 189
50 255 3
229 236 139
87 261 20
127 231 8
68 90 293
87 162 39
50 239 95
237 263 265
43 43 53
41 43 34
7 151 6
68 107 196
236 238 174
90 107 214
237 249 97
231 237 43
68 231 156
260 260 21
43 107 34
246 263 39
7 140 36
79 209 99
114 164 196
164 209 23
79 87 253
143 239 169
224 237 5
162 224 47
79 170 642
17 148 45
50 231 34
50 246 167
137 239 32
137 262 50
113 114 154
87 87 49
87 249 161
161 233 146
68 262 33
68 164 261
170 229 245
116 238 47
132 195 6
114 144 222
79 114 743
79 229 281
18 48 5
232 263 17
162 238 55
90 249 477
170 238 53
138 168 12
233 263 101
87 229 33
161 229 229
79 168 4
141 236 232
181 232 7
79 148 1475
107 158 148
48 239 349
48 113 104
147 162 3
151 151 46
41 233 6
87 161 66
50 79 83
68 142 143
140 161 86
140 140 70
161 237 223
68 68 299
45 249 45
170 231 86
137 255 9
79 255 102
113 238 29
90 231 114
142 164 125
144 255 35
166 211 4
90 163 69
231 246 75
148 209 84
43 48 101
48 67 2
170 239 84
170 263 195
50 237 26
114 158 225
106 107 4
4 262 13
75 79 97
143 262 22
24 142 55
89 233 1
161 161 141
162 229 177
48 186 439
144 164 87
79 144 451
43 161 76
249 263 109
68 237 46
79 137 639
113 137 67
231 249 446
43 142 87
107 239 64
170 234 367
164 234 333
50 186 111
42 161 38
114 231 276
181 186 19
90 170 159
209 224 5
137 237 40
142 158 68
79 256 125
33 239 3
43 148 31
42 236 18
113 231 114
80 231 11
143 151 53
143 238 110
75 238 88
48 229 198
95 132 83
164 229 132
151 243 14
107 157 1
41 79 58
129 137 14
50 107 40
236 236 182
68 148 249
239 243 16
138 161 49
41 151 61
48 238 256
75 107 40
79 234 508
22 249 4
144 234 175
48 233 115
7 162 76
162 164 215
7 229 57
75 161 66
211 263 22
88 170 25
43 137 22
141 239 142
262 262 43
24 43 15
164 170 295
87 164 90
87 107 81
116 239 75
48 211 50
17 108 1
50 142 108
48 151 111
68 132 105
140 163 79
142 142 152
113 142 45
75 236 110
186 237 56
173 236 3
82 129 16
100 233 56
238 246 41
143 229 41
114 114 153
4 114 109
4 137 56
125 237 11
137 151 7
236 246 28
92 138 24
138 260 16
107 125 40
142 249 118
143 244 22
224 239 6
24 229 9
75 239 66
132 170 117
43 249 30
170 249 286
114 211 148
107 229 211
137 263 76
114 170 250
112 234 17
43 141 53
170 224 45
42 74 58
45 148 96
74 142 36
87 232 41
87 141 29
4 170 42
161 234 233
162 226 36
107 162 229
79 107 947
79 211 283
41 164 36
237 237 239
79 149 1
107 161 175
161 236 195
144 263 37
136 263 2
148 244 17
229 262 107
90 262 36
13 144 35
13 125 19
90 125 45
142 234 104
148 238 31
158 162 47
158 170 135
18 163 2
48 209 24
90 232 21
68 113 120
232 246 14
68 143 85
114 229 95
162 163 174
97 113 6
144 244 8
234 236 74
7 262 18
141 143 42
143 158 28
74 90 18
114 162 115
113 233 33
233 262 45
224 234 47
125 239 13
42 238 37
90 140 38
125 229 7
62 257 1
42 234 31
148 234 300
148 158 307
164 211 54
125 198 2
144 211 169
144 189 13
170 237 122
232 234 36
236 249 74
68 263 78
148 237 49
48 179 21
148 164 216
137 148 352
229 234 121
114 263 66
78 263 2
141 261 14
164 261 30
90 158 183
24 79 30
79 237 110
79 141 274
65 237 1
93 138 1
74 140 22
164 263 109
87 234 97
43 224 6
100 170 200
234 237 98
170 186 276
186 263 96
48 231 112
37 132 73
166 263 24
237 246 44
142 151 141
113 232 28
148 246 115
90 113 158
237 248 3
262 263 155
48 261 46
161 231 85
168 170 8
125 211 54
211 255 24
127 250 1
161 261 26
90 193 1
141 233 137
95 263 6
152 244 26
107 166 8
14 237 6
162 263 159
146 263 12
143 237 46
69 75 11
186 246 164
141 158 45
144 237 39
12 48 4
48 142 509
50 170 70
170 179 12
164 181 19
129 163 15
129 173 8
107 231 146
114 226 14
160 226 1
217 256 6
88 144 15
7 7 112
231 244 6
107 233 169
33 162 17
161 238 72
87 243 10
116 243 18
116 140 12
113 263 52
125 170 32
140 244 8
42 244 27
142 224 8
140 158 21
68 249 530
50 211 23
50 50 52
7 233 23
141 179 11
48 200 4
238 249 63
107 114 338
107 145 22
18 152 2
18 136 1
20 119 1
43 237 106
79 113 392
113 246 64
4 140 15
125 164 40
211 261 52
45 45 15
87 125 31
88 164 27
88 186 19
107 246 72
43 162 61
190 258 1
132 145 93
145 198 2
146 164 21
158 263 35
142 161 188
163 229 160
140 233 55
65 255 4
65 97 34
97 107 17
33 114 31
231 231 121
142 263 119
151 246 15
87 137 45
229 232 17
129 263 16
79 263 258
41 107 14
43 166 22
7 166 1
113 262 22
151 234 25
114 161 95
246 246 103
142 166 88
166 166 65
24 42 17
13 68 58
13 148 78
141 170 179
140 151 9
42 151 32
48 158 203
87 114 126
87 255 16
132 188 45
140 232 8
48 87 66
13 231 101
141 231 41
107 144 189
107 262 79
72 132 24
164 249 237
164 233 115
55 164 2
113 249 244
125 263 8
229 249 111
48 116 123
68 229 70
114 233 80
24 143 14
145 161 67
48 170 274
151 236 51
45 90 26
158 161 67
150 161 1
170 246 87
142 262 67
75 263 215
151 159 5
135 164 1
100 164 153
43 229 52
43 140 31
48 141 160
68 234 326
48 165 1
237 238 94
68 151 42
142 243 38
75 140 71
137 229 196
163 170 159
236 244 19
114 262 43
239 263 211
125 186 44
113 179 14
97 148 48
148 211 285
162 211 38
13 161 27
7 43 7
74 238 37
158 231 209
148 186 167
141 148 112
43 232 4
4 234 54
4 79 338
125 233 10
141 163 149
151 166 74
232 256 23
75 232 7
90 236 37
125 209 13
158 249 355
90 137 88
137 249 150
164 246 131
238 262 52
75 262 49
230 234 279
141 162 252
75 141 92
151 263 42
132 249 70
232 249 85
137 137 80
220 239 4
220 220 2
42 239 44
161 239 119
68 211 108
141 211 26
163 231 58
168 236 3
90 114 225
114 237 66
68 239 94
41 68 45
94 151 1
163 236 118
166 244 47
116 151 48
13 239 10
7 148 34
114 142 71
48 262 57
127 153 1
151 249 35
151 233 16
144 148 320
144 261 50
231 256 21
41 166 85
162 246 62
145 236 3
186 234 247
163 164 224
114 141 110
160 255 1
68 137 106
87 170 77
114 249 366
87 113 54
87 140 16
13 249 121
163 237 177
65 162 9
45 164 21
164 164 169
68 186 258
239 249 91
13 87 66
13 162 19
163 239 123
144 209 36
114 209 54
48 114 182
125 234 57
164 239 63
13 170 28
49 137 6
142 163 237
65 79 34
164 224 36
246 261 26
13 211 36
66 231 15
66 237 1
158 237 33
196 262 1
129 196 2
48 129 39
231 233 35
45 125 9
87 163 21
140 166 6
141 142 158
50 70 1
43 263 60
224 249 61
4 246 15
116 246 21
40 49 2
43 79 39
79 239 90
88 161 16
37 87 5
50 138 28
137 246 37
97 263 3
212 263 1
43 68 32
42 186 20
107 151 21
144 249 292
144 233 40
233 239 34
173 229 4
80 211 9
68 114 227
43 143 23
42 170 12
79 151 32
7 170 51
7 179 30
179 223 7
127 151 26
50 166 11
163 238 103
43 234 47
114 140 53
166 236 25
148 255 107
74 263 147
161 244 16
79 225 23
246 249 281
151 152 20
152 248 1
113 224 23
13 229 20
137 233 182
144 231 186
24 75 18
74 168 37
152 239 33
41 152 44
50 161 112
50 162 70
144 170 104
151 237 37
75 170 35
113 141 53
80 237 4
137 186 158
48 90 363
186 186 85
65 231 14
7 143 5
145 179 18
179 179 16
25 61 13
79 179 32
114 145 21
37 138 31
112 224 3
95 255 3
88 119 1
74 211 7
4 107 99
4 232 34
6 48 1
13 263 19
13 13 20
13 41 2
211 262 15
140 224 14
33 224 3
25 113 19
151 163 34
151 244 27
126 244 1
4 162 21
4 224 21
88 142 15
12 261 3
87 263 32
80 170 15
80 148 76
163 263 98
74 236 61
140 223 3
234 256 23
45 79 117
113 211 94
133 181 6
40 189 2
48 248 6
74 119 4
107 249 368
61 151 4
13 142 16
79 226 27
134 232 1
43 246 18
229 246 41
169 229 1
158 239 57
79 186 401
50 249 121
231 262 31
148 224 77
36 148 37
36 48 5
233 236 49
74 75 233
71 132 14
186 238 56
238 247 5
148 162 145
129 162 18
113 261 33
13 48 53
68 162 121
40 90 5
116 237 15
141 144 54
87 90 43
164 237 83
41 237 21
50 158 56
143 161 61
143 246 56
181 181 36
61 181 25
65 246 8
16 132 17
116 164 14
45 158 15
125 142 15
140 162 104
33 170 13
153 238 1
79 238 69
87 231 140
87 133 2
100 107 98
170 190 1
24 132 26
68 145 12
161 263 120
49 132 95
75 144 9
7 237 48
140 145 10
24 151 43
50 229 37
233 233 42
90 166 7
43 75 40
41 42 159
50 163 100
68 140 41
116 142 64
238 244 51
80 107 17
80 113 10
161 209 19
249 249 254
211 237 31
90 186 186
24 116 42
249 262 49
50 87 22
50 243 14
237 243 13
143 143 42
48 48 600
236 256 2
112 256 15
50 236 19
90 141 76
224 263 31
74 107 27
75 211 5
138 229 55
107 142 79
50 114 44
50 244 27
246 262 9
75 75 84
226 263 18
137 166 3
42 166 79
107 141 188
68 181 26
95 234 12
90 263 52
142 144 30
163 246 65
75 138 29
82 239 5
50 68 173
88 234 19
79 125 132
125 238 4
40 249 26
107 107 165
45 170 19
7 234 38
42 121 1
43 113 21
125 231 89
125 261 12
125 256 5
87 262 15
141 152 5
166 243 4
22 114 9
80 255 43
141 255 5
145 249 36
80 145 6
148 148 333
37 148 59
202 229 11
145 145 53
73 82 1
70 135 1
128 151 1
42 42 63
41 143 10
4 144 69
7 79 90
209 249 57
116 263 13
142 186 123
90 189 9
231 234 155
137 232 36
205 209 1
69 116 3
143 144 17
125 236 4
18 263 3
89 161 10
186 231 106
75 249 37
41 48 121
231 238 29
162 239 75
143 170 45
48 100 252
114 246 78
116 152 38
166 229 7
107 256 35
170 206 1
107 113 182
49 142 4
232 261 6
161 246 72
50 181 4
129 237 21
137 224 40
79 163 127
90 211 67
211 236 21
108 148 1
164 186 220
239 244 48
112 164 17
43 163 56
163 233 64
146 146 12
234 249 390
145 262 6
145 263 20
14 170 6
79 126 1
14 164 8
88 263 11
25 162 4
42 152 26
134 138 10
161 179 15
74 162 29
7 239 15
158 229 56
17 158 6
193 202 1
112 132 78
140 239 73
137 141 151
170 181 20
130 132 57
107 232 60
68 141 93
41 141 17
79 227 9
237 244 21
75 243 11
65 161 9
68 158 259
25 68 9
25 66 4
49 229 3
37 49 1
137 142 33
69 141 6
127 243 6
209 209 19
49 65 14
137 162 151
148 161 85
48 88 34
113 113 68
113 148 232
21 231 1
141 246 47
144 238 17
41 161 49
196 231 2
47 247 1
74 166 34
140 231 34
13 246 18
196 263 1
56 196 1
14 151 1
50 140 20
170 191 1
51 51 3
113 143 22
239 261 17
13 261 21
211 233 18
50 137 22
142 211 27
41 236 33
43 74 14
87 236 14
75 114 19
132 141 85
234 239 76
72 138 2
92 92 2
113 162 65
136 170 2
136 244 4
90 237 49
186 256 11
238 256 1
15 138 2
90 144 96
79 200 2
211 249 198
90 164 185
75 152 12
125 143 8
42 142 53
146 161 24
37 114 20
37 68 19
116 143 7
140 179 4
68 163 174
41 263 27
24 263 18
42 116 46
42 43 15
50 238 56
179 237 14
74 244 11
186 224 38
112 113 12
80 132 61
255 256 60
189 256 3
163 163 106
234 261 42
42 164 23
62 166 1
164 238 46
7 107 55
42 148 24
41 243 6
19 138 3
41 241 2
48 162 321
52 142 3
45 142 11
43 261 5
163 224 12
166 249 12
141 166 12
146 162 44
95 138 35
141 186 93
158 246 176
50 232 5
4 229 28
48 236 89
43 151 29
113 236 49
158 238 32
113 158 119
107 186 188
75 116 23
80 112 12
80 225 4
90 261 31
61 249 29
106 238 1
42 229 9
48 74 51
74 143 8
151 231 20
79 140 136
50 141 32
233 237 54
233 238 19
231 236 37
186 249 305
168 249 4
235 244 5
143 234 51
249 261 83
50 88 21
137 145 18
42 145 4
61 132 107
137 231 46
25 211 5
161 224 46
55 224 1
42 263 25
4 80 5
80 256 29
74 262 31
61 170 13
211 229 35
13 232 11
24 166 39
7 24 4
158 164 118
4 186 31
4 4 31
50 145 10
181 249 60
114 208 1
161 186 245
41 127 4
127 244 9
50 80 4
127 170 4
209 246 10
143 261 7
164 231 91
138 145 37
138 226 33
36 144 13
146 198 1
90 229 73
158 232 28
41 246 21
50 143 52
42 75 45
74 141 66
158 209 31
144 144 84
87 144 83
7 263 32
45 162 11
116 162 16
181 234 37
140 246 21
125 141 12
132 258 23
68 255 31
113 181 21
168 262 8
68 75 31
164 262 55
138 157 10
239 246 57
74 239 42
43 181 2
79 224 140
125 181 10
13 114 68
75 137 30
116 127 5
66 238 2
125 140 4
151 232 3
45 231 46
45 144 29
225 233 2
181 255 10
112 255 76
189 249 33
80 234 12
232 255 12
129 161 42
116 138 24
162 162 146
211 232 37
145 237 16
140 170 87
14 234 6
244 263 13
148 236 62
43 233 15
171 263 1
114 186 199
43 69 1
146 202 4
141 173 12
70 173 3
74 79 39
41 90 21
68 236 55
25 181 36
25 41 1
158 262 28
209 236 7
162 256 9
256 258 1
114 255 40
141 164 130
25 236 2
48 255 14
79 223 20
188 263 2
87 225 4
49 97 31
237 260 12
83 229 9
33 79 55
170 211 71
170 209 31
33 132 72
68 87 66
13 107 39
138 143 26
143 263 39
229 255 9
114 132 29
48 140 76
41 249 35
138 140 57
119 236 11
43 50 14
146 226 11
224 246 10
162 232 17
12 170 1
114 238 45
24 41 41
161 197 2
144 236 28
40 211 7
49 52 2
144 162 51
25 132 53
91 132 26
32 75 1
161 164 262
137 143 14
79 88 77
74 113 7
7 41 3
234 262 53
41 138 32
163 262 51
4 263 23
141 145 17
145 226 23
179 226 5
74 249 20
132 175 8
142 209 9
148 263 120
24 262 7
74 78 4
20 142 1
116 249 29
33 33 4
52 79 13
261 261 19
42 231 12
145 239 4
95 170 9
7 82 8
255 263 17
49 76 1
80 246 3
7 129 36
231 261 81
140 226 29
196 229 10
223 234 22
41 114 20
198 255 8
87 186 56
7 223 44
140 243 10
88 261 27
48 79 370
164 230 483
125 161 21
87 88 40
80 87 9
79 244 24
4 68 48
164 236 80
24 48 51
143 233 12
79 129 27
33 107 19
48 168 9
142 231 39
7 231 9
7 80 2
87 142 20
24 237 12
151 162 21
132 140 59
94 144 2
159 169 1
41 148 22
114 125 93
4 211 29
140 211 18
244 249 33
45 87 34
40 231 12
40 228 5
95 236 3
43 226 3
90 179 9
82 114 8
132 219 87
95 114 8
4 45 10
40 142 3
113 225 6
45 186 16
13 224 13
13 164 37
226 246 9
170 232 29
140 148 77
88 173 1
166 220 3
144 166 5
70 129 6
83 141 11
166 170 6
13 43 5
41 50 15
129 145 9
129 138 71
17 138 20
209 231 53
228 231 13
114 143 47
87 224 7
17 142 4
132 234 61
162 249 126
97 236 3
68 152 8
49 107 9
125 255 10
48 263 135
209 211 29
48 152 36
49 143 1
146 196 1
116 163 21
87 246 33
151 164 29
223 249 21
133 236 1
161 193 7
13 186 46
132 200 10
68 69 3
132 231 57
158 158 130
106 249 12
45 48 20
190 234 1
75 167 3
68 233 81
188 255 2
161 211 45
41 41 94
229 248 2
170 260 13
20 262 1
12 249 6
143 162 45
88 233 18
160 237 3
48 66 3
13 255 6
50 179 4
144 239 23
200 229 2
241 243 1
50 234 64
88 231 51
52 231 15
33 113 14
33 231 38
137 256 9
166 233 4
193 229 1
87 239 16
125 246 33
48 125 47
79 145 38
48 181 25
65 229 2
162 233 111
14 113 2
88 143 8
211 239 15
132 205 39
112 138 44
50 119 2
43 65 2
25 79 59
25 112 3
75 234 34
189 234 17
56 56 2
56 129 4
163 249 117
33 249 53
223 226 4
74 147 2
33 188 4
234 246 136
189 257 1
137 164 148
107 181 22
161 216 4
181 237 4
162 186 176
145 163 32
127 238 14
108 141 1
164 255 25
161 226 64
142 232 11
10 218 1
148 262 65
69 79 3
43 256 3
37 256 23
163 244 36
143 164 54
80 142 9
151 211 11
68 146 6
48 243 96
90 151 22
141 189 3
142 223 14
14 229 7
90 142 74
52 114 11
151 241 1
114 224 28
151 161 31
141 146 19
52 137 4
83 238 2
7 226 43
142 167 1
48 127 48
68 70 3
42 243 5
42 48 95
181 211 9
107 238 38
90 143 26
79 112 87
97 231 14
138 228 7
79 243 23
82 226 18
24 179 1
137 260 15
114 236 54
48 163 362
186 223 14
146 186 5
145 223 6
88 229 13
88 166 1
159 161 9
132 159 10
62 170 4
107 216 1
47 77 1
4 158 39
48 146 14
42 211 5
41 244 15
25 161 20
48 80 18
31 32 1
132 135 16
143 224 3
88 162 18
209 234 31
198 234 5
198 238 1
113 209 25
88 209 15
43 145 4
142 146 16
33 148 43
33 243 1
132 221 5
13 88 39
162 231 60
114 225 11
13 143 5
89 132 72
193 259 1
224 224 8
89 224 1
88 137 17
130 161 4
140 209 6
100 143 37
97 256 9
25 229 6
113 237 56
50 220 2
142 148 61
43 243 4
119 255 2
13 140 6
80 80 7
45 232 25
17 189 1
138 236 58
75 229 43
13 233 15
4 37 7
113 163 64
162 168 6
147 236 4
35 41 1
36 79 33
42 114 11
7 141 53
144 246 52
224 233 29
163 166 14
232 243 2
152 238 42
95 141 8
48 69 4
100 239 66
170 203 1
143 166 18
244 246 23
181 236 6
43 97 1
75 212 4
97 161 10
79 138 50
125 147 1
113 116 9
148 233 174
14 249 16
6 233 2
112 226 5
230 231 104
133 229 3
87 256 7
88 246 17
75 88 8
40 66 1
50 126 1
181 263 3
65 107 14
36 66 1
226 229 47
45 246 8
148 181 52
181 225 7
138 262 58
129 164 14
223 260 4
127 138 10
68 243 22
68 188 20
137 236 45
88 232 19
41 144 11
158 186 161
140 249 58
112 186 16
43 129 1
90 255 17
148 232 141
7 161 72
82 229 19
141 232 16
125 144 69
165 229 1
15 132 16
132 139 30
75 142 31
113 124 2
163 211 35
143 209 3
166 237 12
48 166 50
112 231 16
7 254 1
41 158 16
24 74 31
142 152 11
157 161 9
41 137 15
43 158 16
161 247 1
137 238 19
164 179 10
13 209 17
125 148 86
113 166 9
7 163 69
231 263 37
132 255 88
145 148 27
79 261 86
114 261 58
147 263 5
113 186 119
74 137 35
43 112 1
33 161 30
80 226 2
43 157 2
68 232 35
24 152 14
186 261 34
61 255 11
97 189 11
97 211 8
226 238 5
87 209 27
65 75 3
4 249 109
108 211 1
13 158 59
158 233 50
43 146 3
74 256 2
224 229 22
75 151 46
7 236 16
7 260 13
4 256 9
80 232 4
49 209 6
33 49 4
33 61 3
36 114 13
151 170 14
229 243 7
148 261 59
13 262 13
66 249 24
95 161 16
162 262 69
50 151 16
28 142 1
90 116 20
4 41 5
129 261 4
140 256 1
65 114 14
65 112 2
50 116 13
39 49 1
7 249 28
65 90 5
45 107 25
228 234 5
148 223 14
25 188 7
95 129 4
80 233 3
37 80 19
36 106 2
100 161 223
22 88 2
108 210 1
80 162 11
56 80 1
147 234 3
74 114 12
158 261 32
17 234 27
24 148 10
200 237 2
48 256 18
88 249 30
79 142 108
22 132 8
137 159 13
132 197 46
50 148 49
79 195 3
77 262 1
148 239 54
173 263 15
138 211 17
107 112 12
125 151 4
13 113 35
162 166 10
123 234 2
42 137 12
167 235 2
79 181 99
106 181 7
79 116 33
7 56 3
229 231 38
41 248 2
224 232 5
170 258 2
148 166 16
100 186 164
164 193 5
23 33 1
116 141 12
107 179 7
137 226 7
233 260 7
33 158 16
168 186 2
25 239 3
68 193 3
50 210 1
43 231 9
145 232 2
89 138 21
107 261 24
227 263 1
157 249 3
112 114 29
25 145 3
74 132 30
65 261 5
25 255 10
166 246 5
74 260 2
37 249 22
75 162 57
90 100 137
126 151 1
41 145 3
41 163 38
65 256 5
246 255 10
13 89 1
148 163 75
54 246 1
25 189 17
75 164 35
50 82 3
162 173 2
66 107 11
87 233 26
141 168 7
89 231 12
224 236 6
13 151 5
126 236 2
152 166 50
94 263 2
33 48 15
13 90 46
4 261 10
4 163 16
163 234 176
132 164 96
138 141 68
87 181 16
80 209 2
100 209 11
24 244 22
43 61 2
143 231 23
138 148 26
79 159 3
61 90 10
97 255 7
179 263 9
181 246 11
169 184 1
3 147 1
186 229 74
79 97 63
55 79 1
113 140 22
129 229 19
25 261 4
223 263 9
87 143 9
68 88 31
88 90 7
48 167 4
177 186 1
17 61 9
62 225 3
17 181 8
45 143 5
65 234 13
17 65 8
181 238 4
40 246 3
40 226 1
226 237 19
12 90 2
89 229 2
13 236 9
4 13 11
25 148 36
142 261 10
132 202 17
83 239 2
81 138 3
163 226 38
61 161 14
142 145 20
41 125 6
107 116 15
4 233 21
65 209 5
80 97 5
66 162 7
75 148 37
45 239 9
13 234 45
7 164 80
64 142 1
158 244 12
79 202 5
48 212 2
144 163 58
4 75 3
61 129 1
13 189 3
24 68 13
42 76 1
113 132 72
74 138 21
36 234 13
48 226 37
209 233 7
42 90 26
132 252 14
124 148 1
107 200 4
17 42 1
140 255 5
144 224 16
100 148 68
113 125 37
127 246 8
82 141 18
229 244 9
116 244 64
223 237 16
42 138 34
210 228 2
50 125 11
37 255 19
36 132 42
137 138 26
35 76 1
224 231 10
166 173 1
88 181 14
48 189 13
189 189 2
114 256 45
129 239 3
116 129 2
188 188 7
61 162 5
36 97 4
32 238 2
4 113 59
161 217 2
12 79 3
68 209 19
74 229 33
112 233 3
22 163 2
40 239 2
162 261 18
255 255 29
25 125 2
25 65 9
25 52 11
173 179 1
209 262 5
146 170 9
52 113 5
33 246 13
80 263 4
107 244 15
80 186 6
125 163 14
85 138 2
186 262 28
198 256 7
112 211 9
142 181 12
39 69 1
47 185 1
232 233 16
50 113 21
24 45 1
126 158 1
169 169 2
94 169 1
94 94 1
74 231 8
237 255 6
43 90 17
49 114 13
127 234 8
234 260 5
37 237 5
24 160 1
68 224 26
186 247 2
132 181 134
107 255 30
88 211 19
87 168 1
87 211 50
226 226 39
243 249 22
68 244 22
244 244 38
75 244 12
140 198 1
141 157 4
164 226 48
132 211 36
33 211 14
140 186 51
161 181 24
50 144 35
61 138 28
49 225 7
146 193 15
79 80 77
37 97 3
37 263 2
33 166 1
4 231 42
25 256 5
33 142 14
138 152 11
113 151 14
66 164 6
82 161 19
41 186 26
107 146 6
42 262 3
45 100 15
13 237 5
159 226 8
60 68 1
14 68 6
164 198 5
62 90 4
43 88 2
37 144 14
65 138 16
25 48 13
88 236 6
141 223 11
4 90 43
61 79 44
61 114 9
162 225 5
40 132 35
50 233 17
88 114 32
88 140 6
48 244 148
43 244 4
164 232 25
129 132 48
48 112 23
97 170 9
82 113 5
43 135 1
100 232 29
125 155 1
40 43 2
61 188 4
24 114 10
145 234 28
33 189 9
13 226 3
65 170 3
161 166 14
87 132 67
148 188 14
61 113 11
225 249 11
97 140 1
93 132 60
33 138 20
76 132 44
100 162 127
20 237 1
40 75 1
144 151 4
106 158 3
90 239 50
129 142 10
114 181 49
211 225 5
246 256 10
162 209 27
100 179 6
50 152 8
141 244 6
168 237 11
92 158 1
48 161 360
90 209 24
4 87 18
61 233 3
45 161 7
48 75 87
132 216 82
197 216 1
135 161 2
92 164 4
152 152 14
68 257 4
132 191 23
40 125 5
65 223 1
146 234 6
129 170 13
25 88 5
4 48 33
87 138 37
161 260 11
167 186 1
107 173 2
213 263 5
213 254 1
186 255 17
160 170 3
87 112 4
198 232 1
196 238 1
66 255 1
7 255 6
4 161 23
147 243 1
4 209 19
70 79 3
18 79 4
33 209 6
33 229 5
68 127 7
42 158 9
40 234 2
45 262 5
145 164 59
243 263 10
166 231 5
132 238 100
25 186 12
25 40 14
114 152 4
61 107 14
61 142 4
49 138 33
146 148 12
142 255 10
92 148 2
65 249 29
52 234 15
45 50 7
56 89 1
92 161 3
232 259 1
65 68 15
4 65 1
33 263 2
97 181 21
41 229 17
178 213 1
25 36 2
13 50 13
223 239 11
140 181 7
12 161 2
14 107 6
41 162 28
48 119 2
137 163 47
74 163 30
138 238 53
7 83 4
25 107 16
167 263 3
140 164 62
63 161 2
83 170 5
83 129 4
82 234 6
90 152 10
33 186 10
89 181 8
25 190 1
131 132 13
90 243 16
68 138 42
215 263 1
88 113 15
238 243 42
132 224 21
42 254 3
49 234 25
82 260 10
41 113 22
116 148 15
194 239 1
133 255 2
143 148 29
90 95 4
10 179 1
151 255 2
186 211 54
113 258 15
14 80 1
80 141 7
138 189 13
138 179 31
170 255 13
145 255 12
132 189 54
24 164 9
138 234 23
127 163 10
4 71 1
179 233 5
132 192 9
48 49 16
179 239 6
162 213 1
68 74 20
75 166 16
18 238 1
66 114 19
90 129 8
143 152 4
163 186 183
4 7 3
138 202 12
14 67 1
82 249 6
52 189 3
74 237 32
97 112 5
188 232 4
91 161 2
33 236 4
114 151 26
140 152 4
136 152 2
48 223 36
116 186 23
83 87 2
74 159 13
75 112 2
148 225 34
24 24 12
162 230 346
50 89 6
43 144 9
14 137 5
50 189 3
162 223 24
161 223 25
66 137 19
50 200 1
179 260 2
42 141 12
45 261 9
25 170 8
161 255 25
239 255 5
34 145 1
7 145 25
137 191 1
143 186 50
100 141 55
100 234 122
68 112 15
4 164 38
146 163 20
85 89 2
85 181 1
194 236 1
26 132 22
48 56 7
61 190 1
102 161 2
97 249 29
170 226 31
198 231 5
4 195 1
4 132 19
48 92 1
17 48 9
163 255 12
62 234 5
93 232 3
7 132 69
77 132 9
74 233 15
211 224 8
100 138 27
51 246 1
50 263 35
53 263 1
88 88 11
48 217 2
127 161 2
75 81 3
61 125 1
24 246 9
147 229 2
45 234 22
232 237 4
144 256 33
141 196 5
13 80 5
144 186 60
48 61 17
114 163 92
39 132 52
132 157 24
50 127 5
48 232 26
4 189 3
89 189 2
37 164 14
161 232 30
40 158 9
231 232 37
75 90 21
50 224 5
100 246 93
131 234 1
138 243 18
114 166 16
249 256 59
113 155 1
70 186 3
158 163 82
125 137 9
47 168 1
100 113 41
68 100 166
151 224 1
125 262 3
170 197 1
41 49 1
132 132 254
132 233 44
132 162 93
42 100 26
68 95 5
97 195 2
81 116 1
163 185 1
88 262 5
37 161 6
100 142 81
37 112 7
243 246 9
4 236 15
94 116 1
243 262 2
181 261 12
100 229 73
186 244 33
17 114 15
167 169 1
169 235 1
26 161 1
97 158 9
42 127 3
129 186 8
25 249 38
41 185 1
261 262 9
13 45 15
90 181 15
83 138 12
148 198 13
259 263 2
102 113 1
143 163 89
70 161 3
79 134 2
68 179 5
50 164 110
25 137 8
82 211 8
132 243 29
69 168 5
244 247 2
142 220 3
48 182 4
107 129 8
53 132 9
132 142 87
97 145 2
162 181 15
14 233 7
179 255 1
137 243 5
92 132 36
66 132 22
80 261 6
129 148 18
102 186 1
66 146 1
134 145 1
202 234 2
93 236 2
141 202 2
64 132 17
100 137 83
13 163 24
25 142 8
141 213 2
132 177 19
43 159 1
133 209 1
141 256 7
74 243 5
220 263 1
233 246 33
51 263 1
42 140 11
65 142 2
48 197 2
33 68 26
158 224 18
243 244 23
229 261 11
20 152 1
126 263 1
40 181 15
50 65 1
186 236 54
45 113 20
228 237 2
161 230 362
37 163 4
48 247 5
97 141 6
146 249 11
25 231 18
144 146 6
116 230 52
74 116 27
95 258 1
138 239 70
151 230 87
138 257 8
97 132 58
127 247 2
132 236 88
220 237 2
48 138 85
132 168 8
224 230 31
132 261 33
138 244 32
100 262 27
132 138 35
100 230 357
162 202 8
181 209 7
141 260 15
100 231 38
145 186 20
26 137 2
114 243 9
163 230 330
114 230 203
132 254 7
100 226 20
37 234 24
50 230 219
7 158 9
132 137 48
135 237 14
132 134 29
215 236 1
107 138 62
45 188 5
90 138 30
13 138 12
152 162 3
132 229 74
66 230 5
29 263 1
49 49 8
132 230 155
132 173 15
132 263 101
132 246 45
137 258 4
100 100 57
107 132 78
230 255 31
158 223 8
50 100 76
138 233 57
106 138 3
40 106 3
40 61 3
107 241 4
81 100 1
61 61 18
212 230 2
100 140 31
41 100 15
36 138 23
28 148 7
35 138 4
132 149 12
138 248 3
82 230 18
18 162 1
229 230 220
56 79 15
138 263 69
100 116 19
138 223 54
97 138 13
188 211 8
162 188 5
48 230 680
28 138 10
137 193 19
170 230 312
100 211 25
112 163 10
138 230 103
79 100 112
168 263 14
137 217 6
61 100 15
132 148 66
144 260 4
13 132 40
186 230 499
230 238 173
45 230 22
7 138 71
100 135 1
18 138 6
132 151 47
14 106 2
168 238 10
132 262 78
3 163 2
48 132 123
164 188 14
74 194 2
114 138 14
68 230 387
230 260 41
260 263 7
132 239 77
132 225 49
7 74 5
238 260 7
230 239 304
106 257 4
90 244 21
48 235 6
43 230 63
45 49 5
34 49 3
186 215 3
211 211 36
37 107 6
134 234 5
124 132 21
4 230 40
41 230 106
138 173 8
55 68 1
79 230 294
216 226 6
230 236 119
91 138 6
24 162 6
242 244 1
32 236 1
32 32 2
88 107 26
7 137 16
161 168 5
145 260 8
69 263 6
82 138 24
209 230 26
140 230 82
79 132 109
132 179 28
230 230 293
138 163 70
100 163 158
75 132 56
138 256 32
76 137 1
132 180 16
53 138 7
226 230 54
87 228 3
138 255 26
203 216 1
3 132 3
230 246 157
211 230 56
4 88 25
236 248 1
42 230 52
25 62 5
17 188 2
107 230 194
42 68 36
75 100 26
158 220 1
127 236 4
113 129 10
90 132 70
132 256 67
7 186 33
132 161 52
7 146 48
82 132 55
36 100 9
132 144 38
37 82 1
132 160 10
77 100 2
85 132 15
138 193 5
138 175 4
48 213 5
155 161 2
138 237 38
74 127 5
26 144 1
20 94 1
142 155 1
90 146 5
74 100 23
125 230 35
65 227 3
230 233 161
61 87 10
100 152 8
39 142 3
56 146 4
142 230 301
230 244 61
80 138 25
7 114 43
100 238 51
37 170 11
143 257 1
132 232 35
132 163 93
75 233 14
166 230 31
37 61 3
141 230 175
132 257 21
79 198 16
145 162 95
62 132 27
80 198 4
168 239 15
56 230 4
24 100 10
40 186 8
230 237 145
232 232 18
236 261 4
231 255 29
190 230 3
88 158 19
166 200 1
198 224 1
42 132 37
76 138 9
4 74 7
82 233 3
138 225 12
37 145 4
148 189 26
49 161 10
225 231 7
248 249 2
125 132 29
132 226 60
138 181 43
132 244 25
138 196 14
132 196 26
7 100 32
75 168 13
129 249 14
9 138 4
74 87 3
88 100 12
4 142 12
45 163 6
52 230 10
22 55 1
64 138 4
106 132 18
140 227 2
74 230 62
65 186 7
87 93 2
90 162 70
10 170 2
185 186 1
230 263 147
75 230 63
79 189 30
230 243 66
50 132 33
25 166 2
51 229 3
115 216 1
165 233 2
127 239 15
230 261 39
61 62 3
42 168 11
230 249 262
138 186 25
230 259 5
212 229 1
133 133 3
132 143 52
100 129 9
132 194 6
48 94 1
157 170 5
138 231 36
158 255 19
100 236 32
40 138 14
75 159 5
24 230 30
119 138 3
70 230 3
132 146 21
138 139 2
100 166 12
186 188 17
132 133 9
114 129 15
14 132 33
217 237 3
82 232 3
4 82 3
88 255 5
37 232 9
69 230 13
82 196 1
158 230 121
194 243 1
17 186 8
74 186 18
115 132 2
68 248 6
65 132 35
164 213 4
51 138 6
41 218 1
48 82 41
107 209 33
144 230 75
80 129 1
65 181 11
41 170 25
78 138 4
80 249 38
181 231 43
4 138 16
132 201 9
47 238 1
189 209 5
107 126 1
138 162 75
34 79 1
50 106 2
17 37 14
34 132 2
186 260 7
4 91 1
132 165 19
68 168 24
68 129 3
63 138 2
138 160 6
88 132 7
170 256 13
152 230 20
25 138 18
132 237 64
170 213 2
140 247 3
249 255 60
138 166 34
45 211 16
113 256 16
258 258 2
145 230 57
132 220 13
17 49 4
132 155 16
132 186 55
24 249 14
42 246 16
61 68 8
146 229 20
45 233 7
75 119 10
144 262 20
48 145 46
186 209 12
25 25 15
164 256 24
134 230 10
68 254 3
41 132 41
25 144 13
112 140 5
230 262 94
82 145 7
41 234 28
100 188 18
135 192 1
220 233 3
79 157 7
3 262 1
179 238 4
170 244 9
42 249 30
40 50 5
37 162 4
90 215 1
163 261 16
41 93 1
90 224 27
132 215 31
83 148 7
7 48 88
65 230 16
43 200 1
13 100 16
69 229 2
247 247 6
138 249 34
223 229 21
1 231 1
97 237 2
118 206 1
7 246 14
66 79 21
223 230 45
49 261 7
116 233 1
87 188 4
90 256 12
82 163 9
162 193 1
29 132 9
146 255 4
161 182 1
37 231 8
65 69 1
1 1 4
148 227 5
68 116 44
87 230 69
62 138 10
75 143 11
113 188 8
234 244 14
100 114 78
220 230 13
129 236 3
181 230 35
138 217 18
145 158 11
181 197 1
169 211 1
35 132 10
152 243 11
138 198 10
36 231 8
148 217 8
49 144 12
138 144 15
129 234 11
45 181 14
7 230 120
125 179 1
100 223 15
25 230 27
152 263 10
48 224 21
143 203 3
82 173 6
83 237 7
164 189 8
223 233 14
1 186 3
16 161 1
138 158 14
97 179 1
164 260 19
42 51 2
162 227 2
97 232 5
107 123 1
70 223 1
71 138 4
83 260 6
107 223 13
146 233 12
232 236 5
196 216 1
65 66 6
83 164 4
25 80 1
138 232 16
17 246 5
68 78 5
50 74 9
65 100 5
132 241 6
161 225 2
186 243 14
140 159 1
116 116 24
78 132 3
32 132 5
145 246 10
138 252 10
132 208 10
90 258 1
112 230 29
116 261 3
40 114 13
33 230 33
145 173 2
13 165 1
129 233 8
137 230 93
160 229 9
132 222 10
222 222 1
55 132 3
116 247 3
45 75 3
151 168 7
107 226 17
45 97 7
76 181 1
42 113 10
80 114 44
89 107 8
10 87 1
95 260 2
161 259 3
20 238 1
148 230 152
229 260 9
132 247 8
225 234 14
179 246 5
45 140 5
112 162 19
186 245 1
189 255 5
67 246 1
140 147 4
164 225 3
148 243 9
146 230 32
37 230 10
132 198 41
47 69 2
157 234 1
112 263 8
25 114 17
28 263 1
132 150 7
24 194 1
138 138 44
48 188 6
138 170 48
75 179 2
17 113 18
112 236 5
132 182 3
97 134 3
47 138 2
45 226 1
217 231 3
61 225 16
56 170 7
166 168 6
132 223 48
194 244 1
114 167 4
41 261 5
143 230 167
138 224 21
100 132 42
160 161 11
48 128 2
132 260 22
43 138 13
132 203 33
95 230 23
112 148 74
25 90 12
137 261 13
211 256 22
186 228 3
160 260 1
28 141 10
138 146 22
162 260 20
249 260 8
163 223 25
45 145 3
7 42 2
36 256 11
74 164 37
51 162 3
127 186 8
230 235 7
231 243 10
100 224 19
188 249 9
138 208 5
7 68 40
61 137 5
88 97 5
79 160 1
164 167 3
109 261 1
100 125 18
169 263 5
214 233 1
236 260 4
225 232 6
88 239 5
17 79 51
20 158 1
129 140 7
61 141 2
67 234 4
228 249 13
226 233 10
140 261 9
87 223 5
17 137 23
158 256 27
33 234 25
56 138 11
48 133 4
28 163 2
36 140 6
129 209 4
17 249 13
17 161 12
217 217 7
100 256 19
130 162 2
141 160 11
4 89 2
113 230 98
125 200 2
22 164 7
141 226 26
48 157 7
88 148 50
116 136 1
186 226 11
116 234 21
100 237 43
49 61 10
95 142 5
129 129 32
119 151 2
45 209 12
107 260 11
234 255 32
165 263 1
169 236 2
69 163 14
92 163 7
132 227 9
188 246 3
100 173 4
209 256 4
100 158 57
36 80 8
95 166 1
17 217 7
56 249 4
112 161 20
170 223 18
88 125 10
1 163 2
41 159 8
40 195 7
90 98 1
261 263 17
77 138 4
38 138 1
152 186 9
36 137 3
31 132 1
254 254 3
102 132 11
173 237 5
116 120 2
97 234 21
90 230 192
14 181 3
100 263 50
4 36 3
48 225 5
146 209 1
17 107 22
131 138 6
36 112 1
121 132 12
62 186 5
1 68 1
158 168 2
134 163 2
81 132 3
75 126 4
100 145 17
63 132 24
168 231 2
68 252 2
41 235 2
56 132 28
209 232 16
75 209 4
37 129 1
61 231 16
14 231 10
163 197 1
69 132 9
83 132 7
113 228 5
130 138 11
226 255 10
97 225 18
56 164 5
129 146 9
132 228 16
17 256 9
42 247 5
48 83 10
68 260 6
186 210 1
93 161 1
161 169 3
149 149 1
61 189 5
25 49 10
127 230 10
132 183 2
10 50 1
98 107 1
158 181 13
127 229 4
14 79 23
43 132 25
36 237 3
43 100 23
83 142 2
17 88 3
102 141 4
107 163 89
52 161 6
79 206 1
87 106 5
132 206 1
136 138 2
22 234 7
65 257 2
61 236 1
198 233 4
21 142 1
82 237 9
14 189 1
95 164 8
132 158 38
14 25 1
68 196 1
97 97 12
83 263 4
68 89 9
40 188 3
188 231 5
152 163 15
100 151 29
25 164 9
17 230 14
211 243 2
68 135 1
118 132 2
119 162 1
66 148 20
127 249 5
230 232 34
45 177 2
170 193 3
16 64 3
89 142 4
213 234 2
61 144 8
226 234 28
95 197 3
3 48 1
43 179 3
144 152 5
33 87 15
134 186 1
43 211 6
16 138 5
67 256 1
144 243 2
40 113 10
179 181 1
24 211 3
112 144 17
163 260 28
125 232 15
67 79 3
4 255 14
60 243 1
162 247 4
41 168 8
65 95 1
17 36 3
168 230 11
160 258 1
90 223 5
49 189 1
37 246 4
33 195 2
90 228 4
25 97 14
223 231 6
75 241 3
228 233 8
82 82 7
61 261 8
239 256 4
79 127 6
37 90 15
114 210 1
41 211 8
100 146 6
141 209 10
164 173 10
61 230 9
152 161 9
174 262 5
106 125 5
52 246 4
49 249 33
49 79 43
41 213 2
38 170 1
74 254 3
170 243 9
33 90 14
79 213 2
161 202 9
33 45 11
100 244 14
45 244 4
76 229 1
97 163 5
209 261 14
148 179 9
112 160 1
52 148 10
74 179 1
42 163 32
51 132 6
145 231 6
145 170 38
4 66 3
142 202 4
80 163 4
34 249 4
151 186 21
173 226 4
41 126 2
37 79 48
137 202 2
34 65 2
7 134 1
79 152 3
134 233 3
158 225 1
83 140 1
173 255 1
80 230 13
40 161 6
148 168 2
179 230 16
141 198 5
232 262 7
20 48 1
132 185 6
163 165 1
22 239 1
50 73 1
112 145 10
137 149 1
162 244 26
19 19 1
37 48 7
145 193 11
163 171 7
42 255 6
37 88 5
82 162 14
224 238 3
36 88 3
10 95 1
182 218 7
40 262 1
87 165 2
40 79 20
66 186 4
74 148 10
130 205 1
66 113 7
37 37 12
113 138 24
188 230 12
24 261 2
74 112 1
67 114 5
12 65 1
79 106 7
4 50 9
248 263 3
49 230 14
40 148 18
50 227 6
144 181 21
223 236 8
127 263 5
113 244 37
75 186 24
74 170 35
140 202 2
107 127 2
161 248 1
215 229 1
170 242 1
223 247 1
114 173 2
179 186 5
79 91 2
54 114 2
79 241 3
120 237 2
42 50 7
129 232 3
141 212 3
24 141 5
41 209 2
97 137 16
89 100 7
170 247 4
137 209 14
198 209 2
74 232 4
140 144 19
127 142 9
49 255 10
168 234 2
146 237 6
128 153 1
177 231 3
87 129 4
80 90 13
170 173 2
76 186 6
100 144 24
228 255 3
164 190 5
164 244 12
89 158 1
164 166 11
89 164 9
87 238 8
7 90 23
41 129 1
59 246 2
116 231 12
14 143 1
143 232 4
82 90 4
152 247 2
152 234 8
112 137 8
51 230 11
223 261 2
39 138 4
25 75 1
195 211 3
54 90 4
16 230 3
13 137 14
33 237 7
157 226 6
60 137 1
74 246 6
89 249 13
89 186 7
125 162 11
159 236 2
82 107 3
91 229 4
37 100 5
95 100 4
79 146 14
249 257 7
112 170 14
132 174 7
138 190 1
198 249 7
42 169 1
136 247 1
166 167 1
138 210 2
68 235 2
114 195 2
107 188 7
49 170 5
55 249 2
106 113 5
85 148 3
39 233 1
14 162 3
112 158 9
164 168 8
25 87 6
72 107 1
239 260 4
138 188 17
48 89 7
41 231 6
158 165 1
48 260 20
62 85 3
138 261 22
61 246 2
141 248 2
14 230 9
143 146 12
78 142 1
97 164 14
163 247 4
25 263 4
89 89 4
45 189 6
243 243 17
173 232 1
17 164 5
62 231 2
52 141 2
132 209 27
147 164 2
62 68 5
14 48 13
188 234 3
112 179 2
116 168 3
148 155 1
119 249 2
140 194 2
211 244 5
205 230 1
70 132 15
170 225 4
68 225 4
136 237 3
186 232 28
133 239 1
173 231 2
202 237 1
66 165 1
12 87 4
80 164 13
163 181 15
4 97 4
148 160 2
128 163 3
95 107 6
85 106 1
136 148 2
71 186 1
148 173 4
79 147 3
32 147 1
4 238 12
186 216 1
82 146 2
66 144 12
37 211 9
186 202 3
129 141 28
88 141 17
83 230 19
158 166 10
17 144 7
188 237 1
114 177 3
93 229 3
188 233 3
97 261 5
125 125 23
174 239 2
89 97 14
49 141 1
18 159 1
43 260 2
133 164 3
146 179 16
45 68 29
75 194 3
256 256 16
191 234 1
90 97 9
83 158 3
135 170 4
107 134 1
13 166 2
163 242 2
120 230 2
69 69 5
163 173 3
47 236 1
112 228 1
123 132 20
151 153 1
25 100 6
141 174 2
45 166 1
188 261 2
69 114 2
249 251 1
114 244 14
119 132 4
209 263 7
28 244 1
24 113 6
10 10 4
18 249 2
70 138 26
79 188 14
129 230 43
83 162 9
145 151 4
61 148 33
65 228 2
36 211 5
79 257 13
142 200 5
167 238 1
141 194 1
61 106 2
189 225 3
79 83 8
38 132 14
61 186 10
132 250 7
90 177 5
176 230 1
66 141 2
41 167 1
52 132 30
69 142 1
68 256 5
138 247 2
89 112 1
83 163 7
225 225 3
162 243 3
36 158 6
10 219 2
24 158 5
73 138 3
219 262 1
48 228 7
95 135 1
17 255 11
152 231 7
40 144 10
220 232 1
48 54 4
36 161 1
17 170 7
56 90 2
161 243 15
141 200 2
144 179 5
45 74 4
48 60 9
68 177 3
106 106 5
145 160 2
140 220 1
181 224 4
78 246 2
181 189 15
43 209 2
49 211 6
75 246 11
114 190 3
130 226 10
116 161 21
148 220 2
83 234 1
4 237 11
36 68 8
17 66 1
179 211 1
62 181 7
48 220 8
113 145 9
50 133 1
148 151 28
22 148 5
25 246 5
24 233 3
37 228 2
83 226 8
65 239 3
80 137 14
25 158 9
186 201 1
95 229 10
65 88 9
213 250 4
50 226 6
42 144 8
49 106 2
76 164 1
113 126 1
28 161 3
162 175 1
25 33 13
137 257 3
228 232 2
56 226 3
51 166 1
97 230 23
125 225 1
4 145 3
140 189 1
16 171 1
74 185 3
13 230 32
28 95 1
114 223 10
134 134 5
134 197 2
56 237 1
159 170 3
107 160 2
31 141 2
17 232 9
114 116 15
90 127 2
25 232 9
129 244 1
82 135 1
129 256 2
65 224 2
180 226 1
79 95 6
202 230 4
100 243 10
90 198 2
33 50 4
45 255 5
212 237 7
25 45 6
209 229 9
230 257 7
82 216 1
42 61 2
89 114 6
191 225 2
97 162 11
87 189 1
54 249 3
65 141 4
67 88 1
54 230 4
127 166 5
13 25 2
82 164 10
100 220 2
173 209 7
73 140 1
163 179 12
17 17 7
33 106 1
52 186 4
7 173 4
40 88 16
164 223 21
235 235 2
148 157 4
227 257 1
48 97 12
196 230 9
213 233 1
141 254 1
72 100 1
7 209 3
132 152 9
138 174 2
152 246 4
10 238 3
133 231 5
106 230 5
74 226 4
24 186 10
92 145 1
162 179 11
66 181 4
22 139 1
49 87 7
68 166 18
82 140 3
97 246 4
132 212 5
114 220 3
68 213 1
14 50 1
72 246 1
7 211 3
135 229 5
4 100 20
116 144 9
226 249 14
86 132 18
24 88 2
74 212 2
113 260 2
43 171 1
17 233 3
29 163 1
25 234 13
100 112 18
147 167 1
66 261 4
89 232 3
129 231 6
88 230 24
49 239 1
37 130 3
56 260 4
141 159 3
37 146 3
21 249 1
79 166 29
17 231 11
223 262 2
32 162 2
52 97 2
9 132 5
96 145 1
36 255 13
81 230 1
163 232 13
123 230 2
42 69 4
124 178 1
146 260 6
136 163 2
182 263 1
40 100 3
168 247 3
148 228 7
119 141 1
7 144 9
7 36 1
62 100 1
89 230 6
198 198 1
61 232 3
102 148 1
209 239 2
113 226 1
66 232 3
54 164 1
138 150 4
224 261 8
66 97 2
90 200 1
82 170 4
33 80 6
112 198 3
79 133 6
40 68 7
230 256 17
100 127 9
88 163 5
95 205 1
40 255 6
62 114 6
85 234 1
65 211 6
97 114 17
42 88 4
163 227 4
116 218 1
106 148 6
146 231 2
151 193 2
43 83 2
65 65 7
40 190 1
235 246 9
220 244 1
33 261 7
14 138 8
67 113 1
181 188 4
209 244 2
88 138 6
159 167 1
77 205 3
112 229 14
162 255 12
41 228 1
62 249 7
160 163 5
181 195 4
4 17 2
42 233 5
89 237 2
101 101 1
17 225 7
33 164 18
74 193 2
19 68 1
127 233 9
179 256 4
75 158 15
95 249 5
52 68 6
102 163 4
4 239 11
14 158 5
4 125 10
112 217 2
77 168 1
91 188 9
60 161 1
67 90 2
116 236 8
133 148 5
14 210 1
37 137 4
132 248 7
80 158 12
128 132 1
12 158 4
48 173 3
145 146 8
132 217 7
28 170 6
95 158 2
158 177 2
100 235 3
181 228 8
212 262 1
41 262 7
54 79 8
88 226 4
81 151 2
13 181 5
138 201 2
4 198 2
83 186 2
24 168 3
36 164 6
92 93 1
7 97 3
49 113 8
165 165 2
165 210 1
188 256 4
138 185 1
130 145 1
118 158 1
43 223 3
50 112 7
170 248 1
132 213 9
198 226 4
88 243 4
79 89 15
65 83 1
69 113 2
79 190 3
41 97 2
127 158 3
72 87 1
158 189 5
10 261 1
37 47 1
75 180 1
61 256 6
28 146 1
33 163 11
136 239 2
13 24 2
75 200 4
137 188 2
151 158 11
87 226 2
66 211 8
12 162 1
148 205 1
65 129 2
19 132 13
138 164 45
69 161 11
113 189 8
82 142 8
163 209 4
47 167 1
83 161 2
53 90 1
138 250 1
107 247 1
87 244 4
132 169 7
25 106 2
7 25 1
144 228 1
10 41 3
61 223 2
189 231 14
37 186 7
127 140 3
117 230 1
42 159 3
8 90 1
1 132 2
162 198 4
138 215 4
74 223 3
106 114 5
56 231 2
69 138 5
102 138 7
18 74 6
75 231 7
133 141 2
246 260 2
82 148 7
100 167 6
107 130 2
36 107 5
33 255 7
114 198 1
141 185 1
4 25 5
168 254 1
127 132 17
54 138 3
144 198 5
136 238 1
107 169 1
52 138 11
157 260 4
166 186 15
140 168 8
161 189 3
221 230 1
14 100 2
13 61 3
73 132 3
133 145 1
40 143 5
135 138 15
65 225 5
67 68 5
82 263 11
193 236 2
233 256 3
66 225 1
179 234 7
137 225 5
143 235 6
145 216 4
164 185 2
138 197 11
95 186 3
95 148 7
142 226 10
88 189 7
145 171 1
186 220 1
37 225 6
80 100 7
149 163 1
33 143 1
180 216 2
171 230 2
78 163 1
41 225 1
132 166 48
24 50 5
68 259 5
136 230 4
46 132 1
69 186 3
141 169 5
48 122 1
90 168 7
161 257 4
100 181 16
137 147 4
50 157 2
4 194 3
52 249 5
138 171 7
138 241 1
126 132 2
54 132 11
125 138 11
22 79 4
152 158 2
82 143 2
90 157 2
186 198 2
41 247 2
7 87 6
125 146 2
14 186 11
145 233 15
61 117 1
121 215 1
10 138 8
56 144 2
61 234 14
126 161 2
189 230 8
41 47 3
88 155 2
56 82 5
75 247 2
66 234 6
10 161 3
223 223 13
94 162 2
94 232 2
216 216 1
114 133 3
40 261 5
188 254 1
29 142 2
72 249 2
68 241 1
18 241 1
228 230 10
28 48 3
93 249 2
217 249 2
89 170 1
163 202 2
130 130 3
98 132 4
75 147 1
117 138 2
8 48 1
93 239 2
60 116 1
14 148 11
113 243 13
35 42 1
132 210 9
56 68 1
47 237 2
138 194 2
49 158 7
89 91 1
106 144 3
120 244 2
114 257 4
198 229 7
147 230 5
41 223 4
80 258 1
77 148 2
113 202 3
158 226 6
74 152 11
3 223 1
148 195 5
68 80 6
138 259 3
138 159 3
22 140 1
36 163 4
120 132 2
52 163 5
42 209 2
17 145 1
17 229 2
80 92 1
56 141 2
7 57 1
108 231 2
179 202 2
113 193 2
4 127 2
49 90 17
134 263 1
134 142 3
36 74 1
33 165 1
48 198 5
209 238 3
7 113 14
188 189 7
132 193 6
43 116 4
106 228 2
18 262 2
69 235 2
100 165 3
90 260 4
146 246 4
14 161 4
70 170 1
7 181 2
57 263 1
61 263 1
66 163 7
50 219 1
91 261 1
129 151 1
53 238 1
56 233 1
79 85 7
33 256 3
91 231 2
74 228 1
148 226 14
11 132 3
81 186 1
91 233 1
13 257 3
17 162 3
74 248 3
147 168 2
116 211 3
66 138 11
106 186 1
169 186 2
49 162 5
56 100 2
116 119 3
17 80 5
68 226 6
50 260 2
132 259 4
170 198 12
95 261 4
121 138 6
56 148 6
48 102 1
120 143 1
79 173 1
158 197 1
79 228 12
151 240 1
63 79 1
93 140 2
41 194 1
119 261 4
174 186 2
164 215 1
114 228 6
74 120 1
87 100 23
68 83 2
152 236 5
138 220 10
74 234 19
70 70 5
7 213 1
40 233 4
76 217 1
52 158 2
119 230 2
48 171 2
209 237 7
143 188 1
24 247 6
13 129 17
26 140 5
96 132 2
138 191 6
166 182 1
10 128 1
28 243 2
87 145 9
49 186 8
70 163 1
146 239 1
131 141 4
138 149 2
41 147 2
87 151 3
68 228 3
138 205 1
40 229 6
161 256 11
27 132 1
132 235 10
97 177 2
212 249 2
138 169 3
78 238 1
107 136 2
61 237 1
48 62 4
89 106 2
69 237 3
142 169 1
136 137 4
114 227 3
159 163 1
189 211 3
138 258 4
75 223 9
152 237 7
12 88 3
100 241 2
76 241 1
52 162 3
143 211 11
160 162 4
152 153 1
95 163 6
61 211 4
80 229 12
138 242 1
45 123 1
162 257 2
35 177 1
127 262 4
93 146 1
54 211 1
168 226 3
138 177 3
226 261 2
25 195 5
62 211 1
77 77 1
85 231 1
88 220 2
189 237 2
36 113 8
17 95 1
166 234 17
79 260 8
127 162 4
138 235 3
13 75 3
13 52 4
238 250 2
140 217 1
82 83 3
161 173 5
169 232 1
47 159 1
170 228 3
223 246 6
25 82 1
80 88 2
170 257 3
71 88 3
229 256 9
45 132 9
141 243 2
117 132 5
138 167 3
65 144 12
241 246 2
90 257 3
68 98 1
186 189 5
40 232 4
55 97 1
95 237 6
49 231 14
32 230 2
114 202 4
45 256 9
52 88 2
88 129 2
168 243 2
74 135 1
125 257 1
212 236 7
95 162 26
69 127 1
7 125 2
33 125 8
54 125 2
11 231 1
92 170 3
46 138 2
24 107 8
13 238 5
21 88 2
164 235 3
45 263 9
79 258 8
17 125 6
130 164 1
45 88 5
114 188 9
69 74 3
163 228 3
45 106 1
41 193 3
132 136 4
173 234 4
209 243 1
66 161 3
63 137 1
174 174 1
100 261 15
95 211 5
169 238 2
93 238 2
133 234 3
163 243 15
47 186 1
52 90 5
88 146 1
213 236 6
97 186 10
134 162 3
28 68 2
75 213 2
234 243 6
159 186 3
83 145 3
74 126 4
52 181 9
118 231 1
52 100 4
148 260 7
213 213 2
181 257 4
162 235 3
161 188 4
26 48 1
65 233 7
61 65 2
161 227 1
1 138 2
82 116 2
168 168 5
41 254 2
100 225 2
97 144 22
42 179 1
61 163 6
82 160 3
163 169 2
92 237 3
100 260 8
65 87 9
61 164 9
77 237 2
45 85 1
51 236 1
10 162 1
138 209 13
209 255 4
86 138 2
45 235 1
25 54 4
68 189 10
88 196 2
160 233 2
62 88 2
146 219 3
13 66 5
133 138 5
107 189 8
142 168 8
65 163 6
66 140 5
195 249 2
125 223 1
142 193 1
18 113 3
64 161 1
260 261 1
140 228 1
186 225 5
191 246 1
138 213 2
133 263 1
162 250 1
40 256 4
213 224 1
49 164 12
100 257 1
42 107 7
68 133 2
4 43 5
193 237 5
24 234 14
48 93 2
170 189 6
80 238 2
108 234 1
4 33 3
24 170 7
119 247 1
236 243 6
49 70 1
106 209 7
89 148 21
162 212 3
200 230 4
50 248 1
138 246 11
40 137 2
152 164 9
138 254 3
256 262 5
65 232 8
45 195 1
45 62 3
179 261 1
62 140 1
60 132 5
134 164 1
62 233 1
36 230 14
232 235 1
18 234 5
13 65 5
170 175 1
192 237 2
164 227 1
108 233 2
9 79 1
233 261 4
107 168 9
41 216 2
97 125 4
49 68 8
26 138 12
72 97 1
48 136 4
61 112 5
120 142 2
88 106 3
4 228 2
114 260 1
145 261 5
142 159 2
37 229 2
234 257 4
243 261 3
211 223 1
69 233 2
113 152 7
4 227 1
61 97 11
82 238 2
100 136 1
40 87 7
88 244 3
31 41 1
14 227 2
39 188 2
90 173 2
7 168 1
140 153 1
132 187 1
88 225 1
45 64 1
68 139 1
21 162 2
249 254 1
36 37 9
256 261 7
170 254 1
116 174 1
164 228 6
107 149 3
79 82 9
102 230 3
186 212 1
43 125 4
138 165 4
119 142 4
151 208 1
7 20 1
146 223 7
195 261 1
168 209 2
143 223 6
75 134 1
57 138 1
65 145 1
196 246 1
140 260 5
181 229 6
78 234 2
100 189 3
134 161 11
36 170 3
4 112 8
143 200 1
36 160 1
132 245 1
125 243 2
100 157 2
13 93 3
20 162 3
7 198 3
39 74 2
114 179 4
138 219 2
91 186 1
165 249 3
75 169 2
164 248 1
14 114 11
146 158 5
167 170 1
61 177 5
138 240 1
37 209 2
45 138 4
236 255 4
234 250 2
153 186 1
143 153 2
18 240 1
7 139 1
162 197 3
68 91 1
17 97 6
42 248 1
36 186 4
83 112 2
21 114 2
27 124 1
132 214 1
49 246 6
163 212 2
240 244 2
216 237 1
237 256 4
50 128 1
244 255 1
112 142 3
127 237 4
254 263 1
17 209 2
88 89 5
90 225 10
161 191 1
70 183 1
54 238 1
140 167 5
100 196 6
65 196 1
4 49 4
123 163 1
146 256 2
87 116 2
80 144 24
12 177 1
48 126 2
97 209 3
54 231 5
163 220 3
95 231 7
170 172 2
11 186 1
40 107 6
189 246 1
148 149 2
48 95 6
200 231 1
28 232 1
113 218 1
152 168 2
70 247 1
213 247 1
74 224 2
65 164 10
47 239 1
42 45 2
144 202 1
74 213 1
22 186 3
19 237 1
90 226 9
75 185 1
142 198 1
74 145 4
142 179 5
255 261 2
18 18 1
142 189 1
19 48 1
41 88 5
33 181 6
66 66 4
58 68 1
61 143 3
39 238 1
40 164 5
48 55 1
88 227 1
48 70 2
14 125 1
13 106 2
95 145 5
52 61 4
186 204 1
35 148 2
87 159 1
45 54 3
137 168 1
106 246 2
161 165 2
189 229 1
73 170 1
36 249 12
230 241 4
13 26 1
54 162 1
54 54 1
76 140 3
140 190 2
67 132 6
106 142 1
112 257 1
18 45 1
28 249 3
25 141 5
113 217 2
163 251 1
41 87 3
26 246 1
135 166 2
36 90 7
68 123 1
66 170 4
49 125 5
82 186 5
21 230 2
39 87 1
45 224 5
90 188 6
20 185 1
33 144 14
225 230 10
112 225 5
37 198 3
36 238 1
54 161 1
79 217 4
74 144 6
161 198 3
50 196 1
112 239 2
148 190 1
61 209 4
22 68 1
50 209 2
114 191 1
153 158 1
68 121 1
17 224 1
14 163 4
237 252 2
144 227 3
62 148 3
48 72 3
4 61 3
198 230 6
60 74 1
11 246 1
17 50 2
13 250 1
107 225 3
22 162 2
106 231 5
162 189 5
26 234 1
109 114 1
100 155 1
161 201 4
76 222 1
170 196 2
82 137 1
37 158 6
113 198 1
177 249 2
132 171 13
56 70 1
112 237 7
94 132 2
118 186 1
66 68 3
1 161 1
125 224 6
82 223 2
129 211 4
162 220 2
61 216 1
151 213 1
71 148 1
208 208 2
24 161 8
179 193 5
18 141 5
127 148 6
152 249 8
126 126 1
45 237 6
162 169 3
74 158 8
17 45 4
61 228 3
25 39 1
215 230 3
10 67 1
33 97 9
207 225 1
126 159 1
107 128 2
65 137 7
152 212 1
78 162 2
17 141 1
7 70 6
148 213 1
148 257 10
60 163 2
92 233 3
39 235 1
5 144 1
66 142 3
37 189 2
159 234 2
174 200 1
82 87 2
92 162 4
49 112 2
107 257 3
161 220 1
21 148 2
136 234 1
121 164 2
132 190 4
73 186 1
56 234 3
25 35 2
16 238 1
25 42 2
167 239 2
162 196 3
107 212 1
75 87 4
227 261 2
237 261 6
45 254 1
144 225 9
144 177 3
106 162 1
83 232 1
219 226 6
79 92 3
142 208 1
133 249 2
15 65 1
88 248 1
244 248 1
137 228 3
219 230 1
36 162 4
169 209 1
45 146 3
139 223 1
67 148 3
79 177 5
165 246 2
13 77 1
235 261 1
75 235 3
79 196 4
49 256 6
48 250 2
74 247 5
45 137 6
24 90 5
4 151 5
211 226 6
4 179 3
107 243 2
11 12 1
82 261 1
244 261 4
232 244 1
201 231 2
4 225 2
62 97 2
74 209 2
52 255 5
148 196 1
37 142 5
141 171 2
11 87 2
158 228 3
36 36 2
52 151 1
170 250 2
48 106 5
170 177 3
143 159 1
22 231 1
79 128 1
107 185 2
42 162 9
162 217 1
12 75 1
52 211 3
85 107 1
48 193 4
79 93 2
151 223 2
43 152 1
45 61 3
126 247 1
20 148 3
144 193 1
95 233 2
66 87 4
106 256 3
173 230 5
163 225 1
113 168 1
55 234 1
169 254 1
28 234 1
114 168 3
71 107 1
50 129 9
22 48 2
82 255 1
41 174 1
234 247 2
22 22 2
127 127 4
28 114 2
52 164 3
56 263 7
237 250 1
50 66 2
167 249 1
224 256 4
4 52 2
88 228 5
97 100 5
217 226 1
52 237 2
93 196 1
97 239 3
97 198 2
233 243 2
125 166 1
148 185 1
239 247 1
45 112 2
72 76 2
145 238 4
97 106 1
116 170 6
146 262 1
18 132 7
42 143 11
137 223 7
209 260 1
66 88 2
48 52 5
114 127 3
52 65 1
181 216 1
237 241 1
4 129 2
113 146 4
66 229 4
76 216 1
95 113 3
61 80 3
75 183 1
52 209 3
202 263 5
164 195 2
28 100 1
56 107 2
190 231 1
170 259 1
194 263 1
133 144 1
230 248 2
70 234 2
33 226 1
168 229 5
74 208 1
107 220 3
32 143 1
89 162 2
36 239 1
36 228 1
18 41 2
35 100 1
166 169 2
126 164 1
45 198 1
82 188 1
97 228 1
131 186 1
48 215 1
61 88 4
13 40 2
41 78 1
136 200 2
95 256 1
78 168 1
66 227 1
202 202 4
40 263 1
137 244 3
225 237 1
147 170 1
134 229 4
43 212 1
92 141 1
135 163 2
127 141 2
233 244 2
229 247 2
60 75 1
42 119 2
16 163 1
68 97 10
170 241 1
159 159 2
100 255 10
34 148 1
114 178 1
66 90 3
166 260 1
129 158 2
13 97 5
79 119 2
22 161 2
14 144 2
165 231 1
231 250 1
148 252 3
14 142 2
247 261 1
88 165 1
16 186 2
235 237 1
161 215 2
14 14 2
37 233 3
47 230 5
12 113 4
13 33 3
82 158 1
160 186 4
223 243 2
209 242 1
101 132 5
45 238 6
129 238 3
78 230 3
45 236 6
226 231 3
7 256 2
78 174 1
65 106 1
239 241 2
140 157 2
129 198 1
17 190 2
40 162 1
186 217 1
157 230 6
22 108 1
141 181 2
129 255 1
80 202 1
62 113 2
189 263 1
145 211 3
181 227 3
158 260 3
143 243 5
240 262 1
170 202 2
70 226 1
25 233 21
152 233 2
36 198 2
75 261 1
37 45 2
89 113 4
40 230 4
41 66 1
75 226 1
130 163 2
142 227 1
7 92 2
40 141 1
188 224 1
16 148 1
168 261 1
138 192 3
36 209 1
114 146 6
37 167 1
153 239 1
175 258 1
4 14 1
97 190 1
238 255 2
7 88 6
17 25 3
66 256 1
255 262 3
14 263 2
52 256 2
13 223 1
25 257 5
56 255 1
43 80 1
164 196 3
13 95 1
87 146 3
182 237 1
32 50 1
162 180 1
133 163 1
48 160 1
75 145 1
25 262 2
225 255 6
144 188 5
52 112 2
181 223 1
61 238 1
106 164 3
25 89 4
241 254 1
231 260 2
82 88 1
256 263 3
48 257 6
85 188 2
89 141 2
163 210 1
4 223 4
125 196 1
134 237 3
91 237 1
14 255 2
125 205 1
130 236 2
90 191 1
146 244 2
196 237 5
62 255 1
22 263 1
35 217 1
167 247 1
17 68 9
177 255 2
4 40 2
211 257 3
40 48 1
68 122 13
48 121 2
257 263 3
74 261 3
72 216 1
88 238 3
147 238 2
65 78 1
45 65 5
43 177 1
45 179 2
33 140 4
67 158 1
145 256 6
25 177 2
137 220 3
28 164 2
159 238 4
89 257 2
94 244 1
3 263 1
168 205 1
70 100 1
141 217 1
123 168 1
142 157 1
181 256 7
22 232 1
49 100 4
134 157 1
72 164 1
14 90 4
11 100 1
88 224 2
29 45 1
138 182 4
48 202 1
33 227 5
25 216 1
92 230 1
89 246 1
65 188 1
7 40 1
50 223 6
88 237 6
213 229 1
68 93 2
126 249 1
209 257 1
148 241 1
24 127 5
232 239 6
17 140 1
22 158 1
131 261 1
181 233 1
37 147 1
148 258 1
52 170 3
97 142 4
36 45 1
74 241 4
88 149 2
82 236 1
100 200 4
71 189 1
33 262 3
133 186 2
70 164 1
68 106 3
13 116 2
148 152 6
95 238 2
36 246 3
30 88 1
238 242 2
136 226 1
159 168 4
85 85 1
45 141 10
68 82 1
54 148 5
49 145 1
155 181 1
89 255 1
3 142 2
17 237 1
33 244 1
67 138 2
43 160 1
10 140 1
74 183 2
236 259 1
138 200 6
95 112 1
33 141 6
11 148 1
35 230 1
133 232 3
49 237 3
86 210 1
167 234 1
159 237 1
69 166 2
48 65 7
68 126 2
94 220 1
22 65 2
186 252 1
123 261 1
157 256 1
57 216 1
163 258 2
67 186 2
40 151 1
119 212 1
56 161 1
42 224 3
164 201 3
89 190 2
127 149 1
158 179 1
125 244 1
21 132 4
186 195 1
13 177 1
159 166 4
159 247 1
79 165 5
7 45 1
137 160 4
40 163 4
40 133 1
90 145 6
157 255 1
87 166 3
130 170 2
241 244 3
21 138 1
141 247 2
12 211 3
83 146 4
138 178 3
163 241 3
174 226 1
28 79 3
190 249 2
213 230 2
151 167 1
162 165 1
65 195 1
216 229 2
88 93 1
145 227 1
50 75 6
80 125 6
7 261 9
141 190 1
121 121 1
212 234 2
174 229 1
100 147 3
113 127 1
161 228 2
62 125 1
142 242 1
125 157 1
28 233 2
131 237 1
33 89 3
237 259 1
220 249 2
32 186 1
48 159 2
119 244 2
142 191 2
48 196 7
163 216 2
142 260 4
134 170 2
123 211 1
25 140 1
10 75 1
64 237 1
28 137 4
3 74 1
112 202 1
150 210 1
89 163 4
177 230 1
97 188 2
217 255 3
87 258 1
168 228 1
128 249 1
107 208 1
79 235 1
116 137 1
69 140 2
69 148 3
215 238 2
168 169 1
145 189 1
233 235 1
130 230 2
193 230 4
3 138 3
208 244 1
224 260 1
20 50 1
48 187 1
10 142 2
41 119 2
93 100 1
72 209 3
10 246 1
9 145 1
20 132 1
92 142 1
133 228 1
13 14 2
85 114 1
33 88 11
13 179 1
92 146 1
89 234 8
32 142 1
193 215 1
49 232 3
130 216 1
129 193 2
113 213 1
142 225 2
87 89 1
138 203 2
95 193 3
29 234 1
13 74 3
61 145 1
145 217 1
197 231 2
70 162 2
130 249 1
106 211 1
68 136 1
141 241 2
144 226 1
67 230 3
67 85 1
189 239 2
25 163 5
150 230 1
113 195 1
79 254 2
140 146 6
95 140 2
139 193 1
7 243 1
135 162 3
112 261 3
143 196 1
63 113 1
89 188 2
170 201 1
193 216 1
193 196 2
157 263 1
47 132 2
171 249 2
37 65 3
127 152 3
35 86 1
157 162 2
123 148 2
25 228 4
162 241 2
127 164 3
198 262 1
191 263 1
94 229 1
82 193 3
164 177 2
94 238 2
13 37 1
163 189 2
158 193 1
200 246 1
146 218 1
88 256 5
7 8 2
238 241 1
24 81 1
145 196 2
88 116 1
186 241 1
136 224 2
56 193 1
116 158 4
20 186 2
82 209 1
132 156 2
35 181 1
220 236 3
163 196 7
159 262 1
113 241 1
45 127 2
53 100 1
72 225 2
61 198 1
10 211 1
35 89 1
28 186 2
170 182 2
165 181 2
89 151 2
49 236 1
228 228 3
87 260 1
118 233 1
23 114 1
142 173 4
47 74 5
4 181 5
10 79 1
65 158 5
76 76 5
100 131 1
123 231 2
75 202 1
202 238 1
188 238 1
63 146 1
179 231 2
74 167 3
33 100 3
171 237 1
100 130 1
140 182 1
34 113 1
17 34 1
118 148 1
41 169 2
125 195 1
82 258 2
161 185 2
116 262 4
161 254 1
61 158 6
47 174 1
12 68 4
52 229 2
133 211 2
24 120 1
143 220 3
37 224 2
131 146 1
67 249 1
87 150 2
157 239 1
165 234 1
148 208 1
107 152 2
142 256 7
40 237 4
94 239 1
17 100 3
164 247 1
92 107 1
189 232 1
87 197 1
85 186 1
144 217 1
120 236 1
12 13 2
123 209 1
126 162 1
141 242 3
41 232 5
88 112 4
100 190 2
28 129 1
134 261 1
164 257 3
107 121 1
125 235 1
163 200 1
163 256 11
133 230 5
68 159 6
48 252 1
10 230 5
159 239 3
161 177 2
36 229 3
210 230 1
152 220 3
93 226 1
75 189 1
49 163 3
100 102 1
10 48 2
93 186 1
146 168 4
138 180 1
158 257 6
16 16 2
83 193 1
108 132 5
107 198 4
36 142 3
24 220 2
219 219 1
54 97 1
26 217 1
192 192 1
78 78 1
93 233 2
18 20 1
29 100 1
17 83 2
119 166 7
71 85 1
36 157 2
183 249 1
148 177 4
45 89 1
126 138 1
80 181 6
48 208 2
41 226 1
40 54 2
63 249 1
144 168 2
118 161 1
7 53 1
119 238 3
43 189 2
50 62 1
36 125 3
71 188 2
100 227 2
18 114 1
36 49 2
11 229 2
198 263 1
68 76 1
65 177 1
144 257 3
151 260 1
15 164 1
68 214 2
85 113 1
24 138 6
147 161 1
7 191 2
102 170 1
145 209 1
208 246 1
148 174 1
54 87 1
168 248 1
14 211 2
160 230 2
33 151 3
64 236 1
112 129 1
74 250 2
62 229 1
66 166 1
71 161 1
45 228 3
75 127 2
100 193 1
37 140 2
142 212 1
74 169 2
138 212 3
61 152 1
152 174 1
179 249 6
49 88 1
25 37 4
186 227 1
42 87 2
170 180 1
38 230 1
164 243 8
13 225 1
30 138 1
33 137 4
101 230 1
100 228 2
158 243 4
151 235 1
51 186 2
24 70 1
123 249 1
112 177 2
208 242 1
143 219 1
40 45 3
228 261 1
33 40 6
200 261 1
62 79 4
130 235 1
7 130 1
33 52 1
127 220 1
7 37 1
43 93 1
165 226 1
72 231 3
63 180 1
108 186 1
182 182 1
10 124 1
92 100 3
113 147 2
70 260 2
78 137 1
53 53 3
197 229 1
18 94 1
40 209 2
129 134 1
65 166 1
38 203 1
63 148 1
197 197 3
216 260 1
63 246 3
257 261 2
66 210 1
66 233 5
69 80 1
93 125 1
141 193 3
163 193 2
136 161 1
39 230 1
90 94 1
195 231 1
79 118 1
26 107 2
17 239 1
162 248 2
200 233 1
201 234 1
228 229 1
85 137 1
7 196 2
149 230 2
13 17 1
97 238 2
128 166 1
163 205 1
69 164 3
160 234 2
165 237 1
89 261 1
1 100 1
43 183 3
217 230 1
41 259 1
85 91 1
75 216 1
107 174 2
34 231 1
90 91 1
37 202 2
148 216 1
128 164 1
3 164 1
43 92 2
9 231 1
174 246 1
24 137 1
118 138 1
142 215 1
107 178 1
87 172 1
36 263 1
230 252 3
28 229 1
138 195 2
161 200 2
112 232 2
76 80 1
191 230 1
87 204 1
67 161 1
42 232 2
87 220 2
97 124 1
7 112 5
143 247 1
116 200 1
244 262 2
49 217 1
74 182 1
210 234 3
49 177 1
29 186 1
102 114 4
68 102 1
48 134 1
112 238 3
74 125 2
20 138 1
223 255 1
53 164 1
49 66 2
114 149 1
33 65 3
43 133 1
28 130 1
136 142 2
28 28 1
130 237 1
164 165 1
153 153 1
126 230 2
100 252 1
87 97 3
188 225 2
4 72 1
119 186 1
79 193 2
117 186 2
25 43 1
40 170 6
21 211 1
106 234 3
230 245 1
133 142 2
233 242 1
17 211 2
3 238 1
35 91 2
70 83 2
14 35 1
69 244 2
143 226 1
100 133 1
144 155 1
234 258 1
69 238 1
209 225 2
41 60 1
238 248 1
81 161 1
200 263 2
239 258 1
77 249 1
11 48 3
51 163 1
113 173 2
87 127 2
17 90 5
202 233 4
130 258 2
75 260 2
25 95 1
83 196 1
226 258 1
91 129 1
136 236 1
22 233 2
145 168 3
35 162 1
107 228 6
127 169 1
193 239 1
135 144 1
56 186 3
24 82 1
42 235 2
13 243 3
89 228 2
36 260 1
56 137 1
56 229 2
49 71 1
28 140 3
14 239 2
126 147 1
80 224 2
234 235 1
93 237 1
62 246 3
62 262 1
87 157 1
12 25 1
49 89 3
114 192 1
107 217 4
37 181 5
125 189 2
119 167 2
69 169 1
170 208 1
36 61 2
80 82 1
209 228 4
73 161 2
57 129 1
164 220 1
50 212 1
148 242 1
186 213 3
10 100 2
65 189 2
4 92 1
93 230 2
143 177 1
214 246 1
208 263 1
225 246 4
145 243 1
181 198 1
224 262 2
4 116 2
45 225 2
52 144 5
25 209 3
4 166 4
217 246 1
89 125 1
24 144 1
179 262 1
88 213 1
127 137 2
91 255 1
20 143 1
50 146 1
140 174 1
91 234 1
69 167 2
181 262 2
62 144 3
216 231 2
36 133 1
36 75 1
21 186 2
144 196 1
62 161 3
144 145 5
56 87 1
51 142 1
181 239 3
36 98 1
27 90 1
192 229 1
52 107 1
75 250 2
162 200 2
68 130 1
57 164 1
16 158 1
65 91 1
14 26 1
212 239 1
217 229 1
83 256 1
100 119 1
148 202 4
49 257 1
78 158 1
50 198 4
49 50 2
256 257 1
75 174 3
33 112 1
174 230 4
66 263 1
10 215 1
162 215 2
163 167 1
42 65 1
10 125 1
100 169 1
7 13 1
4 56 1
37 236 2
67 261 1
145 157 2
78 114 1
79 221 1
97 229 2
12 231 6
131 226 1
33 66 2
69 90 2
107 133 3
17 112 3
41 256 1
37 141 1
181 190 1
155 170 3
130 181 1
40 198 1
114 216 1
80 239 2
119 127 1
112 125 4
66 198 1
9 226 1
212 256 3
10 244 1
81 152 2
4 42 3
134 239 1
48 242 1
142 257 1
144 223 3
226 256 2
24 224 2
85 246 1
128 230 1
151 261 2
22 25 1
26 249 1
114 196 1
149 249 1
129 179 2
113 177 1
100 202 1
17 146 1
155 164 1
62 209 1
42 259 1
4 226 4
114 201 1
100 168 3
171 186 1
41 65 2
125 133 1
106 161 2
69 239 1
66 143 1
141 215 1
48 51 1
91 211 1
74 157 1
41 92 1
208 262 1
7 188 1
116 181 2
79 150 1
114 200 1
61 229 2
12 234 3
89 209 2
3 168 3
146 224 1
149 234 1
20 79 2
41 181 1
62 146 1
215 262 1
17 202 1
119 235 1
69 213 3
230 247 2
7 169 1
107 195 2
166 224 1
81 126 1
11 97 1
24 125 3
72 238 1
151 188 1
157 231 2
119 161 1
78 141 3
225 227 1
159 162 1
28 107 1
196 209 1
87 179 2
119 119 1
114 217 2
168 244 3
242 242 1
36 124 1
57 68 1
141 182 1
142 247 1
182 248 1
7 65 1
224 243 1
67 231 2
169 237 1
101 170 1
186 196 1
10 164 2
137 177 1
116 223 1
10 243 1
167 174 1
70 246 1
22 87 1
60 234 2
158 198 2
29 108 1
69 147 1
164 212 1
37 76 2
68 182 1
121 142 2
17 260 1
42 125 2
33 177 1
7 116 1
235 241 1
24 69 2
69 234 2
85 164 1
49 224 1
20 20 2
89 221 1
75 220 2
109 246 1
74 136 1
25 72 1
162 208 1
33 72 2
88 178 1
125 228 2
92 186 2
146 173 1
140 160 3
227 249 3
91 257 1
71 249 1
134 148 1
137 146 3
7 124 1
88 188 2
127 185 1
62 133 1
78 97 1
35 203 2
202 246 1
65 113 3
92 229 1
94 114 1
56 261 1
7 217 1
121 162 2
37 223 1
145 225 1
88 145 1
14 43 1
89 144 4
5 7 2
50 241 2
45 167 2
130 229 1
227 230 2
141 240 1
198 223 1
228 263 1
119 144 1
52 263 2
20 163 1
122 138 2
20 168 1
115 217 1
132 167 1
7 157 1
56 211 1
39 231 4
74 92 1
155 261 1
230 258 1
170 220 1
58 234 2
166 223 1
126 187 1
52 223 1
173 186 1
66 125 1
26 45 1
114 165 1
231 254 1
208 248 1
78 143 1
226 262 1
148 250 1
132 153 1
10 229 3
39 130 1
152 188 1
10 231 2
22 170 1
77 186 3
183 234 1
126 186 1
34 138 1
224 244 3
212 248 1
74 106 1
235 239 2
74 191 2
69 240 1
94 247 1
114 171 1
166 226 1
13 130 1
108 113 1
74 225 1
26 79 1
69 136 1
18 247 1
63 217 1
234 241 1
17 41 1
7 54 1
72 230 13
169 247 1
83 90 1
127 136 2
97 257 2
163 188 1
25 215 1
32 166 1
4 217 1
50 97 2
82 144 2
50 61 1
200 249 1
138 227 3
138 207 1
13 133 1
62 112 1
12 230 2
101 138 1
20 74 1
196 196 1
10 114 1
107 190 2
36 177 1
113 131 2
70 144 1
127 144 4
168 235 1
124 138 3
4 55 1
137 179 2
167 237 1
148 197 1
18 153 1
206 249 1
42 174 1
61 140 2
37 160 1
235 236 1
35 186 1
71 79 1
66 116 1
127 200 1
45 178 1
185 236 1
17 163 1
137 152 1
123 162 1
131 162 1
70 145 1
161 196 1
42 81 1
21 66 1
31 74 1
100 254 2
1 48 1
13 188 1
136 162 1
146 211 1
116 194 1
18 186 2
140 212 1
71 234 1
142 197 1
151 189 1
82 198 3
134 198 1
25 217 1
179 236 2
35 229 1
24 231 3
50 130 1
49 233 1
243 255 2
193 249 1
141 228 2
112 146 1
56 163 2
7 75 3
83 107 3
130 250 1
169 239 1
161 242 2
30 132 1
75 125 1
131 233 1
56 162 5
10 236 1
39 126 1
50 83 1
140 222 1
10 42 1
170 200 2
114 136 2
66 158 1
31 163 1
137 190 1
61 195 1
10 65 1
132 178 2
241 260 1
93 134 1
42 207 1
37 89 1
200 238 2
167 230 1
95 134 1
40 89 1
140 250 1
75 82 1
142 213 1
79 102 1
4 143 4
56 142 2
56 140 1
89 166 1
231 257 2
24 87 1
141 235 1
83 144 2
95 146 1
233 257 1
37 177 2
216 230 1
80 161 4
48 219 1
78 140 1
181 243 1
84 163 1
93 162 1
166 235 2
4 95 1
186 200 2
141 178 1
219 236 1
202 249 1
133 140 1
134 256 1
136 243 1
130 219 1
70 179 1
32 74 6
88 223 1
106 263 1
62 71 1
55 62 1
65 125 2
9 143 1
70 131 1
162 178 1
28 231 1
209 213 1
130 263 1
11 162 2
89 263 1
12 209 1
235 263 1
43 185 1
68 212 1
107 177 1
224 226 1
97 143 2
125 188 5
88 151 1
66 228 1
12 125 1
120 164 1
161 252 1
93 262 1
24 209 2
161 167 2
167 262 2
62 190 1
216 223 2
164 200 1
186 235 3
6 231 1
168 188 1
250 263 1
87 130 2
29 138 1
98 237 1
23 164 1
70 82 1
137 248 1
223 235 1
113 257 1
100 198 2
163 252 1
130 141 1
190 211 1
88 159 1
40 260 1
100 123 3
54 88 1
70 137 1
88 197 1
29 249 1
52 140 1
80 236 1
137 155 1
182 246 1
129 144 1
193 255 1
18 242 1
95 226 3
18 142 1
133 170 2
25 126 1
148 169 1
14 261 2
9 148 1
228 236 3
143 193 2
88 95 2
21 163 19
14 140 1
73 162 1
146 236 1
56 65 1
88 177 1
196 261 1
151 242 1
72 248 1
123 138 3
174 261 1
209 223 4
164 191 1
67 170 1
50 235 1
14 87 3
35 232 1
159 164 1
100 222 1
91 163 1
75 219 1
28 162 2
158 195 1
121 246 1
13 62 2
10 239 1
89 227 2
119 164 3
52 87 1
42 83 1
108 243 1
100 106 2
25 165 1
70 142 1
107 235 1
133 189 1
142 182 1
54 226 1
41 120 1
88 179 2
144 160 1
29 114 1
126 238 1
170 245 1
163 250 1
7 95 1
134 226 1
106 189 1
150 239 1
45 121 1
157 163 1
114 259 1
158 204 1
17 33 3
24 226 2
45 151 2
50 78 1
79 98 1
31 140 1
48 153 2
101 168 1
237 242 1
117 145 1
204 231 1
113 223 2
14 251 1
219 243 1
130 233 1
17 87 1
22 230 2
75 259 1
36 87 2
63 186 1
33 217 1
113 190 1
17 262 1
182 213 1
114 157 1
174 234 1
66 112 2
75 255 1
73 249 1
163 245 1
79 197 1
195 255 1
42 242 1
50 159 1
170 227 1
32 79 1
33 233 2
188 262 1
54 158 1
17 226 1
160 263 3
157 164 1
102 255 1
85 144 2
140 259 2
53 225 3
62 163 1
164 258 2
223 232 1
45 52 1
166 225 1
113 133 1
105 161 1
48 78 1
36 141 4
9 170 1
42 226 3
164 242 2
195 224 1
55 125 1
194 194 1
136 140 1
14 209 1
62 263 1
142 183 1
113 220 1
140 240 1
79 240 1
90 185 1
120 239 1
125 129 1
86 86 1
100 247 1
144 195 1
71 125 1
109 109 1
143 181 1
214 249 1
37 72 1
69 212 1
212 213 1
74 255 1
142 147 1
182 238 2
202 211 1
37 62 1
12 107 2
37 66 1
12 97 1
33 228 2
177 209 2
100 197 1
144 157 1
157 173 1
133 158 2
12 144 1
37 125 3
54 144 1
54 234 1
61 76 1
48 183 1
8 164 1
238 261 4
65 74 2
40 52 3
94 142 1
197 249 1
235 249 1
197 236 1
74 88 5
158 188 5
18 200 1
167 250 1
53 163 1
158 208 1
43 45 1
155 162 2
26 231 1
90 190 1
48 241 2
212 243 1
67 100 2
234 259 10
87 195 1
14 166 1
39 48 2
168 241 1
24 232 3
202 209 1
116 147 1
62 65 1
17 166 1
47 248 1
14 45 1
76 223 2
69 107 2
79 174 1
57 144 1
218 248 1
166 212 1
252 252 1
32 159 1
52 125 1
10 158 1
65 198 1
93 148 2
45 66 1
45 150 1
32 261 1
67 87 2
97 224 1
121 234 1
57 132 1
152 181 1
119 263 2
87 202 1
24 140 1
62 256 1
143 255 1
226 232 1
14 246 1
17 261 4
36 181 1
102 229 2
227 233 1
18 209 1
70 229 1
106 224 1
113 185 1
12 148 2
32 141 1
123 161 1
88 168 1
60 193 1
29 113 1
18 246 1
4 133 1
143 256 2
37 261 1
189 262 1
68 71 1
75 193 2
163 174 1
89 90 3
134 216 2
66 257 2
35 37 2
144 159 2
50 256 1
20 68 1
157 229 1
108 138 1
54 181 1
106 145 1
230 250 1
130 148 1
75 256 1
38 183 1
45 72 1
168 181 2
72 72 2
163 195 1
18 148 1
97 213 1
7 28 1
62 230 1
62 87 2
13 42 1
160 164 1
164 259 1
36 189 1
112 188 1
82 179 1
3 94 1
141 259 1
41 45 3
72 234 1
25 151 1
113 251 1
7 232 1
101 114 1
151 216 1
55 148 1
67 144 1
97 223 1
97 233 1
116 232 1
67 211 1
45 192 2
86 114 1
10 163 2
41 91 1
7 93 1
39 41 1
75 94 1
136 169 1
22 107 2
14 52 1
14 195 1
49 140 1
89 143 1
35 226 1
144 174 1
12 50 1
60 263 1
55 161 1
150 150 1
161 195 1
52 143 1
111 113 1
142 196 1
17 76 6
70 231 1
21 97 1
18 69 1
94 137 1
113 134 1
35 48 1
213 237 1
159 229 1
90 123 1
97 227 1
102 237 1
11 21 1
259 262 1
83 211 1
148 259 1
6 132 1
64 162 2
14 257 1
161 250 1
131 231 1
169 244 1
75 173 1
40 227 1
132 147 1
48 227 4
152 211 1
185 254 1
171 226 1
209 247 1
151 257 1
60 237 1
93 114 2
90 227 1
93 141 1
93 107 1
119 148 1
188 247 2
223 238 1
185 185 1
50 168 1
67 263 1
25 260 1
93 231 1
215 233 1
36 65 1
68 217 1
126 191 1
47 48 13
13 145 1
95 196 1
135 230 1
248 248 1
116 226 1
107 259 9
56 145 1
79 247 1
106 243 1
49 243 1
130 186 1
63 140 1
146 216 1
236 242 1
75 224 1
74 97 1
72 88 1
145 215 1
166 257 1
68 165 1
21 123 1
72 170 13
193 223 1
88 102 1
85 230 1
100 258 1
130 234 1
129 157 1
138 183 1
148 247 1
75 146 1
46 70 1
175 234 1
94 100 1
168 256 1
221 221 1
29 210 1
45 80 1
68 94 1
62 76 1
55 61 1
173 173 1
112 181 1
26 29 5
146 205 1
197 239 1
10 151 1
11 68 1
70 232 1
91 230 3
130 140 1
42 193 2
82 157 1
88 136 1
36 232 1
88 134 1
225 229 1
18 68 1
255 260 1
108 170 1
217 234 1
122 170 1
7 171 1
35 231 1
61 85 1
26 26 2
43 82 1
65 157 1
48 254 1
75 208 1
137 215 1
174 236 1
163 198 1
188 229 1
45 165 1
10 141 2
40 40 1
82 126 1
185 233 1
55 256 1
21 26 1
61 89 2
68 202 1
25 67 1
125 145 1
28 87 1
45 116 2
187 249 1
17 106 1
72 189 1
69 170 1
178 231 1
7 258 1
7 250 1
136 164 2
124 256 1
118 246 1
65 102 1
106 170 1
88 235 1
157 186 1
157 157 1
66 129 1
137 216 1
36 262 1
157 233 1
170 215 1
69 220 1
118 162 1
40 140 1
63 225 1
162 185 1
182 229 1
138 147 1
22 142 1
47 234 1
4 83 1
69 247 1
33 133 1
23 237 1
147 262 1
73 100 1
21 22 1
100 217 1
129 223 2
69 226 1
114 123 1
128 158 1
56 114 1
18 232 1
68 197 1
78 209 1
193 246 1
102 233 1
69 143 1
50 121 1
54 61 1
186 190 1
115 144 1
75 248 1
100 216 1
56 181 1
133 188 1
67 67 1
164 251 1
16 237 1
36 261 1
175 186 1
121 230 1
57 137 1
25 225 1
200 244 1
193 238 1
60 152 1
146 157 1
111 230 1
24 112 1
79 167 1
212 261 1
36 225 1
10 113 1
119 234 1
7 159 1
10 209 1
107 111 1
50 190 1
124 170 1
212 238 1
4 244 1
95 151 1
116 209 1
53 230 1
163 183 3
19 170 1
153 230 1
26 230 1
133 246 1
20 263 1
163 248 1
198 211 1
52 95 1
68 200 1
12 138 1
121 233 1
107 155 1
76 213 1
190 224 1
173 249 1
210 249 1
22 50 1
39 100 1
5 48 1
173 211 1
205 236 1
9 162 1
66 100 1
43 87 1
65 140 1
66 189 1
90 248 1
22 113 1
121 237 1
94 231 1
34 97 1
137 196 1
125 190 1
142 160 2
4 210 1
156 161 1
149 261 1
91 189 1
45 220 1
98 170 1
49 146 1
155 209 1
18 230 1
123 170 1
24 259 1
106 188 1
14 66 1
7 238 1
100 208 1
185 234 1
73 219 1
88 127 1
119 168 1
12 33 1
9 13 1
220 223 1
21 161 1
12 232 1
239 242 1
42 256 1
136 249 1
17 82 1
137 212 5
10 107 2
177 216 1
174 193 1
17 35 2
117 146 1
15 139 2
18 60 1
81 147 1
72 136 4
76 215 4
85 169 1
17 177 1
61 93 1
41 177 1
198 215 1
81 159 1
177 188 1
66 77 1
119 248 1
108 181 1
35 222 1
194 241 1
97 254 1
42 146 1
91 166 1
235 254 1
63 159 1
41 124 1
10 76 1
62 136 1
42 167 1
136 232 1
213 262 5
91 112 1
32 219 15
46 119 1
90 136 2
177 232 1
147 211 1
5 75 2
55 177 3
97 191 1
117 226 3
32 119 3
78 161 6
61 75 1
81 254 1
62 149 1
173 228 8
41 179 1
76 230 3
61 213 1
3 89 5
18 166 13
90 208 1
131 137 11
81 233 12
218 225 1
190 216 1
76 161 11
97 205 1
100 213 1
146 159 3
81 162 7
85 225 1
177 225 1
39 225 5
198 205 1
68 218 18
41 212 2
63 130 1
10 117 2
39 248 2
74 197 2
42 78 5
42 205 2
53 216 6
69 137 22
39 39 2
71 226 4
71 74 2
9 17 2
72 162 3
114 122 2
62 203 2
75 177 9
81 129 2
155 188 12
193 219 3
159 254 2
81 247 2
131 139 7
50 182 13
37 197 11
124 124 2
17 91 2
201 246 3
92 242 2
210 219 2
62 62 2
79 212 2
46 152 2
187 210 2
136 185 2
61 91 2
77 89 2
80 188 3
76 89 2
201 226 2
29 216 2
74 81 2
35 72 2
36 259 2
42 66 2
22 90 2
195 216 2
37 217 2
74 235 2
80 98 1
72 161 1
37 151 1
76 77 1
197 230 1
13 215 1
171 177 1
101 205 1
37 205 1
160 216 1
206 227 1
166 215 2
78 226 3
76 139 1
61 72 1
164 240 2
32 126 1
71 225 2
91 227 2
39 75 1
76 163 2
41 188 1
35 50 1
147 254 1
114 183 1
10 90 1
76 106 2
89 177 1
47 209 1
35 61 1
188 216 1
72 116 1
39 117 1
41 81 1
119 122 1
61 74 1
25 223 1
87 200 1
56 241 2
92 130 1
192 225 1
15 53 1
51 259 1
61 197 1
39 76 1
142 254 1
192 216 1
10 168 1
192 205 1
121 205 1
137 169 1
113 259 1
19 197 1
65 191 1
191 213 1
205 252 1
71 216 3
31 219 1
183 263 1
86 186 1
86 145 1
51 234 1
62 75 1
203 218 1
80 179 1
71 177 1
41 160 1
33 258 1
76 197 1
56 202 3
108 227 1
3 186 1
213 238 1
21 55 1
51 130 1
17 213 1
100 126 1
77 256 1
15 209 1
18 229 1
218 231 1
28 113 1
166 254 1
16 249 1
68 247 1
26 91 1
20 235 1
17 227 1
9 129 1
76 117 1
62 107 1
43 95 1
17 74 1
