163 237 1038
161 163 1204
237 244 28
79 107 1340
107 263 211
232 263 20
54 87 5
42 116 58
148 231 275
112 148 48
87 170 145
79 87 304
79 186 769
100 137 202
68 249 820
87 249 134
229 244 9
142 162 769
230 233 415
186 261 150
24 239 324
107 114 459
80 234 6
15 138 16
161 237 1989
161 186 1359
79 148 786
142 238 1850
48 68 1409
229 262 448
130 145 3
43 230 540
148 148 158
145 145 148
142 239 2978
100 142 274
170 186 1260
68 170 546
162 186 983
164 230 1004
163 230 1330
142 230 1295
50 230 446
48 230 1379
48 186 1025
186 233 469
68 114 271
74 90 15
161 164 1292
161 230 1630
43 141 290
230 263 293
138 146 34
48 100 608
100 237 290
140 233 399
107 170 1399
186 195 1
132 246 69
162 162 543
142 237 1685
68 229 150
129 164 10
107 161 751
4 79 327
45 231 112
43 238 380
43 163 335
142 233 195
237 263 1317
141 142 749
107 163 264
132 236 188
68 246 844
162 230 1361
107 233 470
148 230 162
41 246 31
162 236 1229
79 144 554
211 261 107
24 140 20
87 230 101
236 262 1377
87 162 119
137 233 471
87 186 124
80 132 84
4 107 127
178 186 4
239 239 930
79 90 504
132 234 132
132 229 118
48 231 212
158 158 105
132 244 35
166 166 163
166 238 478
62 132 33
209 211 45
100 261 59
100 162 489
186 246 640
114 132 63
186 249 610
43 100 103
25 97 31
22 29 1
24 50 12
50 239 255
238 239 2421
143 239 1188
100 246 495
132 233 170
132 231 131
142 236 1368
237 262 868
87 138 75
107 137 590
107 249 507
79 249 938
163 239 690
90 234 700
132 241 13
79 79 748
142 262 305
142 170 334
68 230 862
229 230 680
107 229 553
48 162 749
43 107 57
79 234 1091
24 41 103
144 186 271
48 161 1194
79 236 146
107 237 396
13 40 10
28 132 207
140 246 68
13 68 234
137 263 161
130 132 244
130 233 2
100 138 121
100 249 219
233 246 76
162 263 743
100 163 583
36 162 5
164 238 112
141 246 116
141 145 42
166 262 28
43 236 695
107 158 166
164 234 846
140 164 156
262 263 850
114 233 87
113 113 200
48 249 380
162 233 445
79 113 875
48 142 1496
138 236 216
161 234 1276
52 132 41
137 229 557
137 186 614
48 263 173
138 223 150
138 239 164
113 132 98
134 138 9
100 161 859
48 234 535
132 209 38
79 114 734
114 148 256
1 148 5
67 132 14
50 90 154
68 186 742
100 141 192
62 188 1
42 74 94
163 186 755
107 186 952
70 132 45
130 138 11
79 137 859
14 132 57
132 230 453
132 208 11
186 255 35
152 166 80
87 132 125
138 229 166
236 239 1621
161 236 1611
90 114 322
75 236 696
48 238 438
125 132 46
48 79 262
50 144 37
107 141 357
107 211 221
113 228 3
236 236 1984
141 236 1766
162 170 1168
236 237 4537
114 236 86
4 148 134
100 151 32
100 230 1027
13 158 238
74 236 364
74 208 2
48 144 142
164 186 570
137 144 95
236 246 144
142 246 381
186 229 389
140 229 923
148 186 236
186 231 357
170 237 778
233 236 224
186 239 263
116 262 5
141 234 248
74 75 424
75 239 163
33 48 11
90 132 121
113 161 502
113 230 325
79 162 649
132 181 170
125 148 93
143 237 440
132 137 77
68 163 387
50 163 298
7 230 37
113 114 453
144 231 420
234 246 628
161 162 937
48 75 94
138 140 144
141 161 1117
50 161 310
68 100 406
100 170 657
144 211 194
144 249 388
211 249 413
132 164 296
138 170 202
138 233 145
132 177 18
164 229 401
90 229 131
132 143 94
144 164 176
90 246 620
161 209 37
164 261 74
107 234 868
114 162 248
132 260 49
48 90 466
48 163 968
113 148 317
79 233 459
42 90 13
87 231 410
141 229 1236
25 162 25
151 166 375
151 163 149
186 230 1830
229 229 320
68 132 187
43 143 176
90 230 434
68 107 444
148 162 209
68 90 843
48 158 242
113 211 336
162 231 299
142 143 1073
42 132 47
132 165 45
114 114 141
107 162 976
141 233 550
142 161 1145
68 161 580
141 263 1694
79 138 117
68 261 84
79 132 176
107 132 200
144 230 283
87 246 97
129 138 228
7 132 105
161 233 541
43 229 164
132 257 24
158 186 304
158 230 266
68 236 167
90 186 650
229 236 733
75 263 589
75 75 246
141 239 520
238 238 548
50 138 54
129 226 10
161 211 213
158 224 17
48 140 195
211 231 415
234 249 1025
211 234 363
141 211 52
186 263 203
137 137 107
140 263 1045
43 164 120
107 144 280
42 239 58
43 142 763
148 161 145
41 186 51
33 170 46
33 226 1
7 186 38
163 234 524
138 263 179
140 236 1054
74 140 103
141 237 1866
65 148 17
90 231 355
233 234 366
107 230 457
122 138 5
138 238 150
170 211 192
68 211 224
161 161 752
107 107 390
48 233 251
113 170 497
33 68 16
186 237 492
100 233 246
33 138 59
56 132 96
95 132 145
132 256 91
226 229 49
138 246 31
28 139 1
230 261 153
230 234 794
50 148 31
90 239 105
137 140 163
7 146 36
41 236 168
13 231 664
236 263 1670
25 132 82
162 209 49
54 209 2
100 186 433
148 234 272
33 144 29
148 233 102
90 100 339
129 132 88
50 141 65
162 224 134
50 151 58
13 249 275
12 48 5
114 144 229
68 164 489
158 164 182
48 138 196
4 25 2
186 262 153
163 262 217
164 231 210
61 132 124
132 163 231
244 263 17
116 244 51
127 141 3
143 166 91
68 243 7
243 243 13
24 262 16
11 132 12
48 50 607
140 237 1144
43 237 810
114 186 354
140 239 330
75 230 83
43 151 129
238 262 211
170 233 500
68 238 188
7 179 36
41 238 234
74 166 80
41 166 226
163 229 590
249 255 20
141 224 45
79 231 443
161 229 941
68 231 423
162 163 821
75 140 159
137 141 264
137 164 309
138 249 66
144 170 236
141 262 875
236 238 1288
132 138 212
132 191 25
24 151 166
230 231 326
125 249 302
45 249 48
173 260 4
125 234 205
144 261 101
158 231 365
239 263 503
140 234 183
161 170 1093
114 249 552
170 234 1520
230 237 870
132 162 279
132 158 80
7 157 1
163 238 437
229 238 176
35 68 1
48 113 200
22 138 4
50 142 440
140 142 366
151 151 248
113 186 428
140 162 781
50 170 141
161 238 444
162 238 367
21 237 2
138 164 203
79 140 196
114 161 268
186 211 196
79 170 875
237 239 971
137 162 561
162 232 80
148 170 222
142 163 1353
48 261 104
170 229 914
68 142 407
142 144 61
33 113 27
132 161 262
88 232 33
143 186 207
48 262 94
249 256 22
22 186 3
132 249 93
12 35 1
142 249 134
132 189 71
100 231 121
45 132 16
140 238 218
79 164 491
142 263 464
163 163 246
237 237 1953
229 231 110
144 237 99
186 247 5
230 239 731
132 166 83
140 161 547
231 249 720
132 226 156
132 145 140
230 230 890
161 263 537
230 238 485
132 142 182
143 161 378
143 163 589
132 141 178
48 48 896
50 186 371
151 263 134
74 238 139
166 239 373
151 238 946
152 238 60
48 239 822
137 158 55
75 179 1
132 144 91
161 246 534
164 246 383
79 209 96
163 170 571
48 164 556
164 170 868
13 66 21
43 112 6
237 238 723
132 140 109
163 236 975
114 234 604
224 233 69
246 246 321
163 164 542
50 68 379
211 232 58
113 234 853
138 152 14
40 138 20
68 158 385
144 158 151
144 246 138
161 261 87
163 246 468
45 79 115
41 132 50
249 263 57
45 68 34
233 237 397
107 140 246
132 170 316
50 236 80
143 167 1
152 186 15
140 141 947
158 237 70
79 239 89
151 162 71
138 255 72
179 236 5
230 246 816
144 262 30
144 161 227
10 132 395
93 132 491
140 209 21
132 262 120
48 132 300
141 141 830
162 262 467
132 223 101
113 143 40
132 211 67
229 263 741
113 140 70
90 148 131
33 162 74
79 211 412
170 236 437
140 151 84
75 166 54
74 263 318
90 161 417
113 236 136
41 159 4
4 90 52
138 247 7
13 144 132
163 249 262
141 163 597
116 151 78
50 75 24
263 263 526
90 249 921
144 163 125
107 238 86
161 262 414
215 246 1
142 229 475
43 233 68
138 211 33
132 188 60
142 142 883
114 231 390
170 231 248
170 263 368
83 162 5
116 239 80
152 152 14
87 256 27
90 164 366
33 132 106
45 125 20
141 162 1208
113 142 100
43 161 471
163 263 319
24 166 137
162 229 931
100 229 281
142 234 298
107 113 566
164 236 271
137 237 122
114 170 302
132 157 77
83 226 13
138 237 173
141 186 328
200 237 2
80 145 2
4 232 23
48 143 642
41 142 147
164 249 387
137 170 519
170 230 911
130 151 5
10 211 3
90 224 61
211 224 26
186 244 26
170 246 379
61 138 50
68 79 430
90 113 418
113 237 217
50 143 218
48 74 38
74 74 155
144 234 318
48 88 39
13 114 131
13 48 136
202 237 23
151 239 1018
138 261 88
148 261 107
75 161 189
231 246 335
142 166 245
90 163 230
107 164 561
162 249 367
7 138 110
143 234 163
137 161 289
12 231 17
52 211 11
38 132 33
132 263 142
125 144 134
143 162 261
170 171 1
145 198 1
50 164 136
68 148 138
48 151 170
132 215 154
100 130 3
138 161 255
68 234 1049
107 236 248
238 243 49
67 164 1
193 230 10
74 142 59
82 132 87
75 142 144
114 142 73
224 234 196
140 140 372
66 161 27
65 132 90
144 239 34
107 224 140
234 234 476
142 186 353
50 100 175
142 231 108
48 229 334
158 246 337
140 262 918
186 234 1195
113 162 341
41 75 151
42 42 77
229 239 230
90 238 78
138 142 140
90 142 176
19 132 14
170 193 3
137 142 83
137 246 68
48 114 131
48 246 1039
113 261 80
13 87 176
24 129 3
181 237 14
70 237 2
238 263 366
237 249 194
138 258 7
68 140 84
125 181 16
143 229 95
79 141 265
144 233 72
162 237 1612
135 138 18
79 158 244
68 137 164
138 256 51
68 113 438
87 148 178
234 239 225
25 229 17
142 148 37
151 236 343
143 211 40
90 138 63
125 125 24
137 151 14
87 87 53
140 186 286
88 220 5
113 163 207
4 114 86
151 229 54
143 170 116
237 246 170
138 188 13
48 107 274
75 114 11
42 151 77
100 168 5
148 163 73
43 48 273
80 137 9
62 83 1
226 226 38
79 125 179
45 107 31
158 161 225
90 90 265
249 249 354
114 229 96
48 170 622
1 238 8
87 161 120
164 239 174
79 163 199
48 223 7
50 237 103
236 249 108
132 259 9
45 163 20
90 158 381
143 246 217
113 164 389
162 164 668
145 223 8
75 141 243
74 159 5
41 143 39
68 141 135
143 230 568
143 238 724
148 164 169
45 261 46
1 164 9
37 148 32
37 80 5
133 186 11
50 246 365
100 164 353
125 164 72
13 132 82
164 226 9
42 238 84
164 237 371
64 132 18
132 219 178
143 236 291
24 142 184
145 234 31
68 263 82
43 170 145
87 141 39
142 151 531
125 230 79
181 189 24
13 261 115
75 132 79
79 224 159
4 113 146
233 233 134
141 170 646
75 151 147
209 249 63
143 209 6
162 234 783
113 239 88
100 226 16
138 181 90
41 263 82
24 128 1
132 227 12
140 249 68
68 237 210
4 170 72
49 132 94
61 77 6
112 138 55
13 229 55
107 239 126
143 231 64
43 239 531
138 179 52
80 138 47
125 209 14
13 107 107
145 229 75
132 255 142
116 138 34
132 148 131
186 224 118
132 239 175
43 158 24
112 249 11
138 151 84
52 144 14
79 229 430
75 238 322
148 255 67
88 233 33
125 237 29
144 162 189
106 132 18
164 233 376
61 229 3
138 141 186
65 138 50
107 262 165
113 249 625
140 170 384
132 237 161
61 181 13
65 186 34
79 255 44
88 88 24
79 230 396
48 116 53
68 87 91
113 231 481
79 100 239
170 249 484
128 233 1
116 163 28
186 238 196
114 239 57
50 132 57
162 239 380
40 132 48
141 164 264
113 138 89
37 132 67
143 145 10
141 143 185
143 143 262
146 163 7
88 162 66
132 146 48
138 226 76
246 249 516
138 145 62
24 132 34
41 74 197
161 255 55
68 68 585
43 50 39
146 236 6
100 144 96
233 263 290
144 209 59
138 208 11
132 186 142
4 132 37
41 42 172
132 151 63
138 143 79
74 107 33
138 144 48
88 132 42
28 209 3
181 181 59
123 132 62
50 202 1
24 48 69
132 179 45
148 173 1
132 216 184
144 148 256
143 158 47
162 246 322
138 232 31
138 186 104
50 229 79
186 223 16
90 262 41
41 239 196
142 211 63
226 260 15
42 263 63
79 165 1
48 125 74
50 79 53
89 132 70
43 140 160
132 132 640
90 177 1
36 132 52
229 237 1107
68 162 406
229 246 88
79 246 256
1 132 8
151 170 38
166 179 2
4 162 70
132 225 75
50 263 39
140 230 257
45 234 48
232 232 18
164 211 138
64 138 8
87 164 68
79 161 529
161 239 658
140 166 36
162 261 68
231 231 470
68 143 190
88 95 6
48 236 324
113 141 101
231 239 95
138 158 36
230 236 683
114 230 239
170 170 499
231 238 71
43 162 274
92 237 1
107 138 139
79 232 230
114 141 91
43 263 238
100 158 129
140 145 29
56 140 1
1 237 4
143 262 70
50 231 83
132 201 14
138 212 1
13 186 158
137 234 412
66 132 32
33 231 76
164 232 38
79 88 103
17 132 61
43 75 86
49 148 20
127 127 9
13 137 45
161 249 491
142 244 68
113 233 128
79 263 153
80 186 19
186 236 360
132 254 14
132 192 14
137 138 64
137 262 112
132 228 26
79 151 23
74 151 93
24 229 14
41 140 69
137 157 3
50 233 53
100 234 476
45 161 40
24 238 381
151 158 17
234 263 178
113 224 65
132 169 5
151 230 132
74 141 147
164 224 79
50 238 127
144 145 5
233 239 88
90 137 186
137 249 144
121 216 1
88 140 25
34 43 1
40 48 7
141 238 296
146 229 27
13 234 228
231 233 67
144 232 82
42 234 20
75 97 1
88 230 52
229 233 637
16 70 1
61 186 22
239 262 256
90 107 515
49 223 1
142 164 276
74 116 37
68 145 9
35 137 1
234 238 197
8 141 2
13 113 126
132 196 54
24 162 41
87 140 68
48 166 60
141 166 36
48 141 265
137 211 52
52 230 13
226 249 6
100 232 33
234 256 37
114 211 208
4 224 21
158 261 89
49 138 59
164 225 5
132 159 7
225 256 2
41 194 3
82 170 11
90 244 18
83 260 7
45 230 42
137 148 157
36 161 8
211 230 188
80 144 18
88 164 36
114 143 31
41 237 94
211 226 3
100 129 3
13 230 171
158 170 186
45 148 78
166 236 179
45 229 25
69 142 4
7 140 36
158 162 167
43 196 2
43 113 62
79 112 17
80 255 23
7 141 42
65 129 2
140 244 24
13 244 2
143 151 229
7 137 11
137 226 15
163 211 113
185 236 1
42 138 44
232 233 33
114 158 226
116 186 28
142 158 101
74 132 47
95 138 79
137 231 93
131 132 27
100 239 147
24 100 21
45 158 21
13 170 120
74 237 127
132 220 17
125 229 36
4 68 48
24 211 4
68 125 153
158 249 414
186 256 34
4 161 54
127 143 3
68 239 250
36 138 22
170 224 125
169 235 1
235 235 2
87 163 58
196 246 3
48 137 130
49 113 13
138 162 389
225 261 3
163 233 244
137 143 25
138 257 17
225 249 5
151 186 59
24 236 114
138 155 7
141 232 16
43 79 50
82 157 3
234 236 380
41 41 166
116 166 81
107 143 54
25 138 45
7 161 54
229 243 12
163 244 31
102 142 2
68 233 135
158 263 33
148 256 84
17 138 32
28 146 2
186 186 184
143 220 3
116 220 1
100 132 134
90 235 1
186 198 8
48 237 452
13 239 55
14 138 18
161 231 338
151 243 27
116 152 54
132 150 24
40 186 15
170 239 218
100 107 259
134 186 4
24 68 30
74 186 37
68 262 58
145 146 15
89 138 24
89 123 1
12 68 2
50 166 23
50 261 29
132 193 17
132 210 34
78 132 2
164 164 235
237 243 11
75 205 1
121 171 1
129 171 1
100 100 156
127 138 23
74 161 56
113 158 340
159 247 1
42 140 30
230 249 446
230 262 186
56 82 1
148 158 109
13 138 59
158 255 7
35 166 3
79 181 44
52 65 8
53 132 10
116 132 39
75 186 70
145 263 9
83 163 2
24 138 43
132 139 32
48 168 4
50 140 43
224 229 79
142 224 20
209 260 2
7 112 1
18 138 6
61 68 7
75 170 57
116 161 18
37 186 12
100 166 18
43 43 262
232 261 35
107 125 98
8 164 1
13 100 66
132 224 45
7 229 41
75 211 10
48 211 118
36 226 1
141 230 493
13 188 5
42 186 44
113 210 2
67 148 1
132 205 24
229 249 118
107 231 248
209 234 49
132 213 4
147 239 2
141 151 70
83 129 4
33 33 24
65 161 24
158 234 423
43 132 65
239 246 268
143 263 109
100 143 137
28 50 1
87 261 65
50 87 27
129 170 18
65 236 4
68 225 3
66 261 17
80 198 1
80 80 6
234 262 134
43 68 77
65 65 13
137 236 142
79 143 36
107 148 344
132 217 17
79 261 155
90 143 75
132 238 165
92 171 1
82 142 4
68 97 8
114 246 216
181 236 10
1 211 6
74 223 6
114 261 87
137 163 119
138 230 467
140 143 128
158 211 188
48 232 17
43 186 142
107 246 250
166 243 28
41 116 51
79 256 49
68 127 7
223 239 10
100 114 103
65 80 1
239 243 40
75 262 157
66 97 14
113 137 162
79 225 8
140 189 3
125 170 73
146 179 18
138 138 163
113 246 221
4 100 34
160 236 2
116 243 10
41 152 63
125 186 137
113 144 319
138 260 48
231 236 113
53 138 9
54 65 3
143 233 67
4 138 20
66 88 16
100 140 128
107 226 12
211 263 18
151 262 74
113 238 57
17 217 3
138 224 32
100 236 203
90 162 313
114 263 43
112 230 25
90 237 187
13 246 186
123 138 6
144 263 34
66 91 1
100 131 1
127 239 17
114 232 50
33 229 23
114 163 144
186 189 11
66 230 13
66 211 14
48 87 71
138 202 19
158 236 58
186 188 11
113 166 13
70 79 1
1 1 32
170 226 26
68 226 13
13 161 153
100 211 73
17 186 12
89 113 5
75 237 329
125 231 256
1 48 11
186 226 15
113 125 148
33 186 33
75 107 55
163 261 42
231 261 302
244 249 14
231 234 467
33 151 1
93 164 12
209 230 37
88 234 73
151 161 116
12 188 1
232 234 134
41 144 6
17 100 5
162 218 1
132 200 15
87 125 56
68 74 12
114 137 169
66 164 17
148 189 13
43 90 57
41 162 72
68 133 1
158 163 113
33 230 22
66 138 27
129 246 1
164 262 128
132 232 38
45 90 29
114 238 40
113 262 47
87 263 56
98 132 19
239 249 100
68 144 219
82 138 25
74 93 5
13 211 154
230 232 41
141 158 47
137 209 37
88 144 29
233 249 103
114 164 249
65 257 2
237 255 18
211 236 63
97 114 16
41 161 88
148 232 117
41 169 5
119 163 1
13 224 22
42 229 16
68 260 5
74 114 4
52 231 30
163 243 19
13 88 121
170 262 241
168 230 1
7 226 47
170 212 1
249 261 115
87 90 60
87 234 175
144 151 9
107 142 176
88 186 39
233 262 158
113 263 56
148 229 81
145 230 43
90 196 13
233 261 40
179 202 1
138 189 39
40 40 9
40 52 25
141 249 95
68 151 49
152 247 3
45 88 28
111 112 1
141 144 54
4 186 76
43 74 50
138 160 18
114 224 39
68 232 39
146 237 19
112 161 29
24 74 33
42 114 3
48 148 79
226 234 22
79 116 8
82 260 3
129 129 17
138 234 112
151 246 63
79 80 24
116 238 79
137 230 174
233 255 25
68 138 125
91 138 7
80 148 25
80 225 1
75 113 14
17 107 3
144 236 49
90 125 137
224 230 39
75 162 139
112 141 16
162 181 45
80 113 8
138 231 87
239 244 71
37 170 3
61 177 2
181 249 23
114 237 111
145 186 27
75 138 72
132 133 16
93 243 3
228 246 1
52 237 8
211 211 64
125 211 100
158 209 21
26 132 28
90 141 102
22 22 1
50 244 16
41 164 22
79 189 15
71 140 1
90 211 192
42 161 53
41 148 8
13 164 83
100 223 3
50 50 95
75 163 98
162 257 5
100 148 85
75 229 95
41 229 24
140 158 37
79 145 26
186 196 4
114 138 43
7 234 24
80 249 12
234 261 84
41 212 1
132 134 63
148 224 47
4 141 20
8 132 2
164 193 2
50 226 2
37 138 34
125 161 82
148 211 242
17 77 1
141 148 55
162 215 6
68 130 10
79 243 5
75 100 48
24 141 26
87 137 90
6 262 1
224 224 12
148 239 33
4 87 64
24 263 38
10 170 6
186 232 64
97 138 32
164 250 1
116 237 39
13 232 31
4 144 58
107 255 20
133 249 5
108 158 1
158 238 39
90 179 3
93 263 11
117 132 9
121 132 22
211 233 48
86 132 14
13 141 46
43 45 4
209 233 16
209 224 5
140 144 44
13 163 75
129 148 12
50 162 181
42 75 58
42 237 44
158 233 55
68 75 46
232 246 17
68 255 10
48 145 23
48 244 45
50 158 89
45 100 14
116 142 45
45 142 6
116 263 10
13 25 15
113 229 127
211 262 16
51 51 2
18 107 3
41 107 9
112 132 86
100 145 17
143 148 15
88 231 124
79 215 3
148 249 318
132 218 94
50 249 97
168 234 5
158 239 56
87 144 163
87 113 108
75 93 9
50 234 167
48 56 4
113 130 3
66 163 12
32 254 2
50 116 8
13 13 98
12 261 6
80 107 7
124 132 40
138 244 37
151 211 17
12 142 3
68 88 41
7 163 36
170 261 52
140 211 45
7 263 19
148 209 70
90 144 178
25 37 4
67 261 1
67 162 2
79 237 190
69 212 1
223 243 2
234 237 467
28 224 2
229 255 14
95 142 6
166 186 38
100 244 15
24 152 27
194 262 2
13 125 106
12 230 2
171 186 1
54 132 10
87 209 62
28 45 1
161 224 82
92 138 38
230 260 5
165 186 1
13 82 2
132 171 22
186 217 4
127 132 14
13 50 49
90 170 458
56 138 17
101 132 21
42 224 1
130 142 4
257 257 1
148 263 45
90 116 12
134 142 2
88 138 40
24 163 43
148 246 86
49 181 9
49 230 9
16 132 22
97 132 76
87 211 151
162 226 33
132 261 84
226 236 17
76 132 63
93 162 6
132 155 38
132 243 36
41 90 15
29 132 23
4 4 20
223 237 22
10 224 3
169 186 1
24 230 63
9 132 11
203 203 1
219 219 3
132 203 75
92 132 50
49 97 46
7 83 1
131 137 1
67 90 1
65 230 20
25 45 8
138 148 45
89 186 15
125 158 128
25 107 18
145 226 18
114 226 6
223 249 5
143 200 1
88 148 66
181 186 58
88 209 37
209 262 8
76 246 1
229 259 1
193 193 93
74 229 62
146 193 12
65 231 35
13 209 68
82 229 5
152 239 29
145 161 64
161 226 31
45 162 26
97 249 12
17 97 12
49 162 8
163 226 26
237 261 19
226 263 16
45 232 38
45 138 10
127 151 10
28 236 9
74 137 17
141 242 1
132 152 7
25 112 9
140 163 354
67 144 2
87 120 1
232 262 6
186 243 16
68 166 30
7 223 29
85 132 15
162 211 148
43 166 55
90 140 73
144 229 61
82 196 3
65 144 22
45 211 58
113 181 32
41 167 6
13 140 55
100 113 146
141 231 106
107 232 110
142 261 23
95 226 9
138 163 193
138 157 10
132 185 6
74 170 24
158 262 17
24 234 25
238 244 79
41 226 1
7 68 14
41 151 216
42 168 14
1 140 1
87 100 39
209 231 117
114 181 31
170 243 12
88 211 32
229 234 369
88 236 20
72 132 23
24 125 6
42 236 86
159 263 3
137 202 7
97 144 26
50 107 72
209 232 40
225 232 3
52 68 9
200 239 17
45 137 25
90 233 100
87 158 85
90 236 109
74 262 115
88 137 29
138 166 62
98 138 8
125 162 63
13 162 124
140 231 91
100 165 1
170 181 39
138 173 7
42 152 37
4 140 24
116 230 25
231 232 99
145 170 54
102 132 22
66 114 15
45 239 5
25 186 38
43 234 136
45 87 78
79 97 33
113 189 9
88 107 51
140 181 24
60 78 2
138 171 19
45 237 16
151 234 52
90 151 42
14 45 2
13 143 60
14 231 23
25 231 51
166 244 59
41 249 9
138 250 6
146 231 2
159 236 6
100 238 108
114 125 95
142 243 51
170 238 149
43 262 125
118 138 2
140 224 56
1 162 12
135 140 2
7 7 71
229 232 27
74 162 64
132 197 71
37 125 3
137 252 1
231 262 46
41 138 49
34 233 1
97 231 33
33 211 21
188 211 2
88 262 27
13 79 194
97 260 1
65 262 7
107 146 7
13 142 80
7 231 7
112 186 18
90 263 56
244 246 14
87 236 38
43 231 26
125 224 11
134 234 1
230 243 25
33 114 24
112 181 3
112 236 9
36 229 3
80 112 3
88 263 36
87 224 31
152 243 6
112 137 12
87 262 40
87 91 4
33 261 22
132 258 33
143 244 34
246 263 59
45 164 20
4 234 103
7 43 4
95 230 15
189 231 11
7 260 13
143 243 23
165 229 1
166 246 33
112 142 10
137 159 2
45 114 45
40 231 40
211 246 123
132 202 20
138 225 19
189 249 6
232 249 61
140 194 1
211 237 105
140 232 28
40 189 2
168 263 8
41 93 7
170 209 50
224 249 53
7 145 23
13 233 56
138 217 15
87 107 118
66 158 12
125 236 18
66 170 21
43 138 49
87 239 45
133 143 1
89 166 1
49 68 12
132 198 38
145 164 38
21 231 3
41 262 28
42 248 3
90 157 3
97 162 10
87 88 68
13 181 30
137 179 23
157 170 4
244 244 29
88 161 66
148 237 83
42 166 77
88 113 32
161 244 15
4 164 49
125 141 25
24 88 3
24 237 59
95 246 3
80 158 2
224 236 15
25 188 6
186 225 6
75 164 61
13 220 1
100 243 12
7 166 2
45 170 37
41 68 31
4 88 57
67 137 1
260 260 11
134 164 2
189 226 1
143 164 96
162 256 28
17 256 4
138 196 19
7 48 33
112 255 34
142 220 14
61 249 4
4 231 62
80 142 5
88 239 15
93 113 7
145 193 20
43 144 28
90 127 6
40 256 2
114 225 7
213 231 7
138 200 17
163 224 25
68 106 2
48 226 10
163 209 18
188 230 5
163 231 151
49 144 25
79 238 63
166 230 56
223 238 8
40 107 13
25 233 6
209 237 17
82 163 5
24 164 21
43 246 88
106 188 1
140 261 39
146 246 4
79 166 15
170 198 11
41 141 52
33 140 27
107 127 3
10 79 5
66 107 24
42 244 24
13 148 118
74 230 31
119 138 4
74 239 78
74 87 8
88 214 1
243 263 14
69 151 6
33 161 53
163 255 19
97 186 23
17 237 9
144 144 64
66 246 9
75 116 26
116 116 29
69 138 6
236 260 4
20 69 1
138 165 11
170 257 7
181 257 5
177 233 1
65 181 14
151 237 172
220 247 1
231 237 130
223 234 24
90 243 21
162 202 18
138 243 31
127 244 8
181 231 72
4 233 34
106 162 6
50 243 13
33 54 8
223 263 7
164 263 150
70 138 56
257 261 1
66 231 41
36 211 5
170 232 81
114 140 47
88 90 28
24 24 25
178 234 2
161 179 20
25 263 4
42 163 18
79 262 115
75 137 39
132 183 3
262 262 208
144 181 31
12 13 9
49 238 1
95 162 27
33 164 24
106 181 13
88 261 41
170 216 3
43 114 35
114 220 1
4 75 10
182 236 3
113 232 76
95 163 8
7 142 19
152 161 6
19 138 6
159 235 2
148 262 28
234 244 14
127 163 17
238 246 171
33 249 35
43 129 9
28 243 2
7 113 7
100 262 73
168 237 5
161 247 3
32 205 1
35 61 8
74 100 25
243 244 30
82 237 11
88 89 12
13 45 64
7 170 38
88 170 76
137 224 105
65 75 4
74 234 23
125 246 89
140 223 18
161 232 55
157 236 3
145 162 81
138 220 16
130 238 3
213 263 6
66 144 26
50 125 19
33 97 19
45 66 10
45 45 15
107 256 15
112 226 14
65 68 10
12 24 1
43 200 3
181 228 5
7 162 64
74 138 38
159 250 1
259 261 1
148 166 8
25 262 3
229 261 29
87 255 30
170 225 2
129 229 16
101 236 1
52 162 19
41 163 84
144 255 36
161 185 1
26 138 11
4 163 34
13 238 41
144 166 12
102 138 5
65 189 6
17 113 3
52 158 4
35 158 2
181 234 57
148 236 42
151 244 52
116 143 25
163 166 50
114 209 36
63 114 1
225 234 8
166 231 15
55 79 1
107 145 33
87 237 51
233 238 58
42 141 27
133 138 10
13 90 115
100 224 31
13 152 3
161 181 27
97 232 9
42 69 2
69 69 4
186 216 1
166 249 12
10 151 2
215 236 3
88 163 23
87 181 40
42 48 51
223 233 7
74 228 1
151 233 27
92 186 1
87 114 118
42 143 19
174 263 3
145 163 32
41 231 16
33 107 29
68 116 21
209 246 26
137 261 41
28 151 2
36 148 16
18 132 5
169 236 1
25 249 10
33 88 27
66 68 21
55 132 18
66 233 14
41 230 86
134 148 3
7 164 15
231 243 5
125 238 23
162 243 18
146 234 9
4 45 23
66 148 16
88 246 37
138 241 4
75 246 26
141 244 11
61 62 1
138 168 6
79 142 105
112 234 25
71 76 6
13 52 13
25 52 25
13 49 7
100 256 9
97 148 21
135 144 1
200 243 2
68 200 4
138 262 151
138 197 10
39 132 48
238 249 45
25 234 25
25 161 13
166 263 66
123 161 3
160 161 7
108 138 4
224 263 25
141 261 39
49 186 26
141 202 8
52 261 6
52 97 5
83 138 19
125 142 22
137 232 57
88 255 9
13 43 9
37 145 2
200 230 8
13 112 2
49 262 7
127 229 13
100 152 9
4 249 94
24 90 13
62 231 6
65 239 3
129 162 15
85 141 1
33 246 26
146 164 5
69 140 5
54 107 10
25 54 11
116 140 16
40 113 20
41 100 27
125 163 49
161 212 2
161 248 1
170 179 11
186 228 12
162 189 11
4 256 8
170 228 3
181 230 19
50 82 3
67 114 2
189 189 2
62 138 10
75 79 41
24 43 44
163 179 5
4 229 44
125 138 24
74 163 47
181 261 32
100 220 3
90 209 19
170 223 16
112 170 27
65 164 8
97 100 9
231 244 7
146 230 16
10 249 2
33 239 14
168 236 7
7 215 1
162 255 43
15 132 21
215 230 6
79 193 1
49 234 25
55 209 3
159 168 4
102 249 1
1 100 7
61 79 5
249 262 48
48 65 11
127 142 12
161 166 50
25 261 15
232 238 5
68 224 34
87 229 75
90 146 5
48 243 47
48 94 3
18 142 2
75 234 60
231 263 74
146 161 11
93 234 3
138 252 21
49 161 16
145 202 3
129 230 8
106 138 7
45 111 1
116 234 11
124 163 2
14 144 7
107 261 49
152 163 7
43 87 14
49 125 4
75 126 3
142 223 19
90 261 45
90 145 5
146 186 12
136 138 8
4 261 24
68 80 7
197 197 8
67 229 1
237 256 11
62 90 7
1 230 13
194 230 3
10 229 1
185 234 3
114 145 8
133 170 6
164 223 11
14 233 10
24 249 20
22 132 15
112 163 24
35 132 17
161 196 11
35 138 3
14 261 11
71 132 19
41 48 70
148 152 4
157 161 2
43 261 11
43 223 2
131 138 15
4 13 26
79 223 4
28 170 4
72 210 2
75 233 48
65 261 8
28 90 4
93 237 5
48 212 2
164 179 10
226 238 2
133 163 2
74 244 17
146 170 10
123 163 2
95 107 6
164 166 20
164 227 11
220 220 4
47 132 2
1 161 12
79 93 7
125 261 45
100 225 4
109 109 2
236 261 22
166 237 102
216 216 9
132 160 27
137 196 5
261 261 37
45 48 24
41 170 40
188 189 3
41 43 54
166 229 22
114 262 35
28 226 2
114 133 1
74 232 3
165 165 1
61 100 6
143 240 1
68 228 2
4 50 6
116 229 9
25 181 35
148 151 7
37 249 4
149 186 1
4 137 56
52 138 17
144 224 32
223 229 5
132 214 1
32 241 1
169 239 4
1 141 4
43 148 21
132 206 3
129 207 1
90 97 13
101 138 4
132 175 14
45 144 53
141 152 3
112 229 11
138 169 5
24 143 56
40 181 20
93 229 6
50 137 16
116 162 15
7 236 13
4 48 24
62 261 4
138 182 3
228 261 10
246 261 92
37 262 2
88 158 27
143 223 3
75 194 1
48 260 5
48 112 5
90 223 4
196 233 3
37 100 3
48 224 21
61 114 7
155 162 8
4 125 20
152 162 9
54 140 1
112 211 6
33 87 41
140 179 18
79 216 2
101 164 7
15 226 1
25 148 15
69 166 1
145 249 6
68 89 7
113 127 4
48 181 17
209 256 6
162 244 17
87 232 69
51 138 4
141 223 11
137 178 2
50 113 43
144 189 3
4 211 48
151 223 3
209 229 33
88 142 19
49 107 12
151 164 32
75 152 16
43 88 4
82 107 6
129 161 22
87 226 6
72 229 4
97 106 5
35 186 4
100 179 6
48 129 5
113 145 12
37 43 2
41 168 13
119 159 1
22 75 1
136 151 2
146 263 10
224 262 25
74 152 23
65 130 2
88 114 32
7 193 25
202 236 3
45 236 13
100 181 18
209 236 17
14 140 8
25 79 23
7 79 16
130 234 1
93 138 15
177 193 1
107 166 10
34 138 1
137 145 15
80 108 1
17 162 7
127 238 22
4 247 1
164 181 15
97 113 21
65 97 46
62 79 1
7 189 1
88 97 9
229 256 9
163 260 5
237 260 9
42 142 56
41 233 29
3 41 1
80 164 10
88 141 20
151 159 1
31 132 2
90 215 4
7 261 4
43 243 6
167 169 1
189 237 6
1 186 9
79 133 2
52 148 4
236 244 21
13 263 31
197 237 4
60 229 1
33 90 18
68 69 2
42 144 4
140 226 17
89 234 7
148 181 22
36 144 5
49 231 29
88 100 29
137 223 12
67 233 2
48 89 5
13 237 54
255 261 9
24 75 51
162 205 2
28 140 6
17 87 16
49 79 16
90 112 11
7 70 2
123 165 3
66 141 3
186 257 8
107 147 1
152 211 1
45 209 42
1 262 2
14 186 15
143 249 62
36 234 2
52 236 4
87 202 4
7 90 11
74 168 28
41 87 7
88 198 2
113 256 22
140 225 3
163 196 4
33 256 4
25 113 14
45 143 4
107 181 19
42 247 6
179 226 7
1 90 3
41 234 43
142 146 4
65 107 10
170 185 2
7 143 2
71 164 1
70 141 4
97 170 17
33 255 5
140 148 39
140 260 10
21 186 2
114 256 21
142 152 20
61 144 14
40 234 23
40 211 14
63 234 4
68 244 19
87 189 10
138 198 15
71 231 3
255 256 19
100 201 1
143 261 22
89 162 13
61 148 14
141 168 13
69 230 2
40 162 18
52 189 7
4 263 18
114 260 1
82 236 8
24 161 57
80 231 6
75 241 2
40 161 9
4 262 12
128 138 1
87 152 1
232 256 18
161 192 1
24 42 23
106 137 5
40 87 34
17 148 11
41 213 2
168 186 7
52 181 16
25 106 6
43 137 27
211 255 18
16 114 2
91 132 28
33 209 15
95 236 7
231 251 2
211 256 21
68 209 22
140 146 7
49 211 17
33 49 7
43 211 26
40 230 9
4 230 39
75 158 8
42 107 12
43 80 1
227 233 1
25 65 14
71 107 5
66 209 6
230 244 27
158 244 4
144 169 1
100 125 54
130 232 1
75 190 1
41 146 1
228 231 4
40 137 6
132 180 20
25 87 9
13 129 3
48 228 2
163 232 19
65 237 2
48 256 7
58 132 3
42 170 22
65 179 2
34 231 2
194 238 2
4 209 25
13 262 28
145 231 28
74 164 22
67 163 2
24 130 2
261 263 17
211 238 20
33 142 16
33 66 26
160 170 21
14 164 5
66 162 28
112 144 19
14 249 5
148 193 1
234 257 9
69 186 4
48 179 2
13 42 10
66 186 17
17 164 7
23 142 2
209 254 1
4 158 21
74 200 2
12 79 3
141 179 12
223 262 5
202 233 13
132 182 4
4 151 3
113 146 4
50 211 36
116 170 17
4 82 1
52 61 2
189 234 10
7 246 6
116 164 10
211 239 30
82 82 3
106 262 2
132 222 17
142 145 23
116 223 1
33 237 32
107 112 9
181 188 7
65 79 20
95 161 26
107 220 4
13 89 6
145 233 26
53 260 2
112 162 36
41 165 1
76 89 1
33 148 25
33 79 35
145 236 9
10 163 3
164 256 20
40 249 14
226 233 18
25 114 9
140 193 5
123 261 3
63 132 26
113 151 21
79 130 5
161 193 4
48 130 6
129 239 4
7 237 53
52 224 1
106 148 3
129 186 13
230 256 18
52 107 11
141 181 13
88 189 9
25 170 23
88 123 2
88 249 39
188 231 11
1 68 4
50 114 40
74 248 1
25 140 10
25 39 3
162 179 13
164 209 26
7 91 1
152 246 3
147 232 4
158 229 50
223 223 15
75 223 2
65 90 6
13 236 44
41 127 6
114 160 3
227 262 6
17 189 6
80 100 12
14 211 4
75 249 12
112 112 17
13 33 32
42 169 2
35 181 1
193 231 3
1 151 1
25 66 3
49 209 4
74 124 1
100 127 5
142 209 9
87 238 25
48 225 5
118 132 3
107 198 3
132 154 3
246 256 8
157 237 20
36 37 2
42 100 18
82 161 10
85 144 1
22 137 4
74 79 28
10 238 1
10 263 6
37 261 6
43 130 2
78 186 3
113 209 35
43 249 50
161 223 20
163 258 1
74 194 8
17 48 2
129 263 4
49 236 4
40 88 13
62 89 1
10 161 3
236 256 4
1 163 9
62 141 5
196 231 3
233 250 1
28 262 2
36 36 3
185 231 1
48 127 15
93 232 4
76 76 5
42 231 8
34 225 1
33 61 2
132 149 25
137 225 6
116 261 3
93 145 1
10 141 2
131 233 1
58 138 3
48 209 20
36 231 1
166 234 27
75 159 4
35 74 2
97 137 7
52 163 10
132 168 8
145 237 50
95 145 4
79 226 9
1 224 1
102 140 4
69 167 3
112 140 13
114 255 14
113 226 8
113 216 1
50 128 2
82 173 4
40 239 2
65 66 23
52 188 1
210 246 1
49 226 1
49 49 12
22 50 2
31 74 1
132 195 7
33 234 68
160 263 1
45 74 3
40 144 7
95 100 11
50 256 3
68 181 26
69 132 11
66 249 12
49 140 4
141 209 10
61 230 4
231 255 35
82 230 10
52 161 22
94 196 1
170 256 26
141 260 22
4 42 3
230 235 2
25 33 32
65 256 6
142 168 3
33 189 8
100 263 92
236 254 1
194 239 1
49 256 4
47 238 6
131 161 1
186 209 39
89 170 3
127 231 3
134 151 1
192 226 2
116 168 5
70 229 1
198 233 1
129 134 1
95 186 8
121 186 1
171 263 2
21 148 1
87 233 72
141 226 18
95 237 28
41 50 19
145 196 2
125 239 25
12 114 4
82 145 4
120 138 2
97 261 12
112 233 12
88 151 11
148 226 3
196 237 8
33 40 34
49 261 10
7 56 3
79 146 3
79 202 5
160 237 5
129 145 4
209 263 17
211 229 60
43 255 8
51 132 11
40 141 4
33 65 17
94 132 3
45 97 12
138 147 2
145 255 5
229 260 4
7 202 4
37 162 4
80 162 9
170 196 7
95 234 9
122 237 2
181 263 6
41 235 4
135 164 3
82 226 13
7 233 17
173 226 2
45 186 32
82 95 3
181 195 12
74 179 1
50 152 4
82 148 5
140 202 10
75 90 20
70 158 1
25 239 1
68 220 7
51 75 2
34 255 2
239 260 2
145 260 2
17 222 1
56 146 1
83 132 14
215 237 2
100 139 1
130 162 4
162 193 2
66 100 6
140 243 14
141 160 4
42 230 36
56 145 1
52 223 1
65 140 8
77 132 11
170 260 20
14 137 5
82 129 8
143 219 1
59 233 1
53 229 1
192 230 1
33 125 15
140 252 4
164 202 8
70 144 1
15 161 2
143 144 26
7 173 1
131 162 4
33 181 20
4 7 1
49 52 4
188 232 1
162 198 3
55 161 1
146 260 4
182 182 1
182 185 1
75 127 5
13 255 18
163 213 1
226 237 51
12 88 3
161 243 11
144 225 6
48 97 8
7 50 9
39 168 1
50 145 6
92 229 1
130 226 1
82 164 10
129 142 4
10 145 1
100 116 14
121 138 13
112 114 11
75 125 2
82 162 8
83 145 1
142 147 1
134 236 1
74 241 1
226 230 22
33 158 14
40 68 14
127 234 8
135 230 1
24 79 2
25 257 3
10 239 2
161 202 12
1 231 7
189 236 3
173 229 1
88 125 21
56 129 3
40 114 12
132 135 36
28 129 1
213 213 1
95 141 11
24 116 25
223 260 1
137 165 1
41 215 2
130 205 2
89 140 3
141 171 2
145 197 1
25 144 14
100 260 6
68 112 14
25 40 24
183 236 1
170 210 2
224 231 38
93 151 5
12 186 5
97 211 11
130 263 2
97 97 34
127 249 5
56 163 3
40 148 9
100 196 6
161 216 6
163 181 8
17 79 8
74 126 2
95 146 1
164 196 4
33 137 19
137 255 8
141 146 21
41 137 19
28 230 7
17 238 1
107 209 43
83 95 4
14 88 9
40 79 19
7 255 5
163 219 1
170 250 1
189 211 12
71 138 7
41 112 1
81 138 2
75 226 5
135 146 1
83 237 3
140 256 10
179 263 6
37 107 5
89 164 4
71 89 1
162 166 28
23 87 1
157 229 3
100 134 3
28 249 1
35 76 1
65 162 15
130 143 3
161 260 12
148 238 30
7 107 23
134 237 6
132 204 1
14 162 13
135 162 2
193 229 3
125 255 2
73 161 2
134 163 3
100 135 3
65 249 10
255 255 13
186 260 3
134 161 3
1 181 1
1 170 5
12 143 2
68 241 1
48 255 13
17 68 5
145 246 13
12 225 1
134 162 5
158 200 1
54 138 7
129 141 12
112 113 10
37 211 4
45 141 7
179 179 4
68 92 1
106 229 1
17 229 7
54 170 6
42 79 10
179 186 8
180 180 1
87 142 20
10 68 3
144 256 30
61 61 5
66 79 14
138 228 15
25 246 14
10 237 3
24 87 3
158 256 9
33 141 7
196 255 2
164 260 6
158 190 1
43 125 10
163 202 3
232 260 1
45 65 10
30 132 2
14 205 1
37 113 3
75 134 1
107 196 7
181 229 9
79 96 1
145 211 7
7 129 11
88 112 6
130 262 3
92 145 1
142 179 8
113 260 4
1 142 7
62 230 4
45 56 2
242 242 1
43 145 3
114 146 3
13 116 4
50 262 15
56 93 1
157 157 2
36 186 5
85 234 2
146 162 30
85 225 1
88 229 38
40 237 6
173 237 1
93 125 3
144 238 25
82 198 1
129 237 15
164 243 10
159 244 3
100 193 1
93 239 5
28 231 1
145 151 3
224 246 31
90 93 2
10 142 3
28 239 2
100 112 10
145 216 1
145 205 1
1 246 5
92 226 3
17 232 3
97 158 5
65 113 13
50 65 1
25 211 10
74 249 2
148 225 16
39 117 1
33 217 2
89 211 2
61 244 2
40 125 13
10 107 3
161 213 2
53 226 1
53 198 1
95 170 20
41 113 7
42 262 22
87 146 2
45 113 32
89 100 3
61 237 4
23 132 3
42 162 37
4 246 20
223 226 8
226 258 1
24 159 2
24 186 21
125 262 13
244 262 8
138 190 2
132 167 3
7 216 1
56 75 4
69 262 7
246 262 39
152 170 3
107 189 4
1 75 1
226 239 4
75 168 12
89 148 1
70 239 2
116 231 8
69 236 6
1 79 4
125 233 26
95 196 2
64 141 1
50 181 5
68 198 2
36 68 3
24 170 13
25 68 16
56 56 5
181 211 21
153 238 3
32 47 2
152 244 29
74 233 22
79 85 1
43 66 3
151 152 39
81 140 1
232 239 9
42 43 27
1 50 3
13 165 5
190 229 1
7 238 5
73 132 7
56 231 2
168 233 2
152 237 7
17 230 3
74 148 6
10 50 1
223 246 4
74 247 7
47 100 2
7 252 2
35 234 2
33 52 32
133 164 6
133 236 1
4 189 1
61 236 1
73 170 3
13 78 1
48 93 8
116 127 2
145 239 10
127 170 16
127 263 6
49 164 9
25 90 9
49 224 2
132 252 33
141 225 2
45 238 3
69 163 1
137 239 48
89 137 8
151 231 26
133 262 4
138 191 4
179 223 9
127 236 7
147 263 1
7 82 5
24 93 1
112 246 3
138 205 5
11 138 2
74 177 1
43 226 3
49 158 4
75 231 19
158 243 4
107 116 4
93 140 3
61 188 4
129 137 5
68 160 1
92 233 3
7 151 5
79 152 1
65 224 3
107 151 23
90 181 21
146 239 4
7 249 3
50 224 6
66 263 5
97 107 12
52 249 9
54 137 3
40 54 4
25 88 7
87 197 2
169 243 1
88 166 3
63 229 4
112 145 11
66 255 4
147 182 1
49 249 11
161 225 5
80 161 6
132 235 6
68 212 2
188 237 2
88 224 9
74 260 1
225 230 3
74 144 8
164 255 26
211 225 2
49 100 8
80 114 6
12 243 1
162 185 1
93 143 3
34 186 2
4 238 8
83 239 3
130 246 1
116 249 5
21 132 14
129 260 10
144 223 3
24 127 3
116 247 3
186 202 5
74 250 3
50 255 4
166 223 5
112 261 5
113 179 4
209 238 8
28 138 8
193 237 4
74 143 16
24 107 7
250 262 1
202 230 2
7 100 18
90 260 3
159 246 5
235 263 2
158 210 1
14 161 11
43 181 5
42 50 10
166 170 19
125 140 12
41 158 7
138 193 6
121 162 1
80 236 3
224 237 37
163 171 1
14 48 7
98 186 1
48 102 3
226 243 1
146 223 7
10 114 2
67 186 1
66 226 1
114 189 11
56 137 1
143 146 2
123 170 1
17 225 4
239 261 25
108 188 1
45 217 1
164 168 4
138 195 3
75 143 32
56 249 3
211 228 2
13 146 1
28 229 2
127 140 2
14 257 1
38 138 2
83 231 2
25 100 12
100 235 4
202 239 1
24 246 21
66 234 28
56 170 5
43 83 2
10 48 8
28 141 4
28 28 2
28 142 5
16 138 12
169 223 2
48 152 13
10 209 1
61 246 2
62 87 1
24 114 7
96 236 2
186 220 9
153 234 1
223 244 2
93 230 11
9 138 8
73 138 8
69 126 1
133 217 1
87 93 6
40 163 3
48 196 1
20 244 1
142 215 6
95 160 1
42 211 4
43 209 6
49 80 2
138 209 21
43 260 2
75 191 2
41 223 5
49 65 15
57 132 3
79 89 2
230 255 23
66 87 21
83 151 1
97 188 3
152 236 19
45 228 2
17 246 5
50 209 6
12 113 2
75 144 9
79 95 8
127 230 8
75 148 19
83 161 5
76 228 1
137 195 3
238 260 2
129 234 12
13 75 5
162 223 27
95 102 1
74 243 8
129 140 7
17 211 5
116 246 13
106 164 3
10 231 1
24 231 11
74 209 8
13 24 2
100 149 1
43 224 7
14 163 7
179 234 13
231 260 4
137 181 17
87 143 19
49 87 18
56 68 1
137 256 9
143 224 4
75 224 4
140 255 9
88 237 30
160 230 9
14 87 12
125 137 22
13 70 2
243 262 8
11 261 4
7 116 3
243 249 5
127 246 4
146 226 12
87 195 2
7 13 3
200 238 6
61 90 9
137 260 3
48 106 2
112 238 5
217 236 2
131 230 1
61 224 1
13 124 2
97 140 7
52 233 6
162 220 4
33 195 3
75 244 9
4 142 9
100 255 14
52 87 22
132 174 9
137 238 53
25 163 14
80 237 11
145 262 5
33 238 7
106 140 1
17 177 2
66 238 7
159 229 2
34 66 3
234 255 25
142 226 14
216 237 2
97 181 24
42 137 13
127 164 7
189 209 2
220 233 1
25 25 14
80 141 4
61 97 12
220 238 9
21 234 1
97 177 2
100 242 1
40 229 13
14 239 2
36 239 1
137 257 3
153 166 1
33 232 5
14 33 3
13 243 4
66 223 1
181 209 9
125 151 6
61 170 7
33 106 9
25 158 9
25 225 7
42 164 13
65 163 6
75 86 1
75 198 1
127 211 3
127 209 4
125 143 9
179 237 8
209 261 34
161 256 29
69 263 5
37 37 10
25 237 10
112 164 19
113 131 2
74 231 13
12 132 1
125 256 16
195 231 11
141 256 3
134 137 1
144 244 3
97 125 15
13 106 8
20 70 2
34 65 2
243 246 2
75 78 3
148 179 2
13 21 3
248 248 2
116 236 30
40 195 5
52 234 21
224 261 13
155 164 1
88 181 27
42 249 3
140 168 1
25 141 2
62 263 5
97 234 19
7 239 10
138 218 4
6 214 2
170 197 4
33 163 26
129 144 4
157 226 4
48 247 3
185 209 1
9 229 1
13 35 2
116 141 5
90 226 6
117 261 5
102 158 1
146 238 2
10 138 14
261 262 20
26 26 5
179 230 14
47 47 2
55 138 2
113 244 2
48 220 6
17 181 4
80 263 3
195 230 4
74 88 12
87 225 5
45 233 18
164 165 2
14 188 1
132 176 3
13 151 12
14 67 1
138 248 3
232 243 11
142 181 13
209 255 4
146 233 7
33 198 1
41 244 19
75 129 1
22 107 1
163 216 2
137 193 9
141 243 7
4 236 19
113 243 11
82 114 3
52 88 14
40 246 13
69 183 1
82 125 1
52 125 5
170 255 37
18 79 1
32 35 1
7 232 2
66 112 2
13 210 2
87 166 7
133 246 3
72 138 5
71 79 2
49 90 10
190 246 1
28 100 4
87 257 6
136 174 1
80 211 9
46 233 1
12 148 2
179 229 13
61 261 2
4 10 1
22 89 1
40 50 19
161 200 7
62 229 1
162 260 12
161 188 2
14 52 1
112 198 3
138 235 4
13 14 6
72 231 1
28 42 2
65 229 7
123 148 1
209 209 10
190 236 1
79 134 1
137 215 2
37 87 2
143 152 6
68 217 2
100 215 4
54 188 1
68 129 3
42 208 1
14 14 5
45 262 9
137 217 7
42 87 3
25 61 7
93 261 2
207 230 1
186 190 2
93 249 4
106 107 3
165 211 3
40 164 10
144 257 3
160 163 2
256 261 10
100 188 5
49 114 9
106 195 8
64 186 2
100 217 2
24 244 16
127 166 4
132 221 1
227 255 1
97 197 1
70 186 6
37 79 11
35 228 1
66 140 5
165 249 1
209 239 11
125 232 28
75 200 2
66 115 1
181 239 2
95 144 5
166 233 11
40 255 1
166 220 2
181 233 24
114 127 3
148 190 1
231 257 7
80 181 2
106 158 5
4 237 20
226 261 5
14 112 1
42 119 4
160 255 1
89 181 5
52 113 10
93 262 3
48 66 8
189 261 9
88 243 6
12 87 7
66 229 7
189 263 3
131 140 2
135 166 1
166 261 5
17 25 5
223 230 5
123 237 2
61 113 5
120 229 3
188 261 6
24 233 11
43 244 8
100 209 17
144 195 3
24 69 1
24 137 3
45 246 21
68 152 5
195 241 1
7 106 1
160 164 12
233 260 6
88 195 2
13 62 1
97 161 16
52 229 2
76 261 3
33 233 13
181 262 2
167 263 6
164 217 3
24 158 3
136 141 1
9 161 1
191 261 1
25 142 5
85 138 4
28 216 2
174 233 1
194 237 2
75 108 1
164 198 1
233 244 8
100 216 3
138 180 3
113 135 1
92 116 2
13 145 7
106 246 5
41 83 1
65 195 4
71 87 2
125 145 3
107 258 5
10 162 5
53 236 1
66 90 13
233 256 6
74 167 5
49 66 5
232 255 14
47 81 1
106 261 3
226 262 9
122 130 1
152 223 1
82 209 1
7 125 2
1 236 3
42 68 26
236 243 24
129 158 1
36 107 3
80 140 5
133 261 5
109 132 1
32 237 1
37 45 4
162 214 3
76 164 1
4 26 1
106 231 6
150 261 1
40 66 5
62 107 7
107 214 1
10 113 4
146 262 2
62 237 3
209 244 8
112 263 7
87 116 10
132 178 26
132 251 2
83 137 4
67 249 3
45 75 6
142 257 4
5 23 1
5 263 2
90 95 5
17 261 7
170 183 1
243 256 1
52 90 9
25 143 5
49 239 2
18 213 2
161 189 11
22 228 1
170 220 5
134 134 4
65 142 4
66 113 19
25 145 2
89 97 3
229 257 3
20 163 1
14 170 4
3 164 1
37 255 2
4 181 4
17 236 3
95 211 2
163 220 7
70 145 1
26 137 9
255 263 6
54 162 4
78 138 3
82 239 2
167 236 2
45 151 4
37 230 2
257 262 1
142 232 9
90 232 24
158 232 15
14 100 3
61 231 9
148 165 1
81 159 2
69 244 2
170 215 4
21 196 1
174 236 1
54 161 2
97 226 3
49 189 2
22 113 1
228 234 5
85 142 1
181 225 4
181 190 2
234 243 13
52 140 5
52 100 6
113 215 1
33 166 1
68 167 2
42 167 4
94 141 1
68 82 3
12 246 6
9 237 2
12 239 3
97 246 3
163 223 14
202 229 10
43 95 1
179 233 10
87 89 4
106 237 6
89 231 8
65 234 18
25 137 12
179 197 1
164 183 1
208 208 3
48 248 3
50 187 1
67 113 1
188 234 5
4 33 3
75 87 14
45 49 2
40 143 2
153 153 1
3 132 4
205 228 1
189 230 4
93 224 4
162 258 2
95 140 13
237 257 3
93 142 3
164 188 5
48 119 2
87 95 4
21 22 1
74 113 6
43 120 1
13 123 4
33 236 10
40 261 13
148 168 2
87 112 9
220 229 4
40 263 1
100 177 1
125 225 14
140 196 1
17 89 1
140 157 4
112 239 8
223 236 11
51 191 1
10 166 3
114 166 9
132 190 4
13 219 1
68 197 2
26 123 4
119 132 6
49 170 17
80 230 7
52 54 3
70 196 1
91 230 1
13 202 3
216 262 1
49 163 3
81 241 1
33 228 2
73 230 1
21 25 1
45 166 1
34 34 1
107 169 8
22 65 2
112 209 2
107 129 13
10 246 2
87 97 19
83 100 3
41 261 10
132 247 4
246 255 8
162 191 1
140 217 2
17 88 2
80 246 2
93 100 3
112 237 28
92 107 1
50 93 1
177 230 2
95 231 6
88 178 2
52 170 10
149 149 1
65 112 3
90 220 2
79 195 3
45 244 3
65 133 2
90 166 11
142 196 7
111 144 1
100 121 1
41 232 1
87 157 4
36 236 2
54 234 4
70 170 6
130 230 3
79 188 8
4 52 1
1 113 4
37 97 1
67 161 5
33 89 4
64 162 4
239 255 3
166 168 5
134 141 3
33 43 1
61 234 8
107 223 4
186 241 3
68 73 1
69 79 1
14 236 3
54 249 1
231 256 24
89 90 6
88 238 12
90 228 4
148 228 2
25 227 2
97 189 7
223 231 3
97 233 6
108 132 12
195 261 6
28 137 3
220 236 8
228 228 4
28 232 1
14 237 6
171 215 2
181 260 1
151 181 3
185 186 1
179 193 5
238 261 16
13 189 3
200 244 1
163 212 1
50 232 4
210 263 2
48 80 8
65 211 11
158 181 6
37 161 5
106 163 4
33 100 9
68 256 3
210 210 2
170 177 1
36 48 5
40 49 1
37 234 3
220 239 7
114 195 3
166 247 2
88 228 5
79 157 4
64 151 1
205 231 2
43 116 6
25 189 11
60 74 3
49 232 5
24 247 2
112 231 18
125 263 15
40 45 5
129 231 3
43 193 1
48 193 4
77 225 1
54 236 1
138 227 5
22 88 1
14 209 4
197 233 1
65 170 11
43 152 6
148 227 2
243 261 1
37 143 1
35 89 1
33 146 1
63 231 3
63 138 7
88 143 15
224 239 9
225 231 8
67 138 5
230 241 2
152 234 5
69 136 1
246 257 2
158 189 3
56 161 4
22 125 1
234 260 10
79 244 4
161 165 4
224 225 1
190 224 2
113 182 1
134 178 1
152 230 9
170 189 4
142 189 2
45 200 1
142 260 6
114 151 11
189 227 1
152 164 2
191 197 1
49 145 1
17 231 7
93 170 14
149 170 1
79 257 6
23 161 1
10 164 5
28 48 5
116 137 10
45 140 14
50 97 4
143 232 2
168 229 5
35 100 2
107 182 2
35 115 1
62 236 2
137 210 3
78 169 1
25 49 13
50 66 4
190 211 1
52 186 13
66 66 6
66 256 5
69 231 2
14 230 8
52 114 9
50 127 4
159 237 1
107 213 1
114 116 4
148 220 1
93 233 5
61 107 10
14 114 3
162 165 7
144 243 1
219 244 1
10 230 12
82 234 2
14 142 1
143 260 1
17 141 4
59 68 1
80 163 5
140 152 10
127 186 10
61 225 6
17 90 4
89 228 4
164 200 3
88 165 2
93 236 9
21 100 1
90 227 1
76 222 4
50 228 1
132 173 7
10 25 1
10 144 1
28 161 5
215 231 2
93 93 4
166 211 5
196 232 2
56 261 1
90 217 1
166 232 2
41 69 4
13 228 3
162 216 2
4 145 1
41 191 1
186 193 4
138 175 9
34 148 2
179 231 2
61 263 1
16 161 2
61 65 4
25 50 2
68 205 1
169 170 2
37 256 7
14 148 6
236 241 2
143 179 3
40 90 9
61 211 4
161 257 2
102 161 1
91 91 1
65 233 11
135 137 2
13 74 3
67 158 1
68 188 7
87 200 1
41 220 2
138 242 6
163 257 1
129 223 2
47 166 1
101 219 3
186 200 5
40 170 9
232 236 12
82 263 1
152 263 7
15 75 2
36 79 7
95 239 3
37 144 3
56 164 4
14 90 8
124 138 4
107 195 4
109 230 1
183 261 2
78 203 1
163 189 2
23 162 2
114 228 4
7 198 1
12 33 3
95 233 2
112 224 2
43 65 2
159 231 2
22 234 1
62 164 3
42 148 5
98 170 3
67 170 8
37 164 5
70 93 1
145 158 4
16 100 1
18 48 2
61 161 9
1 125 5
136 263 2
83 83 3
70 161 3
74 169 2
151 232 3
36 112 1
217 232 2
235 244 2
75 260 1
52 66 4
90 255 10
89 209 1
54 195 3
151 200 3
162 168 8
171 231 1
149 233 1
125 165 1
138 207 8
79 260 4
65 137 5
119 229 1
118 162 1
42 146 3
190 255 1
70 238 1
227 231 4
141 189 4
232 237 20
50 220 4
202 234 5
75 112 5
68 223 10
170 200 1
35 151 1
95 137 5
107 250 2
68 257 6
107 179 7
17 142 3
25 256 5
1 143 2
25 224 1
35 162 1
193 255 2
17 161 5
67 230 3
138 177 2
100 198 2
213 236 1
192 229 1
4 179 2
69 107 2
157 231 2
185 244 1
185 185 1
12 158 2
127 223 1
170 258 3
181 238 3
4 136 1
152 209 1
137 243 2
82 102 1
165 261 1
157 234 1
1 249 5
181 246 10
63 161 2
87 167 1
100 115 1
43 240 1
143 169 1
221 262 1
137 244 4
65 166 4
137 228 2
1 229 2
22 230 1
107 174 1
141 252 1
160 234 4
161 220 9
144 215 1
50 129 2
137 200 3
162 208 1
7 224 2
182 230 11
107 225 3
157 230 6
138 192 4
47 164 2
148 215 1
50 179 2
54 144 1
25 230 14
119 262 2
114 168 1
85 164 1
130 164 4
17 224 1
152 233 1
74 191 6
65 217 3
65 177 1
61 137 3
82 160 2
163 188 3
48 227 1
97 112 4
17 190 1
226 255 3
25 151 3
42 246 17
77 190 1
65 125 5
114 244 5
90 225 8
82 143 2
48 217 1
200 246 2
95 229 7
158 226 2
224 238 7
42 134 1
198 238 3
134 229 4
186 250 3
65 114 7
23 125 1
28 233 3
74 255 1
164 228 4
68 93 7
62 181 5
152 262 2
174 239 1
17 45 3
140 153 1
4 55 1
41 136 2
29 163 2
80 87 3
13 226 1
220 243 2
3 254 1
17 209 5
97 209 1
138 210 2
62 62 5
54 224 1
46 170 1
28 166 4
216 236 1
41 250 1
189 228 2
80 97 5
80 256 9
13 17 1
179 238 1
80 226 1
75 202 1
80 88 5
87 145 8
51 163 2
42 213 2
197 230 4
143 226 5
137 197 1
74 256 1
45 181 7
146 158 2
209 228 3
15 92 1
75 169 2
197 236 1
38 233 1
61 162 7
22 87 2
25 228 8
54 231 8
183 186 1
178 231 10
130 229 1
4 43 5
52 137 5
131 263 1
18 24 1
62 148 1
3 138 4
88 257 2
61 158 2
112 232 6
48 173 1
10 100 4
4 21 1
136 236 2
14 91 1
134 197 2
160 231 4
100 180 1
45 80 2
40 97 7
39 48 1
43 189 2
85 231 1
102 146 2
121 163 1
145 179 7
120 136 1
65 246 6
170 188 3
35 237 1
1 158 1
164 244 8
65 209 5
41 247 5
152 231 9
129 238 2
87 216 1
113 212 3
65 190 1
4 80 1
75 213 2
133 181 1
36 65 4
66 181 6
72 140 1
125 228 3
52 164 3
162 228 3
26 181 5
24 223 1
40 236 3
32 132 2
125 223 2
13 200 2
41 114 6
41 79 7
1 107 3
28 33 1
130 186 2
93 186 4
40 43 1
50 149 1
168 168 3
125 189 5
22 124 1
87 175 1
151 260 2
125 235 1
208 236 1
168 238 4
100 219 7
83 230 2
75 146 5
127 153 1
167 205 1
106 233 3
151 249 24
89 257 1
140 188 7
25 48 6
47 141 1
238 247 6
148 217 3
69 74 7
242 261 1
37 177 2
90 241 1
106 211 5
60 90 1
195 209 2
159 163 1
138 215 3
35 225 1
61 76 5
33 45 11
74 158 1
48 216 3
61 87 4
140 147 1
151 213 2
159 213 1
89 107 1
24 113 6
158 216 1
39 177 1
97 230 8
112 143 1
8 151 1
89 125 3
10 186 6
65 88 9
196 229 3
134 247 1
152 229 3
97 191 1
142 247 1
159 166 1
188 249 5
227 263 1
100 136 1
41 243 8
106 209 2
138 213 3
62 219 1
4 93 1
43 89 1
13 256 6
68 83 1
82 186 2
141 215 1
69 162 3
228 254 1
93 137 3
61 164 4
181 256 3
93 161 6
107 188 5
7 253 1
157 246 4
3 68 3
132 194 4
88 196 1
112 193 2
143 181 2
81 132 5
137 166 5
48 185 1
144 190 1
56 230 5
12 163 1
97 163 4
100 106 1
55 80 1
7 210 1
151 250 1
83 141 5
112 125 4
97 141 1
42 223 1
50 235 2
37 68 3
162 196 3
93 107 3
216 234 5
42 182 1
141 183 1
35 75 7
151 248 1
82 249 2
45 224 5
120 246 1
79 106 4
20 236 1
75 130 3
4 40 1
46 157 1
107 260 2
174 254 1
46 208 1
7 148 1
55 87 3
21 261 1
106 144 1
40 65 7
52 195 3
173 236 1
33 112 1
68 71 2
33 223 1
141 185 1
7 114 3
12 263 1
226 246 2
56 162 1
48 61 5
80 151 7
133 165 2
55 89 1
50 74 5
125 188 1
56 244 1
189 255 1
137 258 1
186 191 1
69 100 4
4 239 9
151 228 1
217 263 1
181 232 2
135 229 3
260 263 8
40 80 1
95 181 1
54 237 2
256 256 7
97 164 8
13 54 6
138 167 3
242 263 2
48 159 1
37 74 2
60 263 2
72 75 1
79 82 4
193 260 1
97 142 1
29 234 1
75 235 5
224 232 7
52 262 1
81 107 2
89 144 4
52 209 5
225 255 4
49 74 1
87 124 1
74 183 1
22 90 1
68 189 2
75 232 7
95 148 5
41 85 1
93 148 4
177 188 3
221 234 1
134 239 1
216 230 2
26 236 2
92 163 2
1 233 1
74 92 2
97 229 7
48 222 1
173 249 1
149 230 1
239 256 1
66 236 3
43 232 3
123 231 3
142 188 1
170 202 3
48 72 1
65 106 3
37 88 2
65 158 4
117 168 1
68 215 3
170 244 7
90 188 3
116 119 1
57 138 1
116 233 5
3 239 3
90 191 2
41 125 2
37 232 4
169 244 2
136 220 1
227 249 2
145 148 5
48 123 1
56 113 3
106 141 1
39 137 11
234 250 2
128 142 1
141 193 5
137 190 1
13 63 1
55 238 1
116 129 1
239 248 1
50 254 2
130 163 4
216 238 1
144 179 3
45 93 2
10 81 3
151 216 1
95 256 1
220 263 2
52 79 8
8 138 2
93 163 8
78 230 1
79 179 4
25 121 1
116 158 1
17 114 4
112 179 1
56 79 1
106 241 1
75 261 11
24 134 1
107 130 4
22 149 1
48 70 2
17 65 4
52 246 4
84 132 1
133 137 3
125 166 4
14 97 2
13 37 2
126 263 1
20 138 3
1 263 1
39 79 1
125 177 1
48 134 4
10 13 2
28 162 6
146 146 17
51 116 1
62 125 1
18 209 1
65 255 3
70 129 7
136 142 1
33 225 1
114 152 3
1 261 3
113 247 1
163 227 1
14 263 1
145 238 4
95 95 6
140 160 4
168 262 3
45 179 1
127 237 5
55 141 3
37 89 1
66 237 5
113 223 3
113 116 6
161 217 4
20 132 2
132 147 1
49 237 3
76 138 4
42 127 1
219 263 1
14 107 4
141 220 3
12 144 2
144 146 1
45 83 1
25 36 1
69 235 2
45 255 2
114 212 1
79 228 3
255 257 1
71 162 1
4 41 2
48 133 3
48 201 1
37 188 1
200 249 2
93 158 2
75 92 2
47 239 1
55 65 1
194 263 4
37 42 1
48 221 1
217 261 1
40 228 4
32 107 1
92 92 1
146 249 3
54 90 2
129 163 11
48 257 7
106 256 1
43 252 2
40 106 6
79 129 4
17 61 2
129 173 3
177 186 2
83 255 1
132 136 4
69 137 2
49 61 4
123 234 2
119 238 2
1 196 1
13 195 1
133 263 1
22 249 1
49 151 1
4 168 3
148 243 1
100 173 2
83 107 2
143 195 1
10 74 2
145 171 1
113 255 10
71 233 1
54 100 3
17 249 6
65 100 4
61 112 3
28 75 2
82 87 2
66 260 1
97 225 4
13 93 2
200 200 1
155 158 1
62 189 5
181 255 2
36 232 1
12 249 1
93 116 3
48 157 4
164 215 3
5 124 1
87 223 2
10 168 1
79 213 2
130 231 3
10 234 2
17 163 3
76 117 2
130 158 1
100 160 1
79 171 1
120 141 1
45 189 1
196 196 1
82 100 2
173 263 5
93 231 1
164 182 1
194 236 1
69 233 1
125 195 2
227 229 1
40 233 8
196 226 2
189 229 3
25 125 2
160 233 1
76 231 7
64 237 1
244 261 5
143 254 1
215 243 1
88 256 7
16 237 1
18 141 1
106 177 1
65 146 3
10 10 6
87 129 1
158 166 6
119 244 5
61 140 4
34 217 1
115 138 1
135 135 2
13 41 4
169 229 1
24 25 6
129 179 4
235 238 2
163 256 9
228 258 1
14 234 6
61 88 3
135 170 1
141 159 2
258 258 3
90 129 3
21 227 1
106 249 8
22 68 1
107 243 5
26 233 1
79 168 8
96 233 3
79 227 1
196 249 7
168 200 1
238 257 1
9 163 1
177 229 4
100 248 2
66 232 1
125 168 1
114 217 2
43 76 1
148 198 4
13 223 1
17 233 4
160 262 1
224 256 3
196 203 1
49 137 4
4 65 3
50 88 10
83 140 2
61 91 1
80 170 5
51 212 1
137 188 2
102 170 1
1 239 1
96 138 1
41 47 1
113 257 3
137 168 3
164 197 6
260 261 1
161 168 2
54 246 2
65 87 7
65 238 2
106 114 1
161 208 2
225 225 4
114 129 2
121 137 1
146 255 1
6 6 1
107 190 1
130 166 3
5 75 2
11 164 1
134 193 1
46 132 1
153 162 1
31 47 1
10 236 3
90 178 1
88 145 2
128 261 1
13 26 3
53 161 1
174 200 2
11 12 1
90 121 2
36 100 2
66 125 5
39 61 1
52 141 2
28 234 4
52 106 2
92 261 2
175 223 1
32 263 1
33 63 1
122 230 1
91 223 1
65 168 1
179 249 2
63 170 3
18 164 1
100 200 4
150 231 1
17 137 2
127 128 2
160 226 1
8 193 1
62 158 1
89 161 4
18 239 3
48 62 2
14 79 7
13 178 1
79 198 3
61 189 4
93 141 5
129 233 3
47 75 2
60 166 3
48 235 4
70 107 1
198 224 1
88 147 1
175 211 2
83 143 1
177 231 1
192 263 1
74 211 1
10 232 1
61 141 1
42 120 2
138 178 4
50 133 3
158 217 1
65 232 4
142 202 4
87 215 2
142 200 6
94 94 1
230 250 1
24 252 1
138 259 2
60 238 1
196 230 5
219 230 3
114 188 2
185 263 2
49 188 1
130 170 3
235 243 2
82 137 2
33 50 4
130 249 1
135 163 4
89 189 2
39 97 2
54 113 5
45 263 8
164 173 1
29 144 2
74 254 1
128 143 1
78 142 1
17 140 3
164 257 6
113 195 1
34 163 1
61 75 2
220 262 6
87 130 3
10 140 4
41 254 4
254 254 2
75 254 1
75 82 1
107 121 1
90 219 1
83 170 1
124 216 1
178 230 3
48 213 2
163 193 1
10 87 1
25 195 6
93 185 1
132 212 3
90 256 9
115 162 1
87 219 1
162 182 1
146 155 2
69 238 1
203 225 1
179 260 4
82 88 3
38 143 5
163 225 1
134 233 5
61 163 1
169 237 1
32 246 1
165 170 3
7 41 1
45 252 2
166 209 2
88 219 2
72 226 1
88 116 1
68 70 1
75 145 5
95 238 1
168 213 1
17 125 3
148 254 1
14 210 2
33 37 1
247 263 2
142 169 1
87 179 1
60 262 1
114 196 1
40 140 4
137 198 3
1 87 2
48 76 2
42 189 1
88 248 3
244 248 2
113 128 1
40 158 6
75 242 2
16 117 1
77 254 2
13 97 8
113 152 2
122 164 1
158 195 1
38 39 2
217 217 2
127 233 1
88 188 2
21 161 5
143 193 1
65 141 4
112 205 4
93 238 5
43 127 2
45 256 4
37 243 1
17 234 8
114 257 7
140 220 3
161 227 2
54 230 2
41 88 5
34 97 2
25 160 2
22 48 2
23 230 1
88 117 1
161 183 1
26 143 1
185 262 1
32 142 2
49 246 2
39 234 1
12 100 1
62 76 1
132 242 4
146 147 1
74 125 1
7 262 3
116 179 2
74 252 1
71 74 1
7 75 2
49 88 5
58 186 1
64 170 1
79 217 5
48 215 2
15 162 1
136 137 1
218 230 1
1 88 1
68 208 1
92 142 1
16 229 2
98 162 2
82 261 1
61 145 1
78 137 1
24 226 2
82 146 1
50 112 4
78 225 2
49 217 1
93 211 2
125 227 1
190 234 1
13 121 1
151 168 1
60 132 1
148 196 1
66 145 1
71 72 2
37 140 2
87 228 3
121 229 1
68 216 2
83 229 2
4 24 1
69 143 1
137 146 2
61 168 1
107 257 3
161 198 3
82 141 2
153 229 1
72 255 1
106 112 1
144 175 1
36 141 4
128 246 2
66 228 1
88 225 4
196 261 4
166 189 1
213 230 1
168 170 2
223 261 2
65 95 1
216 229 1
220 234 6
69 239 6
138 183 3
78 164 1
138 216 6
64 233 5
88 134 2
195 211 1
106 234 3
9 98 1
32 238 1
89 239 2
162 184 1
138 159 3
36 87 1
25 232 4
48 252 1
151 167 1
100 257 2
239 247 2
106 170 3
148 219 1
131 234 1
42 233 8
140 174 1
77 258 2
256 263 3
152 159 1
125 135 2
17 49 3
144 241 2
36 143 1
80 233 2
132 156 1
50 95 1
188 236 4
1 138 2
78 233 1
100 146 2
136 185 1
97 237 4
54 114 5
102 229 1
66 224 2
43 190 1
162 180 2
42 125 3
14 125 3
28 244 1
121 164 1
80 106 2
75 174 3
107 247 1
220 230 4
198 231 2
141 235 1
168 235 1
101 140 1
186 254 3
42 113 3
162 177 1
65 223 2
72 107 1
140 200 7
54 148 1
81 263 2
80 125 7
195 246 2
125 226 2
90 257 3
126 140 1
217 256 1
88 106 3
136 230 2
163 174 2
74 235 3
93 114 4
164 192 1
82 246 3
136 231 2
87 155 3
75 119 2
197 216 3
114 175 3
24 168 2
100 147 1
112 256 6
226 231 3
156 161 2
70 95 1
75 228 2
161 228 1
237 241 1
68 193 1
87 106 3
55 233 1
3 230 2
25 166 1
62 191 1
157 260 4
146 148 2
87 165 7
94 237 1
60 200 1
43 247 1
212 231 1
145 209 1
36 181 1
93 144 1
56 142 1
37 237 1
34 189 1
63 63 1
87 159 2
20 247 1
230 257 2
249 251 2
67 236 1
70 134 1
39 148 1
172 172 1
42 88 2
217 237 2
144 188 3
70 164 4
139 163 1
56 229 2
90 189 3
119 168 1
48 82 7
140 241 3
54 261 3
157 163 3
24 65 1
60 225 1
145 261 4
137 212 1
163 217 2
143 256 2
130 191 1
17 91 1
13 80 3
159 161 2
42 159 9
165 246 3
33 224 1
130 148 1
49 255 5
249 260 2
129 224 3
48 146 6
140 248 1
25 236 3
89 89 1
41 65 1
35 140 2
155 209 1
65 196 1
82 202 1
209 226 1
90 134 1
10 75 3
120 170 1
87 151 5
48 67 1
196 211 1
127 232 1
94 138 1
75 88 4
113 168 1
114 183 1
40 67 2
130 157 1
166 260 1
20 137 1
230 247 3
78 235 1
138 194 4
87 194 1
28 211 3
108 140 2
155 237 1
127 152 4
45 112 4
42 188 4
211 220 2
200 236 2
74 224 4
68 157 1
146 261 2
102 230 1
141 247 4
126 161 2
79 127 1
74 246 5
159 159 6
79 92 1
62 246 1
17 188 2
54 164 3
33 262 3
150 170 1
76 186 4
13 91 1
17 144 3
70 70 5
90 193 1
160 162 4
48 153 1
125 133 1
68 202 2
134 216 1
113 219 1
95 164 6
48 202 1
141 182 2
170 227 2
142 193 1
133 144 2
118 261 1
15 100 1
37 163 1
170 248 1
179 211 1
159 170 2
74 213 2
48 189 2
28 261 3
63 87 1
134 220 1
37 75 2
107 252 1
107 244 5
148 216 1
197 263 1
167 239 1
47 161 1
137 194 1
18 42 1
163 168 2
13 257 2
52 52 4
80 262 1
49 62 2
45 243 1
74 129 2
25 226 1
35 130 1
18 263 3
37 209 2
24 243 5
138 156 1
132 248 4
16 162 1
138 174 4
48 200 4
22 261 2
67 231 3
22 67 1
10 41 3
88 193 1
133 158 1
193 228 1
24 173 1
61 66 4
25 71 1
7 211 2
15 237 1
21 209 1
87 196 3
9 144 1
37 181 1
17 263 1
41 147 3
166 167 1
43 159 2
250 263 1
3 7 1
189 246 7
78 100 2
168 241 1
19 230 1
24 220 1
66 101 1
121 170 2
231 258 1
112 166 1
95 158 2
10 148 2
195 195 2
25 209 5
1 209 1
144 228 1
256 262 2
179 198 1
17 255 1
107 133 3
131 237 1
140 180 1
4 74 4
87 102 1
61 233 2
97 160 2
13 39 1
3 48 1
14 68 2
13 166 2
36 255 3
138 185 4
1 223 1
163 203 1
183 238 1
45 168 1
132 153 1
95 197 1
22 263 1
17 170 6
17 74 4
5 100 1
137 189 4
76 234 2
25 164 7
40 209 3
82 181 1
57 100 2
70 88 2
88 226 4
42 235 5
65 191 1
102 148 1
37 225 1
146 256 1
148 259 1
47 88 5
25 89 4
18 234 1
39 138 4
209 257 4
74 174 1
37 246 3
170 221 1
33 263 5
133 234 3
133 133 3
67 209 1
100 227 1
25 208 2
167 237 1
144 198 1
71 85 3
132 240 2
34 49 2
144 152 1
17 17 2
60 141 1
54 186 6
37 66 2
96 148 1
82 262 2
147 236 1
12 256 1
36 256 1
69 75 5
22 45 1
148 244 1
124 161 2
233 243 3
50 221 2
80 229 2
219 236 1
48 83 1
107 215 3
220 246 1
69 106 1
41 185 1
84 138 1
50 54 2
46 186 2
90 130 2
45 225 2
86 86 3
52 232 1
148 260 9
122 132 5
93 169 1
10 262 1
100 221 1
97 143 1
43 168 1
24 148 4
61 74 1
18 186 3
155 261 1
26 79 1
28 82 1
140 208 1
83 135 1
127 243 3
18 163 1
20 41 1
3 133 1
200 220 2
213 262 1
82 113 1
48 95 2
152 241 1
67 68 1
151 157 1
101 146 1
114 243 1
129 236 6
92 263 1
197 262 1
56 179 1
69 141 1
152 249 1
77 228 1
48 182 2
88 223 2
65 143 1
65 151 1
141 255 8
227 230 1
220 231 1
107 157 4
17 158 1
100 133 1
113 242 1
77 80 1
140 165 3
37 236 1
121 237 1
61 232 3
80 232 6
7 144 4
60 60 1
13 65 4
236 255 4
20 48 1
32 155 1
44 164 1
14 43 1
78 78 1
127 137 3
63 90 1
168 223 1
43 97 2
43 225 1
79 252 1
224 226 2
45 145 2
117 225 3
163 195 1
68 174 1
100 202 1
16 148 1
150 237 1
66 262 1
39 222 3
41 129 2
142 255 6
61 262 1
144 248 1
116 235 2
62 169 1
31 147 1
35 79 2
22 229 1
97 256 1
168 239 1
167 247 1
80 261 6
62 65 1
36 125 1
82 140 4
119 261 1
151 205 1
224 260 2
43 256 2
215 229 1
80 157 2
60 75 2
132 250 4
62 255 1
116 130 1
246 260 4
28 202 1
89 238 1
89 114 1
98 145 1
109 261 1
37 216 1
128 166 1
90 198 2
25 217 1
10 233 3
74 147 2
2 220 1
198 234 1
28 144 1
12 52 2
63 162 1
198 249 1
49 142 2
26 228 1
129 200 1
62 161 2
205 254 1
197 258 1
127 194 1
127 262 3
115 164 1
119 239 1
7 74 2
127 200 1
231 250 1
114 200 2
106 174 1
32 75 3
33 202 1
83 263 2
113 198 1
70 82 1
201 262 1
130 215 1
129 249 2
152 250 1
19 83 1
83 146 1
106 230 3
74 212 3
69 158 1
40 61 1
36 142 1
23 133 1
37 229 2
4 61 1
48 210 5
13 83 1
100 120 1
79 177 1
67 130 1
24 147 1
90 195 4
75 167 1
106 106 5
167 238 1
55 100 1
25 80 2
98 144 1
135 186 1
60 76 1
70 89 1
49 63 1
146 198 2
166 241 1
63 186 2
167 262 1
36 52 2
148 157 1
112 158 2
209 245 1
12 228 1
86 100 1
145 160 1
116 173 1
62 248 1
157 162 2
67 80 1
8 186 1
113 188 1
69 168 5
217 246 2
93 209 1
127 148 1
17 244 1
100 212 3
42 81 1
95 223 2
70 137 1
93 166 4
66 142 5
75 101 1
26 114 1
230 259 1
158 228 1
234 235 1
35 219 1
181 226 2
119 236 1
66 160 1
68 171 1
56 239 1
138 219 4
137 182 1
95 201 1
32 242 2
80 215 1
3 236 2
46 238 1
11 230 1
197 229 1
36 42 1
135 237 1
60 239 1
37 90 1
107 200 1
152 254 1
241 254 1
106 127 1
48 241 1
39 76 1
14 113 3
52 239 3
87 150 1
69 161 2
102 162 2
147 186 3
144 226 1
92 262 1
162 250 2
89 249 3
89 188 2
42 158 2
163 215 3
215 239 2
157 164 2
24 144 1
227 236 1
1 234 4
233 257 1
213 235 3
37 137 1
7 256 1
61 152 1
3 215 1
74 127 2
14 228 1
37 49 1
140 215 1
16 35 1
189 233 3
1 43 3
82 144 2
3 15 1
220 237 3
53 162 1
148 223 1
111 186 1
2 132 1
2 201 1
201 201 1
149 161 1
142 165 1
188 188 7
75 243 1
100 185 1
140 210 1
216 231 2
107 180 1
95 249 3
100 190 1
13 111 1
62 88 1
225 229 1
210 231 1
71 161 3
116 226 1
123 162 2
51 87 1
155 230 1
29 237 2
234 248 1
203 236 1
3 161 1
16 230 1
15 130 1
125 146 1
26 87 1
100 241 1
195 229 1
7 212 1
88 149 1
43 194 1
106 228 2
151 182 1
76 239 1
70 162 3
63 238 1
87 244 2
40 238 3
70 173 1
71 113 1
45 62 1
162 235 1
98 164 1
55 163 1
6 164 1
117 164 1
82 134 1
198 246 1
170 208 1
16 88 1
48 208 1
71 188 5
26 178 2
220 261 1
53 263 1
62 170 1
106 257 2
21 66 1
17 62 1
55 261 1
78 263 1
68 76 3
75 195 1
64 230 1
50 177 1
196 209 1
51 140 3
69 116 3
142 174 1
78 248 1
20 230 1
207 207 2
141 212 1
89 233 2
52 238 1
238 241 2
126 132 1
106 161 3
141 196 2
49 233 5
28 238 1
10 137 1
65 91 1
134 260 1
114 190 1
28 121 1
225 246 1
97 228 1
89 237 3
14 155 1
202 232 1
236 247 1
174 226 1
133 230 6
75 212 2
163 191 1
43 69 1
81 259 1
26 161 3
54 189 1
189 225 3
186 210 1
8 142 1
235 236 2
28 164 2
33 85 1
45 61 1
60 97 1
18 236 2
152 168 1
5 137 1
94 140 2
142 160 2
4 166 1
43 52 1
13 147 3
88 244 6
6 236 1
92 140 1
72 90 5
88 129 2
211 257 1
155 229 1
171 229 1
158 196 2
128 262 1
87 149 2
52 143 1
129 256 1
179 262 1
10 90 3
21 138 1
28 163 2
50 52 1
114 130 1
17 37 1
157 249 1
113 205 2
45 85 1
17 66 1
24 119 1
129 209 1
37 179 1
202 215 1
151 261 1
25 42 1
192 234 3
52 263 1
64 126 1
126 126 1
68 183 2
33 34 2
88 98 1
64 226 1
23 140 1
193 226 2
177 234 3
48 160 4
168 184 1
151 247 2
119 143 2
91 231 11
25 255 1
144 173 1
95 202 1
40 226 1
194 223 1
229 250 1
10 24 1
213 237 1
37 238 1
24 261 2
26 261 1
14 106 2
79 218 1
242 250 2
52 142 2
34 68 2
63 230 1
165 236 1
129 208 1
218 222 1
61 125 1
14 141 1
153 159 1
125 243 3
127 161 5
79 192 3
100 205 2
106 186 3
157 239 1
203 215 2
90 106 3
50 190 1
68 210 1
230 254 2
35 155 2
179 209 2
92 164 2
141 194 1
125 129 1
174 179 1
42 93 1
125 196 1
28 237 2
135 141 1
107 202 1
76 209 2
153 220 1
13 198 1
142 225 1
155 161 1
36 89 1
40 190 1
125 152 1
167 230 1
92 234 1
138 203 2
9 162 1
85 89 2
89 190 1
26 100 1
66 243 1
130 216 3
91 236 1
168 247 2
149 261 1
197 238 1
67 234 2
43 179 1
166 200 3
170 251 1
71 137 2
148 178 1
40 100 3
228 249 1
148 200 1
75 208 2
70 125 1
14 224 1
160 246 1
80 238 1
25 146 1
72 188 3
164 195 1
145 168 2
22 164 3
244 247 6
81 128 3
74 261 3
144 217 1
170 254 1
32 182 1
62 186 4
34 211 1
164 171 1
49 205 1
38 162 2
11 68 1
52 133 1
142 248 1
111 231 1
87 243 1
53 246 1
113 225 2
36 246 1
161 235 1
13 133 1
54 233 1
160 186 2
133 161 1
63 141 1
173 262 1
137 235 1
34 79 1
95 262 1
98 230 1
185 230 1
94 236 2
247 262 1
138 254 1
75 248 1
11 144 1
125 244 1
106 189 1
27 132 1
116 144 1
85 113 1
193 202 3
135 145 1
75 136 2
52 151 1
50 189 4
158 257 2
41 205 3
133 148 1
87 183 1
166 224 1
33 257 3
18 75 2
87 168 1
48 188 2
37 198 1
97 224 1
186 215 1
29 170 3
163 228 1
49 54 1
164 248 1
66 247 1
100 157 3
149 162 1
41 219 1
77 155 1
182 262 2
45 129 3
205 211 2
159 238 3
97 196 1
67 100 1
42 254 3
119 166 3
68 146 2
12 164 1
48 258 1
102 234 1
49 225 3
67 256 1
56 260 1
24 213 1
173 173 1
20 263 2
203 222 1
28 134 2
48 117 1
48 136 2
86 107 2
212 230 1
147 230 2
72 72 2
82 93 1
239 241 1
160 238 1
68 250 1
119 119 1
10 158 1
92 170 1
49 71 1
141 200 3
10 139 3
140 169 2
141 147 1
58 236 1
49 228 1
13 241 1
62 100 4
198 230 2
54 239 1
133 231 1
113 190 1
80 260 1
171 236 1
37 193 1
71 186 2
85 163 3
127 220 1
87 133 1
91 203 1
151 194 1
224 227 1
45 50 2
100 189 4
15 170 2
186 227 1
71 193 1
133 162 2
239 240 1
100 182 4
50 146 1
25 75 1
126 163 1
36 249 3
164 213 1
149 181 1
14 77 2
45 157 1
168 209 1
73 234 1
4 143 1
182 261 1
141 167 1
52 62 1
42 243 2
14 22 1
141 188 2
66 137 1
130 239 1
33 188 1
94 238 1
39 182 1
83 113 1
7 88 2
116 215 1
50 172 1
205 205 1
51 218 1
70 130 1
89 261 2
107 216 1
186 258 3
126 159 1
120 237 1
37 114 4
39 143 2
120 142 1
28 107 4
78 247 2
179 181 1
140 183 2
42 181 1
37 82 1
133 228 1
12 233 2
114 174 1
26 88 1
35 170 1
217 225 1
189 195 1
93 246 1
49 229 1
220 249 1
168 255 1
142 256 4
132 245 1
153 239 1
36 225 1
81 166 1
152 220 1
89 246 2
95 263 1
74 82 1
127 162 2
48 52 1
46 138 2
48 49 3
93 146 1
20 151 1
174 174 1
107 131 1
151 255 1
17 35 2
37 239 2
159 234 1
147 166 1
168 244 1
166 255 1
83 148 1
164 259 1
97 254 2
88 157 1
49 112 1
162 197 1
179 246 1
202 202 1
183 229 1
56 234 2
120 164 1
98 107 1
162 200 1
40 112 1
50 106 1
115 132 2
172 216 1
19 19 1
9 186 1
32 137 1
35 82 1
71 181 1
97 151 1
26 246 1
29 142 1
169 230 1
45 89 1
164 190 1
170 190 1
48 92 1
120 244 1
181 217 1
130 144 1
158 197 1
151 185 1
21 126 1
148 212 1
11 145 1
76 236 1
45 195 1
17 76 1
20 75 1
212 236 1
54 112 1
29 261 1
211 216 1
85 239 1
51 237 3
119 170 1
107 119 1
189 232 1
56 144 2
166 226 1
120 224 1
151 226 1
70 163 2
7 45 1
211 243 3
54 79 1
56 224 1
80 239 1
32 68 1
70 236 1
129 151 2
188 229 1
79 196 2
248 261 1
56 246 1
7 158 1
75 255 1
33 36 1
140 213 1
74 193 1
241 244 1
127 158 1
212 246 1
162 247 2
132 253 1
85 161 1
121 234 1
116 211 1
14 226 1
92 215 1
62 234 1
92 162 1
190 233 1
1 4 1
205 215 3
113 241 1
134 246 1
202 231 1
202 226 1
85 100 1
107 217 1
45 227 1
41 255 2
136 162 1
260 262 1
193 244 1
138 149 1
227 227 1
56 173 3
36 262 2
28 79 3
79 147 1
143 212 1
157 196 1
162 213 1
39 39 1
136 200 1
186 208 1
213 216 1
137 208 2
148 257 4
123 230 2
161 197 1
24 45 1
35 195 1
49 50 1
24 224 2
35 261 2
88 115 1
81 254 2
200 231 1
117 177 2
225 236 3
152 261 1
35 35 3
41 94 1
87 178 1
129 211 1
228 255 1
42 226 1
148 195 1
35 71 1
206 230 1
162 225 2
37 62 1
85 170 1
36 170 1
142 252 1
48 126 1
142 212 1
26 244 1
228 257 1
198 229 1
37 205 1
117 163 2
37 147 1
130 161 1
214 229 1
87 245 1
107 159 2
25 193 1
170 173 1
87 188 1
10 216 1
68 165 2
7 86 1
75 185 1
7 167 1
44 132 1
12 229 1
122 162 1
147 159 1
47 74 3
125 260 1
134 230 1
65 225 1
5 13 1
227 246 1
37 142 1
87 260 2
107 152 3
41 126 1
45 106 1
200 223 1
55 228 1
82 83 1
14 25 1
130 209 1
177 225 1
163 167 1
61 239 1
12 262 1
102 186 1
134 170 1
196 258 1
66 106 1
49 263 1
76 233 1
215 218 1
86 138 1
141 177 1
82 231 1
16 211 1
65 263 1
39 229 4
179 261 1
80 146 1
71 197 1
196 234 2
36 114 2
28 35 1
125 257 1
146 202 1
144 227 1
72 193 1
61 238 2
35 229 1
87 227 2
152 191 1
40 129 1
39 40 1
74 225 1
79 117 1
179 218 1
160 229 1
94 241 1
38 222 1
15 236 2
200 234 1
130 173 1
74 95 1
91 107 4
36 233 1
86 231 1
45 215 1
8 263 1
202 246 1
27 236 1
163 200 2
70 159 1
17 33 1
95 209 1
4 106 2
50 89 1
181 247 1
12 238 1
34 164 1
227 228 1
189 257 1
26 62 1
193 238 1
68 195 2
75 258 1
62 262 1
155 193 1
31 113 1
107 160 1
51 263 3
124 230 1
82 233 1
127 169 1
60 234 1
74 259 1
24 72 1
36 76 1
188 226 1
32 141 1
19 64 1
107 135 1
78 182 1
22 233 1
68 94 1
56 233 1
93 256 2
173 205 1
230 245 3
61 247 1
113 159 1
88 242 1
1 144 1
22 170 1
43 93 1
130 134 1
93 134 2
89 194 1
89 216 1
93 219 1
141 257 1
120 233 1
71 75 2
121 161 1
34 113 1
137 259 1
129 193 3
65 72 1
75 257 1
140 159 1
170 201 1
87 98 1
40 75 1
182 186 1
68 85 1
216 239 1
26 217 2
51 153 1
88 227 1
29 162 1
87 190 1
29 141 1
155 231 1
22 54 1
227 261 2
11 88 1
25 43 1
125 134 1
140 257 1
77 138 1
179 213 1
41 119 1
84 186 1
101 237 1
85 181 1
142 205 2
98 161 1
74 182 1
1 13 2
41 58 1
200 261 2
135 236 1
62 211 1
90 102 1
35 177 1
92 148 1
55 75 1
193 223 1
208 213 1
164 251 1
68 134 1
128 162 1
39 95 1
9 100 1
4 49 1
181 254 1
65 69 1
202 263 1
90 126 1
72 249 1
14 65 2
87 122 1
137 247 2
50 260 1
36 237 1
43 215 1
92 143 1
81 161 1
7 87 1
68 176 1
153 243 1
7 182 1
80 177 1
48 169 1
77 164 1
107 197 1
88 172 1
173 233 1
180 193 1
189 239 1
121 238 1
137 173 1
98 234 4
42 121 1
121 130 1
153 236 1
45 52 2
25 133 2
71 71 1
157 223 1
181 198 1
136 183 1
18 237 1
140 240 1
79 220 2
55 107 1
93 135 1
5 237 1
50 124 1
100 228 1
24 49 1
90 248 1
213 248 1
65 160 1
60 261 1
83 87 2
148 191 1
136 254 1
141 157 1
200 209 2
26 165 1
116 182 1
51 142 1
85 189 1
97 217 1
173 193 3
91 116 1
130 140 3
195 234 1
164 189 1
107 177 1
175 186 1
181 227 1
90 133 1
28 68 1
90 190 1
50 205 1
66 189 1
14 189 2
70 179 1
75 189 1
193 261 1
151 254 1
102 193 1
22 246 1
62 97 1
123 137 2
233 252 1
90 185 6
55 142 1
3 74 1
78 168 1
116 254 1
26 140 1
136 163 1
178 229 1
76 148 1
211 260 1
150 233 1
43 134 1
114 149 1
55 90 1
237 247 1
47 136 1
141 208 1
98 125 1
35 117 1
129 160 1
132 207 1
54 68 1
87 220 1
225 237 1
130 224 1
7 257 1
198 263 1
217 234 1
162 188 1
114 227 1
24 232 1
121 230 1
56 238 1
56 148 1
1 41 1
155 155 3
91 233 1
188 246 1
220 244 1
78 244 1
12 211 1
25 168 1
33 75 1
81 100 1
21 87 1
87 171 1
36 66 1
92 193 1
57 95 1
52 226 1
153 244 1
48 174 1
51 79 1
50 64 1
52 75 1
106 125 1
41 209 2
11 237 1
151 193 1
74 146 1
46 174 1
124 162 1
97 195 1
14 131 1
72 170 1
3 242 1
81 210 1
183 234 1
69 174 2
221 229 1
211 244 1
55 164 1
196 198 1
40 225 1
87 218 1
117 122 2
36 230 1
150 164 1
158 225 1
89 256 2
48 177 2
151 220 1
143 257 1
1 154 1
188 225 1
193 217 1
19 129 1
80 90 2
21 108 1
42 205 1
20 141 1
14 50 1
66 195 1
36 261 9
36 97 1
22 72 1
116 181 1
198 236 1
208 232 1
45 127 1
9 142 1
72 215 2
148 188 1
34 234 1
77 148 1
56 196 2
124 234 1
131 186 1
173 196 1
143 251 1
56 226 1
97 223 1
13 51 1
160 198 1
25 74 2
183 254 1
7 28 1
83 236 1
32 249 1
7 95 1
90 200 1
25 70 1
25 62 1
42 89 2
193 263 1
204 204 1
94 170 1
11 162 1
8 233 1
22 114 1
203 230 2
85 216 1
72 80 1
48 69 1
97 218 1
165 198 1
86 216 1
80 173 1
32 230 3
14 223 1
76 215 1
129 177 1
76 85 1
20 248 1
143 165 1
161 210 1
41 188 1
94 235 1
29 236 3
247 247 1
92 119 1
169 255 1
76 100 2
142 182 1
19 131 1
165 239 1
42 60 1
140 254 1
173 234 1
68 247 1
42 177 2
139 205 1
123 222 1
10 189 1
35 88 4
97 238 1
114 242 1
205 218 4
39 89 1
183 244 1
140 235 2
101 229 1
182 237 4
51 152 1
130 179 1
76 140 4
24 212 1
72 239 1
37 76 1
137 139 1
28 73 1
63 198 1
145 167 1
76 88 6
63 148 1
39 91 1
55 144 1
123 238 1
23 70 2
19 143 1
182 216 1
192 223 1
230 242 3
36 41 1
85 195 1
48 254 1
86 226 3
79 254 1
55 216 1
222 233 1
147 248 1
216 263 1
86 218 1
45 155 1
218 218 1
61 210 3
10 124 1
76 208 1
14 49 7
92 157 1
74 76 3
129 143 1
3 153 1
51 161 1
117 186 1
35 205 1
9 129 1
4 31 1
10 92 1
78 254 1
88 201 3
129 215 2
68 219 2
115 140 2
48 85 2
133 214 2
3 237 2
230 248 2
29 137 2
39 237 3
71 239 3
212 252 2
38 205 4
35 50 4
186 240 2
35 188 2
48 111 2
78 129 2
203 258 2
237 250 5
32 186 2
85 137 2
121 121 2
68 119 2
4 60 6
7 22 2
92 134 3
91 141 2
219 234 2
51 69 2
80 188 2
200 211 2
37 77 2
169 200 3
25 205 2
7 235 2
18 208 3
16 92 2
15 43 2
177 216 2
94 248 2
23 244 4
76 165 2
49 55 2
69 90 3
53 129 3
7 42 2
19 116 2
56 235 2
75 182 4
91 209 2
90 213 2
22 181 2
76 170 6
91 228 2
85 129 4
22 37 3
22 161 2
131 203 2
181 216 2
222 231 2
78 183 2
95 152 2
130 258 2
149 210 2
37 117 2
117 226 2
174 212 2
137 169 2
32 42 4
76 155 2
35 39 2
208 226 2
76 92 7
89 142 2
39 49 2
64 87 3
71 234 2
89 193 2
65 71 2
76 188 3
187 210 2
88 222 2
61 72 2
141 180 2
71 238 4
11 37 2
13 167 3
140 195 3
22 257 2
72 137 6
14 227 2
148 203 2
76 205 2
182 229 2
51 230 3
98 122 2
235 248 2
140 259 7
85 85 3
39 121 2
26 48 4
61 213 3
55 162 2
89 168 2
10 228 2
79 212 2
89 116 2
97 222 2
22 198 4
21 39 2
81 247 2
39 186 2
82 214 2
89 165 2
95 155 2
91 142 2
29 67 2
249 257 2
90 182 3
60 69 2
20 231 2
143 182 2
114 182 2
58 170 2
139 170 2
78 177 2
75 225 2
51 185 2
197 235 2
42 61 2
49 194 3
177 215 2
198 215 2
136 240 2
51 136 2
213 259 2
74 81 2
51 238 2
210 237 2
130 133 2
119 186 3
21 210 3
35 168 2
33 76 2
33 39 2
195 232 4
136 168 2
108 239 2
151 183 2
133 149 2
155 236 2
3 261 2
147 161 1
51 90 2
51 231 7
98 229 1
22 162 2
161 215 1
11 21 1
25 131 2
77 140 1
112 225 1
65 254 1
126 213 1
37 169 1
51 61 1
74 145 1
10 205 1
121 205 1
72 230 2
19 164 1
38 180 1
48 147 1
37 233 1
167 248 1
35 231 1
89 225 1
82 130 1
150 225 1
97 219 1
141 222 1
23 235 1
49 106 1
49 91 1
74 130 1
40 155 1
136 167 2
60 235 2
51 145 1
35 98 1
117 151 1
76 77 1
35 139 1
91 140 1
77 181 1
117 188 1
7 17 1
76 177 2
69 147 1
18 144 2
39 50 1
234 247 1
51 68 1
131 155 1
38 130 1
41 258 1
101 130 1
92 198 1
42 250 1
55 237 2
193 200 3
72 76 1
38 50 1
88 155 1
89 143 1
72 141 1
19 151 2
239 250 1
47 119 1
41 183 1
89 177 1
39 203 2
119 161 1
167 242 1
42 76 1
18 170 1
91 186 1
88 92 2
49 166 1
82 216 1
18 215 1
119 208 1
42 49 1
147 259 1
42 185 1
34 90 1
129 243 1
91 216 1
56 74 1
80 117 1
15 74 1
76 226 1
139 226 2
48 218 1
14 232 1
75 77 1
37 71 1
22 95 1
149 216 1
96 234 1
36 177 1
51 133 1
76 127 1
186 242 2
137 191 3
89 155 1
150 155 1
94 231 1
15 139 1
243 258 1
94 157 1
68 179 1
22 108 1
82 191 1
55 146 1
41 56 1
15 15 1
4 212 1
194 235 2
139 146 1
119 234 1
16 223 2
89 230 1
179 215 1
129 135 1
78 194 2
119 167 1
10 244 1
123 210 1
95 218 1
152 213 1
177 181 1
17 36 1
18 69 1
76 232 1
115 262 2
212 234 1
25 76 1
90 212 1
24 182 1
171 188 1
61 85 1
69 164 2
36 252 1
81 209 1
96 107 1
37 55 1
49 72 1
86 180 1
26 211 1
165 188 1
218 231 1
122 122 1
170 235 1
77 77 1
136 246 1
147 167 1
7 61 1
50 55 2
81 243 1
155 170 1
16 263 1
81 236 1
37 150 1
130 141 1
215 253 1
122 161 1
32 259 1
32 46 1
47 106 1
88 167 1
90 131 1
91 195 1
63 228 1
121 262 1
71 142 1
20 88 1
137 213 1
175 216 1
73 130 1
18 229 1
177 218 1
165 209 1
74 216 1
94 142 1
150 260 1
61 117 1
50 198 1
76 235 1
168 216 1
91 244 1
165 169 1
123 246 1
47 213 2
63 74 1
92 137 1
129 262 1
155 165 1
4 97 1
200 235 1
22 142 1
47 152 1
76 90 1
25 72 1
97 146 1
168 212 1
45 159 1
129 228 1
76 152 1
69 237 3
182 254 1
86 170 1
140 184 1
70 261 1
47 179 1
108 244 1
185 213 1
188 233 1
29 186 1
149 155 1
71 225 1
9 53 2
166 216 1
18 116 1
47 237 1
130 131 1
75 89 1
18 137 1
51 81 1
94 143 1
39 72 1
56 263 1
50 257 2
42 220 1
20 213 1
13 108 1
48 190 1
35 55 1
67 224 1
135 260 1
219 229 1
72 238 1
24 78 1
65 145 1
97 149 1
17 165 1
39 164 1
136 186 1
76 181 1
183 237 1
141 213 1
37 189 1
17 194 1
90 119 1
78 242 1
35 163 1
81 113 1
48 205 1
37 124 1
145 201 1
52 119 1
95 149 1
171 244 1
41 182 1
71 148 1
216 255 1
113 136 1
68 117 1
91 100 1
93 244 1
35 41 1
211 235 1
150 246 1
236 258 1
25 91 1
22 177 1
72 232 1
67 212 1
235 254 1
90 247 1
208 244 1
62 75 1
36 168 1
51 74 1
97 133 1
233 254 1
120 168 1
4 77 1
116 191 1
72 77 1
