132 163 334
142 163 1548
231 232 97
141 186 348
140 263 1103
79 132 225
107 113 647
100 234 589
142 151 656
230 237 1094
48 229 300
161 236 1891
48 144 118
88 148 90
93 132 481
143 263 157
79 79 619
145 145 165
43 236 972
151 186 47
48 224 28
137 138 69
132 137 101
140 151 89
163 230 1451
237 263 1521
130 132 213
130 230 4
90 132 126
50 161 325
142 231 112
186 261 143
43 140 167
107 262 160
237 262 1091
100 162 616
138 262 160
107 132 230
48 237 579
161 229 1122
137 141 268
170 186 1431
80 162 16
79 144 507
215 215 1
215 249 1
13 162 114
107 230 416
132 236 157
43 230 613
43 161 665
239 263 512
186 229 388
230 238 470
74 249 9
48 142 1608
132 232 61
138 230 565
144 230 253
238 244 75
13 238 55
186 234 1347
186 249 644
68 161 677
161 239 749
143 239 1573
143 161 475
186 231 384
142 233 180
142 226 13
162 186 1108
79 186 715
142 238 2063
238 239 2949
140 232 27
13 68 234
132 233 180
140 186 265
87 211 130
170 220 2
88 186 62
107 233 513
234 234 533
68 230 981
158 186 322
48 186 1067
113 142 141
163 229 611
142 162 876
170 237 959
132 255 147
79 90 464
68 158 443
148 158 73
25 37 4
164 261 89
161 164 1549
116 142 54
163 170 612
100 230 1234
162 230 1340
170 236 521
186 233 484
24 238 424
79 141 226
79 164 488
262 262 238
162 249 331
13 13 105
13 144 143
79 161 501
140 229 988
132 230 601
13 230 211
142 230 1494
142 237 2194
237 237 2520
141 237 2307
141 263 1901
142 239 3265
132 164 367
141 233 684
137 162 526
229 233 746
137 161 347
186 230 2229
161 249 440
100 170 808
144 234 365
132 242 8
161 230 1697
140 143 139
151 166 535
79 138 127
137 148 142
140 231 83
132 216 187
132 247 10
48 246 1241
142 236 1764
140 141 1141
141 229 1327
137 229 531
82 137 6
148 161 193
144 262 27
132 152 11
141 142 916
236 236 2613
142 246 473
162 234 893
107 144 283
143 246 301
48 143 768
230 246 1034
229 239 247
107 239 129
107 137 577
161 233 576
132 226 127
116 166 80
116 246 13
48 239 884
164 234 1043
113 125 192
50 170 156
107 170 1648
13 231 714
13 224 19
164 237 516
68 142 475
68 234 1199
141 230 483
90 233 133
79 137 759
132 237 165
90 238 55
45 138 11
142 161 1403
162 261 87
42 78 4
62 138 13
129 138 276
69 132 12
107 186 1009
137 186 561
24 161 34
230 233 440
164 230 988
229 249 110
107 229 536
79 148 717
232 261 48
87 186 143
132 132 778
161 163 1394
158 230 303
163 234 538
236 238 1736
75 263 761
137 211 62
33 114 20
43 238 489
41 42 256
132 243 47
229 237 1297
48 100 629
100 163 651
113 113 220
233 234 364
50 231 71
117 132 9
114 230 223
163 186 892
138 223 173
171 223 1
140 161 627
143 230 594
61 138 46
113 114 483
161 162 1212
45 234 44
114 246 199
142 263 567
238 263 503
170 262 231
87 132 140
79 246 250
148 186 280
48 162 756
4 79 304
43 237 1002
107 142 209
140 249 56
162 231 268
75 236 906
42 263 34
42 42 103
262 263 1037
43 142 887
143 238 943
100 238 121
230 239 856
238 262 256
107 161 763
113 238 39
132 170 351
48 114 145
87 158 101
75 166 89
89 132 89
161 231 352
107 114 477
137 145 24
112 232 8
4 261 25
217 231 3
142 170 428
36 132 41
141 161 1213
236 237 5962
138 140 140
107 125 104
75 237 449
75 75 279
7 161 56
90 186 686
125 164 108
25 249 15
68 162 415
68 170 626
68 164 564
186 262 140
162 233 536
144 148 273
88 144 54
88 229 39
90 137 220
4 234 106
163 239 885
239 239 1163
48 161 1238
161 161 903
116 151 54
116 244 79
145 170 46
162 246 385
48 151 189
79 107 1125
142 234 321
132 186 169
100 142 330
41 151 312
132 181 191
161 186 1674
80 163 7
170 234 1810
48 238 524
163 238 503
162 237 2199
148 230 125
68 144 210
90 161 450
230 230 708
141 170 662
68 163 485
68 113 465
132 263 145
132 162 342
79 261 140
113 138 67
114 132 92
164 238 89
132 229 157
146 237 19
74 239 151
112 261 8
48 48 859
161 263 555
164 198 2
125 231 273
125 249 291
186 239 268
48 68 1463
186 263 195
79 224 156
75 107 54
79 211 427
164 170 1004
13 148 102
13 161 155
233 237 476
100 186 499
132 143 86
249 249 337
114 249 558
140 236 1318
114 236 78
231 256 19
75 170 72
68 90 889
90 234 759
234 237 530
113 170 565
163 249 235
229 236 903
137 140 207
24 229 20
13 249 300
82 231 2
45 161 35
138 141 174
107 162 1093
42 74 142
41 263 72
33 233 28
138 263 172
141 162 1410
229 262 485
230 236 747
79 234 1117
234 249 1175
138 161 360
100 261 69
170 263 354
163 164 598
140 238 244
161 237 2629
164 231 251
7 132 111
65 138 51
211 236 59
50 230 486
100 114 126
161 234 1669
140 215 7
68 143 243
233 246 104
90 107 617
90 211 203
151 238 1201
68 239 298
137 142 108
140 237 1450
140 233 405
1 162 18
33 33 26
158 233 60
100 237 328
144 164 222
229 230 722
88 246 54
107 138 149
163 237 1415
170 233 540
140 162 924
113 132 128
148 162 198
163 231 183
144 162 156
216 243 1
141 163 619
17 138 32
144 229 69
68 249 859
236 263 1991
142 142 898
68 79 406
132 134 68
233 236 288
47 186 2
1 229 7
144 231 402
90 158 392
161 211 243
43 132 76
43 100 125
45 163 23
100 107 290
236 239 1913
162 170 1398
152 244 17
152 169 1
50 141 75
43 162 369
97 97 37
162 164 815
113 161 539
33 249 25
161 246 616
142 224 26
48 79 226
45 233 29
233 249 109
246 246 436
68 107 515
138 138 222
75 140 199
43 48 303
163 246 589
151 239 1160
13 87 249
4 209 31
75 100 54
68 236 162
113 217 1
137 236 141
140 140 485
36 140 1
239 243 35
48 113 194
41 75 211
143 237 489
164 246 538
137 233 484
48 50 681
62 132 45
141 239 556
43 68 108
74 166 117
13 132 123
43 239 662
50 163 323
50 239 270
48 164 566
142 186 415
132 141 182
114 144 210
68 132 219
132 239 197
238 249 44
166 239 474
41 41 172
238 238 718
237 239 1305
140 211 37
231 249 721
114 231 386
162 229 1019
161 170 1310
263 263 587
138 163 259
144 249 355
125 186 148
114 148 244
88 107 79
142 164 355
68 148 148
114 186 337
41 132 45
229 263 678
229 229 382
138 239 172
140 239 299
114 237 143
87 162 156
38 132 32
107 234 849
166 238 675
43 141 396
48 132 360
148 188 7
226 226 73
90 170 521
75 151 191
140 142 433
164 186 523
179 186 7
132 211 78
137 170 615
233 233 147
186 237 534
113 186 502
236 246 166
158 170 181
55 138 2
13 100 83
148 211 228
89 138 27
41 101 1
231 261 312
211 234 452
24 41 112
142 143 1317
68 186 847
140 262 1054
243 263 5
158 249 428
114 158 213
114 211 194
50 143 292
107 246 260
225 230 5
48 141 248
90 246 715
186 246 880
113 230 364
33 132 84
79 158 237
186 224 131
80 107 5
148 232 121
75 87 17
143 262 68
132 238 167
14 107 2
140 163 337
50 93 2
87 202 4
87 249 150
24 140 32
48 230 1330
25 54 13
45 170 47
107 249 487
113 234 948
140 170 374
1 161 24
230 261 195
7 7 89
230 234 862
75 224 6
49 181 9
100 113 187
75 229 102
75 141 259
68 246 1075
68 68 660
94 141 3
138 225 30
75 142 187
141 151 104
107 107 379
56 82 4
113 249 727
48 127 14
142 166 306
68 125 168
158 226 4
48 170 615
164 239 181
107 263 168
138 146 34
79 113 873
68 237 262
48 249 320
186 186 163
186 236 372
170 211 189
13 246 282
13 48 137
13 43 12
88 100 15
138 181 85
144 232 91
48 234 568
137 234 458
68 231 459
231 236 105
144 144 87
90 249 972
88 261 65
87 144 156
79 100 204
48 137 137
43 43 375
63 132 27
25 33 33
236 262 1719
239 262 349
88 164 28
158 158 128
164 164 262
141 141 925
41 230 112
138 246 64
79 233 484
166 166 224
140 246 63
100 164 423
161 261 126
141 236 2349
45 231 145
87 87 83
4 186 80
68 75 26
79 236 150
79 162 593
48 263 181
41 238 269
24 166 170
90 142 147
90 114 322
87 230 114
24 24 30
100 231 139
125 230 97
79 179 7
42 238 101
181 225 7
7 142 21
80 138 44
17 256 5
141 223 12
170 170 597
143 163 693
26 237 1
158 211 235
211 230 220
144 246 147
88 132 41
107 237 474
234 236 369
107 164 596
41 186 34
142 244 56
178 232 2
100 239 176
113 148 266
142 232 14
48 163 944
75 208 2
90 162 296
113 211 368
42 186 35
41 107 11
144 237 93
151 151 293
138 233 163
10 132 360
68 140 86
100 143 170
50 237 127
100 161 1035
148 243 1
79 170 881
127 142 13
76 132 59
144 233 90
132 231 167
50 142 473
142 261 25
132 151 82
141 168 13
74 75 530
50 262 27
48 236 483
162 236 1438
74 236 499
41 74 271
40 132 44
237 240 1
90 130 2
231 246 456
75 148 10
43 229 202
233 262 211
61 186 16
170 229 1010
139 140 1
48 233 215
4 100 32
132 189 83
107 226 14
41 68 25
41 152 64
114 142 79
100 144 115
100 246 576
48 138 192
68 211 232
223 229 25
48 158 281
114 161 326
158 161 216
158 232 17
170 246 444
209 249 33
52 148 7
100 236 210
166 236 234
48 90 478
162 162 695
163 211 126
50 162 202
132 142 210
129 237 16
24 151 192
162 163 928
162 263 741
132 219 193
132 262 123
50 164 140
161 256 29
158 237 104
45 75 8
236 249 116
133 138 10
158 231 462
224 224 20
137 262 121
45 209 34
87 90 72
90 239 112
166 230 60
10 100 5
138 196 1
13 140 47
162 239 505
50 186 292
14 132 54
125 239 19
17 132 75
113 143 55
158 234 421
113 158 366
163 263 352
75 132 87
48 61 4
132 148 143
170 249 468
102 132 22
68 141 108
138 142 152
148 234 298
152 186 9
42 166 79
132 146 43
114 170 336
41 138 62
163 262 234
151 230 158
142 229 523
33 37 4
13 186 199
79 114 709
114 224 36
114 164 257
142 262 404
113 223 10
143 151 267
68 87 102
50 132 79
50 249 111
48 244 36
79 249 853
144 161 227
41 236 203
4 229 46
100 140 134
143 143 386
90 256 14
231 237 134
48 148 94
148 246 105
50 151 72
45 246 23
49 112 1
107 261 80
138 226 59
43 263 304
132 246 74
90 262 51
132 161 408
13 79 179
100 249 273
95 132 157
7 70 3
43 69 1
164 211 181
164 227 4
62 181 6
68 100 457
42 138 57
43 170 150
164 233 403
141 262 1013
137 163 123
1 233 9
138 162 379
161 181 14
144 261 140
24 239 352
112 163 15
234 262 142
90 100 446
90 144 155
137 164 333
100 138 178
100 263 98
56 132 91
82 164 5
7 162 66
132 224 42
138 148 63
74 163 35
151 243 10
24 132 39
107 148 322
148 239 24
61 132 138
162 262 540
114 162 238
66 163 10
76 203 1
143 170 137
211 249 404
10 141 3
107 140 259
79 168 4
140 224 64
170 224 157
50 90 126
22 132 19
113 164 431
24 141 36
87 170 184
232 234 102
25 97 20
65 255 13
137 143 25
186 202 3
13 107 119
138 249 58
45 238 5
45 148 60
237 238 783
74 74 178
43 163 438
74 209 8
100 243 5
143 166 140
43 107 65
50 232 3
100 233 258
90 113 509
116 239 69
151 152 47
13 138 78
144 163 122
24 236 146
144 224 31
81 191 1
81 128 1
75 181 1
91 244 2
140 164 168
144 256 38
68 114 297
13 211 188
79 231 428
88 161 68
138 158 37
93 238 6
94 263 2
121 132 35
100 132 204
80 186 15
132 138 227
114 234 731
125 234 209
1 48 16
88 162 102
162 238 347
261 261 46
168 261 4
143 234 141
14 227 2
132 150 17
50 79 54
75 162 155
75 163 103
52 181 15
140 148 56
48 231 230
88 88 25
13 261 104
24 142 169
81 90 1
13 113 137
79 230 381
146 198 1
151 263 135
13 229 58
95 236 9
12 143 1
68 233 157
140 230 246
107 158 175
144 211 148
66 144 27
50 246 451
138 151 59
114 137 162
75 113 13
41 141 63
49 138 56
107 146 4
231 234 572
161 238 440
41 166 245
132 209 44
48 262 105
68 146 4
79 143 38
138 186 114
79 237 232
33 186 47
114 163 143
7 237 61
100 229 258
141 238 405
211 237 122
138 238 163
79 163 182
138 241 4
163 236 1120
113 239 89
138 256 41
170 261 78
170 230 973
89 190 1
129 226 18
112 132 97
141 166 67
24 237 84
230 231 291
140 181 15
138 202 14
43 246 104
137 230 204
90 230 478
50 50 122
231 231 444
7 141 43
45 144 87
90 141 87
37 138 35
135 230 2
186 238 148
88 231 148
48 261 109
90 138 82
127 244 13
67 100 2
14 67 3
74 142 68
132 215 151
144 186 242
43 151 176
132 213 11
158 163 131
132 155 41
87 138 116
62 158 2
37 144 3
164 229 407
13 137 47
137 237 168
24 244 16
132 182 8
42 152 43
92 138 46
144 158 181
127 144 2
170 179 10
233 263 323
137 224 131
232 233 46
49 132 85
4 249 70
52 132 33
7 179 57
7 80 1
142 249 125
143 249 47
249 262 41
232 262 7
107 141 286
79 87 268
112 138 73
143 229 108
237 256 10
7 138 112
164 236 286
143 236 399
50 229 58
40 140 12
71 177 1
132 139 34
132 144 90
80 132 104
234 246 845
79 229 391
7 230 36
138 236 216
17 162 7
74 262 122
41 43 104
50 138 50
151 237 227
43 261 12
107 231 264
18 162 2
75 238 394
68 209 24
158 246 412
42 127 2
49 65 12
163 261 53
48 256 6
151 229 53
158 162 185
13 142 75
113 232 79
138 164 250
138 170 245
186 189 10
41 65 2
87 231 411
170 238 168
65 97 34
97 148 9
113 141 93
114 114 101
68 262 60
66 125 7
45 261 49
152 166 103
43 143 224
132 145 151
68 224 40
48 145 16
121 138 8
209 231 121
209 211 34
7 186 29
239 249 100
87 163 62
42 75 94
158 164 197
7 193 32
50 88 26
68 229 150
230 243 21
116 140 9
90 263 42
12 231 15
90 143 98
132 249 101
162 224 99
24 48 79
48 107 253
230 249 442
13 125 128
82 83 4
114 255 10
138 234 106
74 100 23
142 211 69
151 262 72
107 163 265
107 166 13
143 186 206
75 239 196
49 144 27
24 75 57
48 75 80
83 141 2
41 239 238
41 142 147
163 163 343
132 179 35
67 211 2
148 170 208
50 68 388
68 261 111
87 100 45
137 188 2
15 138 17
246 261 119
143 162 284
226 239 5
228 258 1
132 158 90
141 234 300
24 107 16
164 224 61
100 209 23
132 234 147
164 249 356
145 164 37
1 236 4
114 233 85
48 146 11
211 231 387
170 232 89
249 256 21
148 148 125
43 113 67
152 238 76
37 246 3
74 116 37
181 246 23
113 237 230
127 143 2
244 244 42
24 137 5
152 152 18
43 164 159
54 256 2
68 112 10
26 217 1
34 76 1
68 256 16
113 181 20
68 151 65
162 209 43
144 170 224
163 233 301
66 161 21
148 249 236
87 88 110
48 87 86
87 236 53
161 232 54
40 186 13
24 243 11
142 152 26
155 236 2
69 248 2
132 157 50
260 260 16
13 236 41
166 237 122
138 143 73
42 244 35
40 138 22
113 233 140
42 114 7
13 164 104
100 181 13
41 90 12
132 248 6
138 198 20
164 263 162
138 191 6
74 263 358
100 145 17
170 239 230
90 244 10
33 107 38
33 49 7
43 75 133
88 230 82
134 152 1
43 186 191
24 223 4
79 112 11
79 263 132
158 181 11
68 217 1
132 220 17
41 237 126
75 262 213
13 45 50
66 148 17
181 249 24
49 237 6
146 161 22
42 116 60
132 198 62
179 223 8
148 233 112
65 170 20
116 236 24
50 243 7
141 226 33
246 249 554
40 142 8
65 74 1
85 186 3
163 243 16
237 246 261
87 164 90
79 256 36
114 140 48
33 40 31
49 88 10
138 183 4
107 188 6
14 230 3
142 181 11
28 132 190
163 166 86
4 132 40
141 143 213
232 256 8
232 249 58
42 236 82
90 163 275
75 143 62
74 138 56
50 123 3
181 231 67
112 189 1
37 225 6
140 209 29
87 143 22
41 48 66
1 163 18
162 226 29
99 173 1
113 162 363
33 162 73
138 166 62
138 224 29
50 87 26
113 261 98
52 138 22
226 249 2
138 139 2
138 244 57
236 244 17
158 224 17
56 142 2
24 143 64
158 261 108
170 231 303
234 239 264
151 233 23
162 193 2
132 244 56
68 238 159
132 140 123
114 229 105
36 138 23
74 238 148
41 170 41
100 224 24
90 237 194
100 137 207
168 238 1
81 230 1
141 164 255
45 232 53
74 237 148
13 66 17
148 181 18
29 181 1
224 229 74
132 254 11
75 116 21
82 132 91
90 231 330
151 158 13
74 107 18
226 233 12
33 234 49
166 229 27
158 229 39
145 263 17
80 231 5
4 230 25
74 140 124
161 262 452
64 132 20
41 161 88
87 113 110
40 161 13
100 146 7
66 237 12
13 158 273
138 144 40
83 138 14
65 65 22
229 255 10
234 257 7
146 170 6
52 68 15
25 231 46
89 186 10
151 234 49
100 141 149
87 114 125
28 249 3
33 138 58
140 158 20
113 231 513
138 227 5
230 263 242
112 230 17
79 140 171
56 138 17
107 211 240
49 113 9
97 132 68
4 114 91
79 262 97
161 209 53
138 188 12
97 144 27
186 188 6
87 246 100
148 209 66
148 262 27
33 170 52
62 186 5
146 179 18
90 90 267
68 243 11
43 116 11
113 262 51
25 87 24
97 181 23
97 141 4
24 100 29
88 125 23
68 189 7
65 261 18
82 138 22
25 181 45
62 211 1
75 241 4
49 137 4
132 197 53
148 263 28
88 137 51
100 100 159
93 223 1
141 146 29
163 215 6
51 243 1
33 230 21
50 100 204
4 113 162
4 148 119
45 249 42
132 225 57
74 168 47
25 161 20
66 230 16
90 243 11
238 243 55
75 126 2
161 168 3
137 144 89
43 87 21
132 252 32
10 138 11
235 235 1
48 88 50
229 234 398
137 261 44
249 263 50
90 164 436
142 148 42
170 209 59
125 261 40
95 138 83
48 211 123
75 88 5
125 158 149
223 223 11
129 131 1
148 261 124
151 170 56
45 237 10
114 262 33
74 159 9
42 132 42
88 237 38
47 51 1
1 1 37
90 140 56
142 195 1
25 79 12
25 132 82
43 125 12
50 158 83
75 161 155
42 68 20
48 125 74
42 151 73
132 188 63
113 144 379
90 229 127
4 231 66
186 232 60
132 228 23
186 211 210
138 237 166
80 80 10
80 145 1
138 229 180
229 246 145
151 236 443
74 230 27
116 241 3
100 152 6
143 211 15
70 138 64
68 138 165
49 188 2
37 231 7
46 243 1
1 43 5
13 234 182
42 43 34
141 246 98
61 68 2
152 239 46
138 145 81
138 168 10
41 262 46
63 68 2
43 233 77
186 226 12
145 162 78
114 238 36
45 90 21
132 168 20
65 66 31
107 143 60
79 239 78
125 144 120
25 138 46
166 244 43
234 263 164
246 263 67
74 87 8
140 193 7
93 93 4
211 263 25
49 68 6
129 132 67
25 263 2
148 164 164
138 255 54
211 233 50
24 230 40
89 181 3
233 238 64
13 88 143
138 211 49
48 80 6
151 246 70
209 246 29
193 202 2
144 209 54
166 249 8
82 129 6
80 249 8
148 228 3
137 249 124
1 230 38
52 106 3
45 79 97
137 246 84
234 238 176
177 234 1
74 132 48
43 114 29
7 146 49
138 171 13
87 161 117
43 249 50
66 132 28
166 263 63
161 224 89
70 70 5
125 181 29
164 255 13
186 255 26
12 246 12
125 209 13
138 195 3
144 239 23
43 234 137
42 148 3
25 107 26
55 149 1
164 215 4
42 237 58
113 140 93
1 100 14
186 257 7
125 246 149
14 138 14
75 144 17
68 263 78
74 141 151
65 186 28
74 143 28
146 162 28
186 223 13
4 138 26
89 168 2
100 235 2
72 132 15
138 160 15
116 238 95
132 203 74
38 144 1
230 262 183
67 162 6
127 140 8
231 238 56
132 174 4
75 138 81
132 260 27
100 262 63
260 263 3
225 249 2
97 138 25
50 236 89
107 238 101
234 261 108
80 209 1
49 80 1
186 243 18
209 232 30
14 48 5
50 263 30
68 152 6
74 161 62
92 250 1
161 227 1
90 215 2
138 189 34
52 90 6
53 230 2
249 261 109
113 236 143
137 263 152
100 244 13
41 244 28
50 233 40
132 185 9
166 234 23
142 243 33
132 223 100
48 243 24
45 164 28
132 208 10
71 132 16
113 256 11
13 163 82
148 151 9
88 138 44
49 261 11
148 256 49
231 233 89
224 261 13
43 79 56
209 224 6
41 163 61
163 226 23
132 261 71
112 140 16
79 125 233
1 138 5
138 215 6
137 209 22
224 237 38
113 224 78
90 148 133
14 189 1
113 246 299
13 90 132
24 74 79
162 232 68
48 92 2
41 223 6
141 160 3
138 243 36
179 263 7
141 249 77
114 232 66
90 261 55
107 189 3
87 234 174
41 164 26
13 263 31
42 130 1
163 250 1
37 132 74
113 189 8
24 138 21
144 195 6
230 256 14
48 136 4
132 218 71
65 162 15
4 48 27
37 162 10
146 164 7
106 138 13
65 164 10
238 246 209
132 257 29
113 137 185
93 141 2
76 89 3
181 181 45
33 45 6
4 224 27
114 217 1
70 142 2
45 114 40
180 185 1
127 151 5
132 166 98
143 164 106
137 181 15
50 261 32
137 137 109
142 144 44
45 49 7
42 79 11
11 261 1
196 224 1
162 255 39
37 66 2
135 186 2
16 138 22
124 132 46
11 132 14
119 132 11
113 163 220
43 231 39
4 137 99
232 236 13
138 231 98
97 246 9
112 112 9
144 168 1
138 260 55
209 230 33
7 226 49
113 151 24
45 45 14
42 48 48
164 209 30
41 69 8
41 162 54
79 157 4
138 159 6
132 241 12
148 163 79
148 255 43
88 239 15
79 188 8
4 45 13
134 138 18
28 116 1
142 215 5
43 211 22
66 261 18
65 230 12
179 193 13
138 257 11
37 137 6
138 182 7
80 233 7
113 229 116
26 132 36
17 186 9
125 161 102
140 234 169
45 113 36
97 186 18
65 144 21
17 17 7
132 196 63
79 232 204
74 151 96
145 229 53
141 144 58
100 188 2
41 140 43
74 229 50
4 144 67
100 219 2
49 161 10
48 74 35
102 102 1
37 188 1
132 167 6
126 132 4
117 237 7
93 113 5
28 114 1
4 145 3
35 132 10
80 246 4
132 190 6
14 186 7
82 163 3
132 217 22
68 93 7
186 217 1
107 256 16
162 181 28
193 193 139
193 226 5
42 163 25
88 113 43
114 239 56
73 138 4
137 202 8
238 260 5
211 239 48
87 261 102
79 142 116
33 231 75
68 257 3
138 173 12
74 79 20
226 260 23
48 140 140
134 161 5
100 178 2
209 229 37
142 223 20
25 189 12
87 262 59
33 189 3
161 223 9
76 166 1
4 87 69
62 237 2
80 164 7
75 244 9
65 79 16
33 87 52
25 91 3
49 246 4
79 238 44
87 224 32
43 262 154
66 138 17
36 68 1
125 132 47
10 42 2
45 125 26
25 230 12
151 232 2
65 190 2
132 222 14
90 151 27
193 198 5
152 236 17
146 236 5
132 205 39
113 149 2
15 263 2
50 234 167
88 163 27
66 87 48
65 181 16
45 87 75
161 194 2
144 181 27
107 232 82
125 162 72
140 144 25
43 166 97
42 142 47
45 186 48
193 237 7
75 230 76
10 170 13
145 262 7
132 191 19
211 255 18
49 231 28
7 246 12
141 231 91
256 256 10
87 137 81
209 239 5
148 229 72
148 236 67
61 181 6
13 49 8
63 177 1
107 236 281
87 263 41
113 166 12
74 244 15
76 231 8
40 61 3
255 256 23
132 165 55
209 234 55
79 151 16
114 125 133
66 255 4
87 148 194
87 107 138
239 244 60
138 179 53
9 138 7
12 132 1
13 114 154
114 263 53
45 230 46
229 238 169
74 90 13
186 244 37
48 116 51
7 88 8
233 244 6
211 256 27
125 148 96
89 89 5
132 227 12
143 144 20
132 149 36
65 231 35
95 100 6
161 228 4
140 166 52
234 260 6
69 262 3
33 113 35
87 257 12
74 162 53
162 215 6
148 231 239
29 132 34
162 211 158
88 158 54
173 263 3
52 88 10
65 249 11
88 151 12
69 166 3
33 148 18
87 233 95
185 237 1
33 52 67
132 136 5
43 137 28
1 262 3
82 107 7
113 255 21
33 144 29
65 75 5
36 75 1
246 262 44
97 211 6
211 246 175
144 255 45
114 138 53
94 140 4
81 132 9
129 170 18
106 249 6
141 232 16
36 261 3
132 259 12
114 141 62
181 189 12
80 144 10
7 249 7
41 249 11
100 158 123
40 66 14
11 164 1
87 125 67
127 132 21
50 238 166
107 179 11
48 166 72
34 79 2
40 236 3
107 145 23
164 262 103
243 262 9
223 231 4
181 186 47
146 146 27
87 165 8
90 224 71
45 88 29
7 140 25
140 248 7
151 162 78
125 211 70
100 211 94
10 230 7
164 181 22
181 237 17
170 260 8
107 224 165
106 132 17
14 14 5
145 237 50
68 232 40
4 68 28
12 87 5
19 138 2
132 210 28
4 13 26
4 4 23
239 246 346
129 229 21
223 226 8
152 237 11
163 220 8
7 100 24
87 133 8
76 162 1
158 195 1
164 168 2
100 148 92
50 113 58
88 225 11
237 261 30
90 116 10
164 166 13
100 166 32
114 261 81
113 244 5
87 140 69
17 87 21
135 140 3
145 157 2
226 229 34
74 164 24
211 211 72
65 132 77
42 136 1
26 26 7
66 107 19
137 158 36
87 151 14
113 209 35
132 256 99
87 256 16
42 239 73
224 239 9
36 163 1
231 239 89
90 181 29
78 195 1
177 193 3
131 132 32
88 223 1
193 223 1
127 138 13
140 168 16
106 186 4
88 234 57
112 161 28
137 166 11
45 162 33
132 135 36
132 212 5
87 229 107
17 88 2
49 97 31
10 232 1
24 246 33
73 132 8
138 254 4
125 142 28
163 244 24
88 236 36
82 113 2
233 239 118
7 137 17
170 256 22
161 166 46
17 164 5
78 263 2
88 142 22
54 224 1
41 234 36
75 79 43
74 233 19
87 146 1
160 260 1
13 74 11
109 170 1
170 255 18
36 144 3
208 226 1
45 100 28
74 170 38
13 53 1
140 243 16
4 158 19
224 230 38
151 244 60
41 116 68
161 244 14
45 263 12
41 114 7
87 255 26
224 236 23
116 132 36
50 114 39
146 229 27
170 181 36
68 166 37
45 119 1
49 189 9
189 189 10
4 233 49
4 232 37
1 186 12
39 138 13
237 249 181
71 249 3
88 92 1
166 243 29
7 263 14
39 76 1
40 87 17
137 232 52
4 164 37
17 33 6
51 132 7
25 52 20
49 170 6
80 224 1
45 158 23
141 158 40
4 88 46
87 237 63
88 98 1
83 226 5
107 182 2
52 65 5
138 220 19
233 261 35
224 234 170
21 138 2
48 213 2
33 239 6
87 175 5
112 144 17
1 211 4
75 233 58
32 230 1
40 97 6
144 188 4
193 236 3
145 193 19
224 233 105
132 169 13
161 260 7
181 236 12
144 257 2
21 132 18
42 167 7
244 262 5
48 179 4
13 170 127
13 262 34
75 223 3
174 246 1
9 43 1
140 189 2
1 237 3
125 163 61
4 107 103
88 232 35
74 152 32
24 162 42
157 157 2
127 236 9
24 163 51
160 164 8
52 189 6
92 146 3
140 146 22
132 193 18
14 162 7
211 261 135
127 238 14
66 181 9
50 224 7
45 137 21
138 203 1
49 186 17
33 211 25
194 230 1
13 141 34
237 255 19
25 137 12
162 166 34
87 238 31
88 140 41
113 129 4
127 158 2
166 213 1
137 256 14
100 125 52
20 138 3
4 170 56
148 224 30
33 88 26
229 261 36
10 107 5
186 216 3
138 167 6
1 125 4
70 97 1
133 163 2
35 37 1
215 239 2
25 190 1
71 189 2
74 186 33
125 138 40
133 231 1
87 232 102
118 140 1
74 113 11
75 246 34
261 262 16
70 132 28
136 138 1
113 145 8
40 211 6
158 236 59
163 255 17
209 236 12
71 151 1
238 261 22
61 97 10
223 236 18
100 168 3
138 174 6
220 244 6
48 209 18
13 50 59
80 161 12
112 186 25
140 200 8
48 66 12
79 209 76
97 231 19
226 261 1
98 162 9
52 231 34
52 225 3
231 262 40
24 152 28
90 145 9
230 244 40
68 137 163
1 239 3
10 43 4
43 224 5
129 141 12
41 100 27
45 68 36
7 236 15
133 249 2
40 52 8
100 232 33
33 158 9
106 181 20
138 193 7
88 170 102
194 236 3
129 230 8
66 164 16
87 142 25
224 263 17
141 209 16
181 234 31
125 233 18
224 262 21
141 202 6
146 255 2
142 158 80
90 136 3
179 179 20
25 162 22
52 87 19
125 170 86
87 239 32
25 170 21
61 88 2
36 79 9
170 194 2
28 43 1
24 42 29
21 249 1
151 163 146
4 43 6
158 262 16
138 177 5
197 226 1
143 233 47
14 161 3
10 143 3
113 263 48
244 246 11
33 163 17
140 244 10
14 246 5
164 232 45
87 97 18
100 177 1
8 138 3
4 161 68
39 88 1
170 226 27
140 260 6
160 229 8
39 132 39
146 231 2
246 255 10
45 140 14
37 48 2
162 223 25
13 143 66
10 237 4
137 239 54
82 90 1
151 161 127
90 236 108
76 100 2
7 50 5
28 137 2
36 234 9
125 140 12
143 158 49
42 107 8
169 239 2
250 259 1
158 263 19
177 188 3
250 250 2
78 240 1
7 229 40
10 186 4
186 195 4
140 227 1
1 151 2
65 125 5
33 164 21
46 138 3
142 145 19
146 234 5
137 244 3
141 211 51
130 130 5
209 237 28
68 88 45
65 87 16
88 209 34
14 88 5
116 137 3
229 244 9
116 237 40
66 67 1
107 209 52
88 233 38
102 161 3
229 232 29
185 186 6
25 140 10
131 142 1
33 209 13
87 141 55
163 202 5
143 152 11
197 263 1
48 152 16
151 164 55
138 250 4
145 186 30
43 74 69
50 107 51
121 121 2
140 145 30
33 237 36
66 88 14
12 125 2
4 163 13
106 161 2
132 160 29
33 68 17
95 239 1
42 97 1
11 67 4
22 67 2
127 230 8
116 116 41
100 174 1
112 162 30
237 244 23
162 257 5
49 87 15
161 255 28
43 256 1
129 162 17
7 164 24
52 162 16
88 195 5
209 209 18
100 200 7
17 231 5
14 100 7
97 142 6
13 33 25
231 263 56
223 237 24
65 223 2
234 244 9
50 140 48
234 255 34
226 230 21
114 165 2
97 170 20
238 255 2
68 97 15
166 261 6
203 239 1
92 182 1
88 249 58
168 233 2
209 233 25
86 88 7
97 234 30
66 68 25
65 72 3
79 145 10
152 234 4
79 129 4
195 246 2
68 215 5
13 166 5
95 237 44
3 138 6
93 236 6
50 211 34
94 247 1
229 231 109
87 166 11
25 158 6
55 155 1
10 10 14
10 87 5
143 244 21
42 250 2
132 200 22
65 113 21
7 48 16
13 106 6
43 83 1
43 50 50
33 161 43
125 143 17
132 214 3
168 186 5
41 229 33
40 137 8
19 132 22
162 256 21
43 90 44
100 258 1
246 260 1
42 230 38
209 261 47
181 261 26
12 13 13
66 162 21
138 149 5
107 223 12
98 138 11
26 76 1
100 157 6
226 237 38
150 186 1
97 188 5
188 237 5
141 152 9
106 107 4
75 234 71
40 237 11
43 45 5
170 244 5
255 255 14
45 132 16
93 138 17
146 193 21
65 236 9
75 186 85
112 229 16
13 239 70
43 157 4
137 238 51
112 145 21
138 242 4
66 143 7
13 151 16
68 223 4
42 170 23
138 200 12
7 57 1
171 173 1
112 226 5
48 157 4
42 168 5
26 79 1
181 228 9
52 66 8
153 238 5
69 75 3
107 227 1
90 125 159
155 155 3
42 161 50
133 162 6
4 237 31
163 197 3
90 228 4
64 233 1
7 234 27
83 180 2
33 232 3
81 166 2
12 161 1
43 148 23
13 233 61
125 256 8
79 255 35
243 243 15
54 211 4
161 226 15
152 230 11
211 232 55
88 141 44
65 234 26
36 262 3
72 158 1
116 234 14
160 163 6
4 142 13
74 234 23
45 211 38
75 164 53
40 195 17
66 140 5
28 262 1
54 113 1
194 262 1
22 156 1
137 231 80
41 50 17
25 66 12
231 257 17
144 238 19
56 151 1
79 88 111
50 148 18
71 90 3
157 226 4
97 112 4
48 112 5
158 238 34
75 137 40
97 107 18
90 247 6
43 138 63
1 132 21
66 151 2
48 93 8
141 224 35
12 48 6
49 234 26
230 250 3
141 261 24
209 262 9
13 25 20
94 164 1
41 79 10
234 240 1
33 229 18
42 113 5
88 181 15
25 238 5
100 106 2
4 211 51
82 226 14
157 160 3
33 125 16
97 113 18
98 161 9
80 211 6
56 107 3
151 167 2
43 144 31
1 142 10
143 148 13
50 144 33
24 148 3
14 237 5
138 232 32
49 162 9
68 145 7
140 261 31
100 193 2
232 237 30
22 45 3
209 263 9
161 190 2
170 189 7
112 246 4
189 246 5
85 226 1
114 181 19
144 189 7
45 97 3
1 140 6
45 107 41
74 119 4
66 142 5
158 209 23
52 137 7
114 189 3
42 233 16
107 151 17
83 260 6
125 137 23
45 48 21
137 189 5
61 90 3
132 195 5
150 234 1
64 138 10
142 188 1
146 226 15
7 116 1
69 119 4
151 159 1
234 243 7
116 152 61
167 250 2
132 202 17
87 157 3
45 50 7
87 209 51
75 232 8
100 151 35
32 138 3
4 125 25
95 161 18
165 249 2
113 116 4
116 138 34
121 236 1
202 233 22
75 179 9
4 263 11
14 228 3
89 140 4
49 107 6
114 202 1
135 138 16
4 90 45
52 161 8
14 158 2
1 14 1
68 198 1
65 195 4
114 256 21
106 233 7
41 168 12
74 243 7
75 86 1
162 165 3
132 201 16
7 233 12
151 249 18
179 229 8
97 233 12
54 132 9
24 263 29
114 151 11
88 211 43
65 129 4
114 226 5
45 243 2
4 262 13
41 143 56
37 255 7
93 262 9
144 263 22
88 114 37
77 161 1
145 230 38
36 211 2
140 223 17
75 260 1
225 234 10
90 166 11
45 141 7
145 146 17
40 181 12
25 25 22
24 186 20
188 236 7
145 234 33
158 239 61
42 262 18
72 138 2
68 116 16
43 260 1
161 243 11
15 43 1
239 261 24
202 226 4
26 181 1
40 148 7
152 246 8
161 225 5
25 65 23
227 237 1
163 260 6
127 163 10
189 237 8
14 231 12
237 260 10
42 140 35
186 209 47
129 146 4
95 231 4
97 137 11
51 140 1
138 247 7
49 125 4
122 138 2
101 132 15
160 161 2
94 237 5
24 169 1
13 123 1
74 167 4
7 87 4
69 167 2
14 173 2
40 246 13
95 229 16
209 244 3
66 246 10
52 158 2
65 161 14
112 141 12
93 229 11
4 238 5
71 230 2
74 80 1
45 236 9
164 212 1
13 237 67
116 163 18
48 255 10
166 186 45
8 260 1
145 196 3
7 82 3
7 143 7
61 161 4
138 209 34
90 226 4
129 129 14
91 138 3
45 61 3
145 211 3
143 224 2
42 229 25
33 97 24
40 79 15
142 174 2
166 170 21
61 255 1
13 40 15
13 228 2
17 161 3
38 138 2
68 179 3
125 151 11
48 89 3
138 152 10
83 132 12
137 187 1
226 234 9
85 132 11
112 137 8
25 125 5
25 106 6
166 246 37
7 163 17
7 260 17
90 257 6
35 188 3
143 261 21
226 255 7
37 146 1
141 148 38
66 97 17
12 68 4
49 79 14
1 68 19
40 229 7
70 226 4
54 125 4
52 263 15
50 116 19
188 246 2
127 243 5
17 148 10
24 43 72
100 182 12
13 209 52
233 255 12
74 231 12
50 125 18
51 87 4
33 43 4
17 211 4
75 82 1
170 185 2
26 195 1
52 140 5
65 211 8
93 144 4
188 225 3
43 158 29
52 234 18
100 112 11
233 256 9
70 238 1
151 224 3
12 33 3
83 239 8
97 100 7
40 249 7
41 233 18
42 249 2
249 260 2
97 114 15
52 226 1
243 244 33
140 179 8
37 186 13
40 225 1
261 263 20
9 162 1
145 161 44
127 141 2
82 229 3
125 255 5
40 90 12
17 97 18
163 179 7
129 140 4
42 90 11
70 129 6
146 186 14
125 232 29
132 133 25
65 112 3
37 148 10
42 159 4
138 252 22
75 90 23
223 263 2
200 235 1
45 252 2
162 202 21
143 243 18
125 224 4
215 231 3
166 262 41
237 243 7
181 262 2
61 116 1
106 164 10
186 215 1
234 256 25
87 188 4
28 239 3
79 248 3
12 114 4
85 100 3
92 132 33
179 233 10
188 188 10
226 262 5
144 160 2
43 209 6
49 148 12
140 202 12
79 97 16
48 123 2
79 152 1
224 238 9
112 234 20
127 223 1
74 158 4
145 246 3
10 90 3
230 247 5
71 138 5
68 255 12
36 55 1
31 100 1
161 167 1
87 116 12
24 234 13
112 255 42
85 138 5
66 114 17
125 229 27
133 181 1
163 207 1
14 114 3
197 197 6
89 231 8
85 89 4
42 69 4
24 249 7
192 237 3
132 180 29
125 263 18
45 256 5
93 233 6
132 177 18
10 48 13
67 132 8
143 231 75
82 170 3
54 255 1
197 216 3
100 225 2
74 92 1
186 220 7
186 200 8
88 255 9
127 247 1
209 257 1
25 163 8
138 248 4
40 68 15
37 107 2
12 186 3
48 232 18
12 158 2
158 256 5
194 263 3
79 181 33
168 168 15
7 145 29
202 237 20
236 243 8
127 239 12
7 95 4
79 217 4
144 151 9
82 234 6
151 211 7
211 229 41
25 148 16
140 226 19
40 170 10
33 79 30
143 181 4
145 179 9
144 220 1
145 226 20
116 143 18
116 161 11
93 164 7
4 140 31
7 261 2
24 90 10
7 262 6
162 173 4
24 146 1
80 112 6
141 145 25
95 164 6
74 241 2
179 249 2
83 146 4
65 148 13
24 116 22
52 79 10
66 79 21
132 258 32
224 249 47
92 97 1
125 237 38
10 243 2
50 179 1
41 169 6
92 116 1
48 121 3
4 141 20
145 260 4
7 258 3
90 208 1
43 226 8
76 140 2
146 202 4
148 237 61
146 223 16
88 262 33
40 231 29
116 168 1
25 49 11
33 65 33
17 90 2
36 107 9
4 236 16
7 114 6
90 152 4
148 166 4
42 234 18
144 157 1
33 48 5
25 114 12
159 164 2
170 223 15
107 198 2
87 92 1
186 256 32
30 132 3
106 228 2
74 127 3
28 162 5
146 163 7
1 79 5
81 138 1
220 238 7
179 230 11
4 162 58
88 143 14
10 163 4
224 231 36
224 232 18
61 230 4
90 232 43
51 242 2
75 119 3
101 101 1
33 61 5
230 232 38
164 256 12
87 181 34
1 90 6
83 162 5
42 220 1
137 217 9
55 148 8
45 229 15
56 113 3
148 238 19
194 238 5
114 143 26
211 262 20
29 100 2
13 226 2
116 141 13
37 145 2
89 234 3
7 13 7
195 211 2
83 234 3
61 114 3
95 146 6
79 189 9
79 106 2
33 66 29
45 143 4
80 239 1
11 234 3
90 209 19
97 182 1
3 239 3
229 260 7
24 68 23
81 235 1
52 97 17
35 202 1
75 114 10
1 193 1
68 181 29
202 202 5
40 125 7
7 56 2
170 243 11
34 234 1
66 170 22
112 236 5
113 150 1
66 231 36
168 247 2
202 229 14
74 202 2
1 13 14
225 225 4
151 195 1
13 177 1
162 227 1
10 68 2
75 249 11
66 234 25
145 173 1
163 196 4
25 237 9
52 141 2
25 113 8
169 247 2
43 191 1
42 100 9
93 146 2
75 169 4
205 218 2
114 243 1
87 228 3
41 80 5
94 230 2
61 164 6
137 228 5
71 234 1
66 113 14
83 229 4
74 223 5
168 237 8
10 239 2
125 125 24
189 231 17
100 255 12
76 161 1
47 132 3
48 106 7
113 202 1
25 232 3
125 236 29
116 229 7
31 263 1
68 74 13
69 79 2
113 225 2
143 179 5
129 164 6
65 163 5
95 186 6
146 263 6
66 100 12
133 186 3
142 220 8
94 233 1
33 140 26
102 138 5
163 183 2
33 137 25
137 197 4
129 223 5
41 247 5
24 262 18
239 255 11
244 263 14
29 155 1
161 215 2
164 226 11
37 170 7
93 143 5
45 151 8
200 247 1
211 244 2
243 249 7
83 186 1
148 257 3
56 100 6
112 142 6
25 261 14
41 148 2
24 233 14
55 229 2
116 186 17
209 260 2
80 148 18
54 107 4
79 227 1
232 232 24
13 232 35
132 183 3
107 133 4
152 161 7
68 235 2
66 256 8
40 188 2
112 113 8
194 244 2
10 209 1
41 125 5
74 114 3
49 140 2
48 215 4
7 129 14
114 209 32
132 250 6
65 233 10
25 88 13
67 107 3
25 186 18
24 113 5
93 239 6
33 141 11
43 232 4
48 51 1
90 255 8
87 260 1
43 145 7
95 230 16
130 162 5
56 229 2
80 170 7
69 100 3
20 232 1
39 71 1
188 217 1
161 173 1
146 230 3
132 173 6
69 138 14
69 140 5
25 211 15
91 132 22
197 230 3
141 257 3
89 195 1
114 145 6
1 113 6
37 229 4
38 75 1
106 232 1
137 200 3
13 80 4
75 235 2
92 162 5
79 116 5
189 211 9
74 173 1
48 260 9
28 236 1
40 230 9
42 185 1
3 100 2
56 226 2
28 28 4
223 249 3
85 113 1
182 237 5
146 260 8
76 186 5
24 164 15
13 82 1
17 49 3
129 148 2
4 244 1
40 62 2
69 161 3
161 193 3
64 164 1
28 145 3
160 233 1
100 215 1
68 226 9
155 230 3
10 236 3
137 215 2
234 247 2
171 186 4
25 74 4
48 129 8
173 226 2
68 133 4
54 232 1
113 226 5
50 69 1
7 148 7
40 209 4
67 67 1
127 161 10
107 193 2
45 189 1
80 234 13
65 140 10
163 224 20
88 133 2
69 244 4
62 100 1
138 155 4
97 230 6
79 244 6
90 198 2
40 114 6
80 113 6
42 141 27
119 234 1
146 233 6
69 263 8
58 132 3
79 109 1
219 262 3
142 167 2
97 161 15
71 190 1
1 164 21
100 116 11
41 211 5
129 161 11
100 213 1
134 134 6
138 261 81
62 255 1
154 231 1
114 166 18
138 205 5
33 85 1
26 229 3
37 113 2
69 144 1
41 144 2
50 75 23
144 236 44
215 236 3
255 261 4
75 152 17
163 209 15
157 246 2
18 239 6
131 161 6
10 205 1
37 211 3
197 237 6
122 132 8
50 244 20
45 262 4
1 238 9
48 95 5
179 260 2
63 261 1
164 223 16
93 231 5
90 223 4
74 129 1
7 223 35
74 93 3
43 255 3
50 129 4
25 40 15
13 181 23
33 100 6
92 237 1
20 74 2
226 236 20
138 228 8
12 88 2
127 186 10
50 241 1
24 170 15
138 157 6
112 231 9
82 263 2
100 185 2
100 202 4
237 247 2
49 74 1
162 179 16
227 227 2
148 189 2
54 151 1
71 186 2
148 225 8
25 48 6
87 127 3
186 247 2
129 246 3
129 260 10
93 170 6
107 152 1
229 243 10
65 256 8
130 138 10
56 186 3
82 186 9
164 217 2
138 165 13
10 113 2
125 238 14
119 170 1
75 159 4
117 117 2
69 116 1
7 79 13
144 260 2
43 146 2
42 144 2
91 188 2
87 195 4
48 258 2
112 263 4
7 107 12
163 217 1
140 196 3
142 193 3
40 144 13
95 140 9
95 234 9
50 152 7
69 230 11
186 225 8
232 255 7
79 146 5
137 243 6
145 239 7
186 218 2
114 225 4
92 262 3
121 211 1
80 230 3
42 50 14
112 233 16
211 243 3
186 193 3
82 237 2
200 263 2
12 144 1
48 193 4
226 231 7
157 260 4
181 254 1
129 263 5
7 202 3
61 61 10
138 175 9
74 250 3
188 250 1
186 260 6
164 202 9
161 216 3
1 170 11
75 248 2
234 242 1
114 195 2
155 231 1
93 230 15
22 68 1
61 100 5
16 132 22
95 246 5
123 138 7
39 61 2
4 35 3
48 67 1
15 132 16
89 100 3
13 112 5
24 50 14
13 63 1
210 228 1
79 82 4
158 217 1
159 238 2
49 230 2
220 236 3
13 256 10
80 114 6
79 128 1
13 65 6
145 231 5
61 148 9
157 230 4
79 80 11
40 232 2
79 226 9
161 202 7
106 189 2
101 138 5
80 255 10
14 144 2
32 186 8
116 148 5
70 237 2
226 263 9
25 234 21
145 223 7
75 243 5
97 249 14
129 234 11
54 148 2
48 130 5
137 168 5
56 141 7
125 262 11
208 246 3
10 202 1
55 132 17
230 260 13
161 177 3
160 170 3
152 162 3
82 114 1
40 261 15
82 160 1
41 71 1
28 244 2
43 244 11
23 138 2
232 246 22
112 114 10
116 162 18
162 216 4
114 223 2
137 210 2
10 262 2
68 252 1
75 213 8
94 151 2
211 238 17
66 158 3
217 217 3
35 45 1
88 226 8
132 171 15
29 230 2
50 242 2
116 223 1
141 256 2
41 56 3
96 132 2
112 148 25
181 233 14
93 211 1
164 193 2
223 262 4
37 93 1
256 261 7
48 181 19
158 189 2
3 186 1
93 209 1
43 82 3
10 249 4
180 233 1
62 230 3
130 233 1
130 170 3
36 186 2
144 213 1
168 249 1
82 87 1
230 255 15
4 226 2
226 238 2
186 197 2
107 130 3
10 142 3
166 224 2
82 162 7
24 25 4
80 142 2
35 76 4
11 11 6
33 181 24
69 142 2
148 198 3
203 225 1
78 225 1
188 231 6
127 229 2
140 185 2
208 220 1
130 146 2
134 141 3
13 257 7
228 231 4
68 227 1
136 263 1
65 106 3
65 137 7
61 140 2
95 163 15
82 262 1
126 185 2
137 223 12
142 200 10
181 209 6
65 114 12
161 196 12
217 234 5
75 261 14
97 225 4
223 246 2
123 132 35
97 236 11
181 218 1
119 229 2
125 146 3
33 246 21
166 168 4
49 114 13
42 60 1
162 244 13
75 93 2
138 216 10
54 162 5
125 145 3
86 188 1
17 52 1
116 198 1
144 190 2
4 41 3
18 186 2
25 168 3
70 236 2
4 65 6
113 260 2
1 141 4
47 142 1
129 211 3
116 170 11
70 100 3
25 246 10
66 236 7
112 256 7
79 223 4
25 195 3
200 238 7
68 106 3
177 230 2
208 254 1
22 87 3
166 231 9
70 88 6
18 75 2
226 256 1
186 208 1
13 244 1
161 247 4
149 209 2
14 140 1
132 178 10
41 113 10
41 246 22
52 107 10
80 261 9
41 200 3
131 216 1
52 170 15
164 200 7
136 166 2
116 249 4
189 234 8
65 88 14
138 213 7
52 261 7
231 244 2
69 162 2
52 211 12
186 248 1
61 232 2
52 229 5
33 90 10
242 242 1
88 256 6
25 146 1
170 196 4
163 232 13
36 113 3
75 168 12
35 141 1
107 255 13
21 231 7
137 226 8
13 42 2
127 234 1
69 69 6
181 230 21
112 125 10
35 97 2
42 248 1
32 263 8
128 239 3
157 237 7
124 138 1
157 161 5
42 143 19
61 107 2
113 146 3
95 145 12
7 231 3
168 230 7
92 230 4
82 211 1
170 190 2
17 234 11
194 194 1
66 129 1
157 234 2
50 181 3
42 162 22
68 185 1
26 62 1
49 49 4
141 247 2
151 181 3
131 249 1
48 220 11
123 168 1
53 138 10
98 132 11
91 186 1
20 170 1
163 228 1
113 153 1
170 225 3
54 234 7
135 163 2
16 88 1
138 207 5
213 233 4
66 80 1
76 138 4
65 228 3
210 233 1
223 230 10
93 158 3
97 239 1
116 158 1
244 249 9
220 230 8
32 88 1
36 170 4
232 263 18
62 140 7
167 262 1
164 196 9
36 137 3
141 244 6
70 231 5
61 141 3
76 225 2
114 127 1
50 149 1
168 263 11
107 112 10
66 137 4
162 208 2
161 189 7
1 107 13
162 260 15
88 165 4
21 230 2
95 107 12
35 48 1
75 194 1
25 68 10
14 87 9
36 100 1
88 238 9
74 137 14
107 181 20
141 243 7
7 170 29
32 68 1
152 163 11
4 143 4
92 261 3
130 261 1
34 256 2
90 112 6
107 228 3
62 161 3
145 163 19
52 100 2
224 246 14
216 263 3
22 231 3
166 233 17
144 179 4
113 196 1
40 164 10
142 157 1
82 236 6
72 72 3
90 93 2
10 216 1
43 61 2
122 161 3
152 263 8
26 89 2
65 191 3
119 161 4
61 137 3
189 229 5
195 261 1
66 141 4
132 192 5
117 130 1
137 255 8
3 159 1
39 189 1
37 263 2
133 144 2
88 166 3
11 138 4
145 238 5
40 234 15
130 236 3
40 162 22
67 170 5
189 233 6
61 188 4
152 164 4
100 127 3
14 163 1
1 234 13
145 233 31
25 50 2
138 217 15
168 229 3
161 188 1
26 138 9
130 262 1
56 114 1
61 65 5
1 87 6
33 261 20
26 29 2
49 89 1
88 97 9
3 132 4
138 190 4
129 233 8
64 88 1
52 236 1
181 211 26
25 177 1
13 195 4
81 231 3
66 211 22
164 257 1
63 193 1
4 246 16
165 261 10
144 244 2
236 261 32
161 257 3
181 257 7
112 238 1
112 237 14
21 107 1
13 52 10
112 146 3
40 65 8
224 244 2
132 194 3
97 256 5
66 249 10
85 97 1
223 238 7
69 168 4
13 75 7
14 229 3
12 249 2
7 68 15
138 194 6
129 216 1
25 225 3
223 234 8
45 66 4
88 244 7
90 179 4
97 162 11
1 231 10
164 219 1
43 243 7
100 179 6
33 195 11
141 255 9
12 164 3
231 255 29
87 244 4
1 246 12
45 157 2
88 263 27
26 257 1
164 189 5
4 50 6
50 74 8
133 234 11
78 143 1
152 220 2
152 241 3
223 233 14
142 209 7
100 196 7
40 88 22
188 211 3
226 246 5
34 132 4
7 211 3
12 229 4
65 246 6
137 227 1
161 214 1
37 141 2
16 263 1
42 213 2
143 209 4
161 183 1
88 108 1
89 117 2
39 161 2
95 170 18
38 231 2
70 170 2
122 230 5
106 261 3
85 236 1
113 228 4
14 33 1
49 50 2
48 65 7
33 39 6
4 255 3
142 179 6
7 74 5
158 225 1
40 112 1
25 233 10
90 260 4
92 129 2
186 235 7
41 87 6
47 125 6
48 200 8
95 258 2
20 70 1
66 195 5
152 243 14
63 188 2
127 249 2
89 141 3
129 236 10
37 97 3
213 247 2
49 260 3
24 127 2
40 113 12
95 143 2
152 262 3
152 231 3
235 247 4
12 224 1
74 224 2
4 36 3
125 141 21
131 138 6
95 137 4
141 179 10
54 87 2
106 231 10
66 66 11
49 66 6
97 195 4
69 130 1
141 181 5
26 141 1
86 197 1
7 181 1
135 135 3
25 129 1
51 78 1
39 155 1
91 155 1
69 229 1
88 145 1
198 236 2
25 144 14
193 231 6
132 176 3
44 226 1
42 119 2
22 138 4
66 238 1
163 223 10
123 211 1
62 231 4
59 237 1
89 209 1
107 213 1
45 255 2
25 142 7
249 255 21
54 231 11
100 223 7
84 162 1
159 168 1
77 132 10
106 162 5
25 262 2
50 166 19
18 132 15
40 239 2
119 254 2
145 255 3
123 140 2
168 236 11
67 186 1
43 129 8
87 241 2
68 80 5
54 114 1
177 177 1
68 244 15
29 90 1
129 186 7
159 161 1
12 141 2
50 255 4
65 141 2
32 132 5
14 262 2
56 130 1
137 171 1
14 79 2
72 145 1
135 160 1
10 162 3
151 231 17
97 189 10
75 125 2
100 147 2
1 129 1
161 213 2
75 211 2
140 217 4
235 262 1
179 239 3
68 130 5
89 133 5
144 223 1
40 107 9
34 233 1
10 102 1
114 188 3
26 137 8
117 229 1
13 255 16
112 164 15
94 132 5
57 164 1
211 224 20
74 130 3
28 148 4
236 256 5
25 236 3
164 244 7
93 151 3
229 256 5
145 158 5
28 234 2
193 205 2
17 114 4
220 239 12
167 228 1
28 138 5
90 97 2
211 220 4
68 200 4
51 138 5
79 215 2
62 68 1
70 244 1
162 243 8
10 114 2
67 88 5
65 262 11
74 260 1
129 145 4
152 223 1
36 148 6
42 164 5
40 50 3
61 231 9
49 249 3
136 186 1
193 229 2
40 263 5
87 95 3
216 216 10
66 233 7
34 148 1
114 135 1
130 216 1
83 252 1
93 162 6
161 179 11
82 230 3
112 158 3
12 50 4
53 249 1
28 163 6
46 132 1
170 259 1
236 255 4
160 162 2
232 238 7
178 231 7
164 185 1
62 233 3
42 231 16
58 162 1
135 229 1
132 154 2
165 263 1
232 239 6
33 54 13
106 230 5
188 189 3
39 219 1
48 225 5
61 256 2
74 148 6
77 144 1
114 146 2
10 151 1
220 262 3
21 67 1
52 89 3
217 256 5
95 162 17
129 181 3
14 113 4
56 140 3
157 162 3
67 230 1
89 261 6
87 112 9
108 132 14
195 195 3
164 216 2
119 138 4
256 262 5
131 163 3
129 143 4
69 151 4
161 220 5
65 237 3
24 88 1
137 151 12
49 263 1
179 226 8
51 202 1
134 220 1
181 239 4
13 81 1
161 178 1
210 241 2
90 91 2
13 14 6
233 252 2
164 179 7
142 146 5
142 168 2
65 158 7
123 165 4
141 208 1
228 228 5
193 249 1
65 107 12
173 244 3
37 230 2
14 125 2
76 76 5
76 179 2
23 23 1
41 231 9
163 214 1
121 151 1
148 196 2
82 100 4
88 90 16
107 250 1
68 149 3
54 140 2
10 166 1
79 202 5
142 159 1
49 168 1
52 143 1
60 81 1
157 236 3
132 147 4
74 82 1
22 183 1
66 257 2
21 164 3
49 158 1
45 65 6
69 74 8
145 261 3
14 168 1
17 113 4
25 75 4
127 170 5
7 14 1
52 230 6
132 175 7
54 233 2
36 161 3
12 170 1
137 216 4
18 74 2
10 215 2
95 218 2
116 230 22
97 232 9
48 49 2
48 226 6
14 209 2
95 158 1
75 92 1
42 235 6
78 138 4
134 137 1
181 256 4
63 162 1
45 142 11
49 211 10
113 133 1
208 239 1
1 261 7
75 256 1
33 236 13
11 88 1
170 217 3
62 87 2
49 61 5
54 88 2
226 252 1
66 229 5
37 79 4
97 261 7
158 244 5
161 217 3
225 229 5
127 263 2
10 164 5
132 235 9
41 201 1
193 260 2
213 216 4
167 244 2
49 90 13
33 133 1
52 209 3
118 163 1
68 225 1
61 75 1
10 161 7
88 179 3
121 141 5
85 188 3
223 239 6
130 246 1
66 90 12
32 159 1
135 234 5
165 234 2
86 132 13
213 250 2
27 91 1
126 138 3
54 186 2
75 176 1
28 121 1
40 233 4
93 161 5
138 219 2
4 190 1
239 256 5
61 225 9
61 249 3
80 228 1
145 148 5
138 147 2
147 147 1
97 164 3
13 76 1
80 217 1
138 197 8
36 195 2
13 130 1
56 148 3
24 211 2
40 133 2
17 239 3
25 39 6
71 158 2
166 255 1
146 238 2
193 256 1
14 236 1
14 234 3
225 233 1
62 165 1
17 188 1
36 141 3
142 202 1
21 40 1
231 260 2
73 140 1
37 153 1
39 216 1
70 164 3
32 142 1
138 169 2
18 246 1
34 186 1
45 181 7
140 256 4
65 224 1
29 232 1
52 246 7
170 193 2
127 127 7
116 243 6
42 137 5
113 179 4
45 213 4
145 236 12
150 210 1
116 262 4
88 224 18
170 188 3
74 232 5
36 97 1
82 82 5
95 196 2
243 246 4
74 179 1
143 226 5
75 252 1
138 258 3
112 170 28
53 186 2
113 190 3
52 113 4
39 236 3
42 209 1
13 71 1
50 137 19
47 203 1
255 263 5
160 231 1
41 78 1
71 188 4
36 231 6
28 230 6
70 233 1
17 79 5
140 159 3
209 238 8
13 193 3
196 226 5
65 100 6
140 218 2
37 112 2
89 257 1
90 220 2
74 235 3
56 137 3
188 233 5
195 263 1
39 48 3
200 262 2
45 188 1
8 233 1
50 221 1
137 220 4
83 83 7
55 215 1
163 168 3
75 216 2
13 97 10
249 257 4
48 52 3
106 246 5
72 188 1
190 231 1
95 95 9
68 102 1
151 209 2
179 237 11
5 23 2
52 163 6
93 263 7
209 221 1
13 67 1
88 112 8
41 167 3
133 133 7
97 254 1
66 106 2
50 89 2
50 220 2
1 144 1
63 234 5
230 242 2
48 134 2
106 163 4
56 161 3
34 66 2
53 132 5
147 186 1
141 228 1
108 186 2
132 240 2
166 195 1
120 151 1
125 198 1
123 155 1
135 231 1
4 82 1
55 65 1
90 191 1
52 144 10
60 78 1
74 195 1
63 170 2
54 138 7
113 131 1
34 249 2
95 144 4
208 230 4
157 211 1
8 166 1
42 87 4
89 211 1
141 197 1
162 195 1
47 79 2
106 255 1
45 239 5
51 51 6
82 144 2
43 88 4
62 188 1
26 233 2
45 52 5
142 242 1
130 224 1
4 239 9
72 76 3
88 228 3
138 153 2
67 209 2
75 145 7
248 250 1
167 167 1
17 181 4
80 225 2
146 209 1
167 247 2
170 247 2
42 202 1
93 142 4
163 200 3
136 170 2
51 226 1
142 255 4
116 263 13
107 217 2
100 165 4
162 225 4
164 165 4
10 82 1
48 69 5
167 205 1
142 160 4
186 254 2
164 225 10
11 162 3
130 161 1
230 257 3
7 238 5
113 215 1
61 189 3
14 249 1
165 237 3
82 246 1
166 223 3
85 224 1
28 170 16
189 261 9
72 186 2
53 68 1
65 68 4
146 262 3
14 123 1
90 102 1
90 189 4
162 228 2
166 167 1
83 142 1
51 75 1
118 132 1
54 79 3
72 77 1
52 233 3
93 107 2
33 224 4
33 262 4
37 89 2
107 116 8
227 246 1
220 233 1
158 196 1
209 255 3
14 25 2
97 143 2
193 261 1
13 145 3
170 215 2
217 241 1
236 247 2
219 237 1
185 233 2
4 151 3
92 141 2
25 164 8
10 79 6
1 166 2
43 127 2
85 162 5
42 246 9
229 242 1
168 244 1
37 125 1
75 202 3
24 56 1
49 232 2
75 158 7
7 55 1
22 108 1
91 231 4
119 238 1
22 162 1
78 132 1
87 145 11
116 233 3
233 257 3
41 158 4
13 93 6
89 233 5
12 100 2
141 167 1
66 189 6
140 255 6
71 231 1
43 171 1
65 248 1
138 235 5
81 88 1
167 238 1
133 230 2
25 42 2
66 75 2
179 211 4
40 106 7
52 186 11
37 236 3
49 141 1
234 258 2
132 206 4
72 224 2
241 246 4
182 234 1
13 41 4
49 163 4
24 95 1
179 234 4
40 43 1
14 211 3
43 181 5
25 112 4
136 247 2
69 247 3
4 129 2
75 210 1
166 211 10
87 189 7
42 61 2
184 236 1
148 226 2
232 248 1
7 90 6
17 224 1
88 201 1
198 234 2
95 238 1
29 186 1
174 263 1
82 216 2
116 164 6
93 116 1
140 212 2
17 246 4
89 123 2
7 166 5
205 236 3
4 61 1
174 254 1
55 90 1
33 219 1
233 260 5
152 170 7
141 260 9
8 151 1
56 68 2
41 235 1
50 257 3
108 170 2
42 225 1
36 177 2
134 164 2
52 114 5
74 212 1
90 250 1
93 140 1
54 246 4
193 216 1
148 206 1
65 90 6
49 225 4
188 232 1
21 21 1
136 174 2
147 168 2
37 261 5
166 215 3
141 180 1
87 106 4
111 181 1
89 165 4
25 90 9
125 243 1
164 243 10
140 194 1
54 66 1
33 106 5
140 157 3
161 208 3
242 254 1
142 212 2
179 236 4
34 65 5
152 235 2
10 75 1
97 163 4
193 225 1
33 255 1
7 75 3
48 97 5
3 161 1
48 195 1
37 90 1
25 70 2
7 255 6
114 257 2
127 152 1
94 169 1
137 260 7
88 189 2
88 89 6
132 172 1
69 159 1
41 145 2
54 90 2
213 244 1
13 26 1
26 261 1
164 251 1
116 215 1
80 256 4
36 65 1
20 231 1
256 263 2
54 170 3
116 169 1
69 186 9
97 197 2
193 215 1
72 237 2
82 239 2
67 263 1
116 247 4
10 145 3
157 170 4
41 134 1
7 210 1
181 255 1
85 234 3
145 202 1
35 100 2
137 196 5
130 164 3
191 230 1
20 132 5
93 148 3
5 246 1
80 141 4
41 47 4
170 202 5
90 134 1
151 226 5
225 231 4
61 163 1
82 140 4
52 195 1
35 191 2
66 209 12
120 244 2
113 243 5
111 231 2
15 163 1
48 133 1
82 95 2
196 236 1
92 226 2
85 86 1
43 56 1
90 146 1
143 145 6
106 106 9
164 195 2
157 229 2
61 246 2
12 113 5
150 211 1
89 144 1
46 225 1
4 28 1
155 210 2
98 219 1
127 162 5
213 238 1
82 146 1
126 208 1
9 132 5
37 61 5
74 144 7
56 129 1
25 256 2
159 166 2
119 262 1
106 140 2
82 145 4
42 247 8
10 229 4
74 246 7
4 52 2
56 163 1
248 263 1
50 95 1
67 80 1
189 227 1
69 239 2
107 168 4
151 255 1
92 252 1
33 263 4
25 228 8
14 45 2
202 263 2
82 141 5
198 255 2
158 166 6
36 255 4
16 144 1
144 228 5
195 228 4
107 129 7
83 246 1
75 209 4
173 173 1
158 255 6
144 145 3
161 200 3
41 173 1
7 112 5
7 113 9
75 167 2
211 223 1
4 97 4
244 247 2
12 233 3
208 238 1
46 254 1
49 236 5
36 230 3
25 143 5
125 166 1
47 169 1
24 158 3
36 249 2
42 243 3
93 226 2
35 186 2
65 232 11
83 137 2
93 100 4
78 186 1
66 186 12
212 213 1
208 208 1
220 235 1
112 198 2
45 74 2
106 238 1
181 195 2
22 261 4
18 146 1
92 229 1
202 238 1
246 257 2
61 170 3
26 236 3
100 167 3
45 155 1
163 193 1
161 252 1
48 196 4
152 229 3
43 102 1
142 256 4
231 243 6
113 127 2
153 220 1
61 211 4
41 243 3
34 211 3
25 229 3
26 170 1
70 230 1
131 148 1
28 144 1
100 216 3
259 261 1
41 209 1
75 247 5
79 225 5
29 79 1
79 195 2
34 107 2
37 100 4
67 234 2
41 250 3
28 186 3
61 113 4
114 152 4
107 257 2
188 198 1
48 235 1
41 136 2
25 41 1
97 255 3
52 249 6
16 141 1
18 138 4
10 233 4
107 195 3
181 238 4
130 142 1
29 239 1
112 211 10
82 260 10
61 79 6
69 137 1
4 7 1
167 235 2
219 248 1
163 189 2
128 164 1
121 164 1
56 239 1
130 239 1
39 91 2
169 220 1
106 141 1
5 237 1
211 225 4
23 208 1
45 224 5
33 142 4
50 146 2
219 232 1
79 243 3
136 144 1
184 239 1
91 162 1
160 196 1
163 181 16
16 70 1
123 209 1
180 216 3
56 263 4
74 211 2
61 125 1
57 138 2
189 256 2
112 249 5
65 209 8
141 193 5
122 130 1
25 116 2
159 236 3
4 173 1
165 239 1
125 219 1
220 234 2
129 222 1
228 239 1
89 228 2
92 113 1
40 256 1
112 151 2
33 256 6
80 238 1
43 152 3
43 92 1
68 190 1
12 107 1
144 225 3
181 263 5
22 137 2
80 232 4
200 237 1
37 256 1
25 193 1
25 255 3
211 217 1
82 233 4
97 125 4
47 138 2
133 142 3
24 257 1
68 173 2
80 90 4
230 241 2
80 87 4
52 188 1
41 129 2
106 158 1
48 207 1
209 226 1
10 116 1
37 234 4
75 178 1
132 159 5
1 148 4
246 252 1
61 234 1
133 224 1
48 189 2
25 45 13
97 106 7
198 230 2
17 68 6
143 232 4
92 92 4
129 179 1
36 45 1
209 217 1
170 183 3
61 198 1
58 100 1
61 244 1
93 237 3
66 262 2
67 79 1
28 68 5
10 74 1
49 255 3
9 170 1
138 208 5
107 212 1
63 106 1
22 234 1
75 171 1
188 249 4
49 75 1
100 195 1
100 226 6
106 144 3
37 142 1
217 237 4
17 261 4
83 164 2
130 252 1
186 242 2
164 197 1
10 244 3
45 198 1
193 230 6
49 229 4
50 169 1
160 180 1
159 247 3
65 244 1
107 243 4
71 137 2
100 130 3
211 260 1
35 74 2
7 43 2
49 256 2
141 217 1
50 196 1
97 237 8
61 85 2
216 237 2
23 132 4
159 230 1
100 257 2
87 93 2
14 142 1
46 229 1
39 100 2
93 249 2
130 237 4
217 232 1
78 142 1
215 230 2
93 166 5
168 234 3
28 48 2
78 244 2
186 241 2
17 217 5
7 173 1
56 146 3
220 246 3
97 160 4
28 141 6
92 163 2
196 229 3
102 226 1
3 244 2
134 146 3
82 88 11
162 196 3
132 187 1
137 178 1
80 229 1
98 100 1
157 163 1
28 146 2
132 221 2
91 137 1
140 165 5
160 237 2
13 85 2
121 170 3
95 193 5
210 210 1
153 239 2
102 114 1
95 226 5
127 237 4
239 254 2
95 141 12
45 228 1
33 198 3
37 49 1
100 252 1
134 236 1
41 88 3
135 161 3
28 237 4
24 87 2
74 125 2
160 226 3
134 237 1
24 261 2
33 89 4
131 237 2
125 260 1
92 148 1
60 138 1
52 239 2
12 239 1
140 197 2
49 164 5
28 226 2
82 179 1
56 164 2
48 128 1
106 237 2
56 173 3
102 230 1
189 230 5
52 145 1
26 161 8
87 227 1
134 170 5
237 258 1
83 129 2
158 243 2
188 234 1
129 171 1
159 237 4
202 230 2
63 77 1
8 237 1
193 197 1
4 54 1
166 242 1
90 241 1
50 191 2
146 196 2
42 215 1
114 244 1
39 95 1
129 163 6
69 141 1
166 212 1
83 237 5
129 144 1
4 66 3
155 227 1
196 237 11
139 145 1
95 260 3
39 231 7
40 40 5
112 166 2
135 162 2
151 179 2
37 161 2
28 95 1
179 202 3
78 107 3
43 220 2
34 40 1
28 100 2
125 196 2
23 87 1
116 231 5
131 145 1
134 162 1
69 233 3
121 163 1
134 186 3
28 142 1
102 170 2
54 68 3
43 248 1
162 192 2
162 205 3
19 237 1
129 193 1
138 185 5
56 237 1
52 142 4
121 237 1
106 136 1
118 161 2
13 56 2
170 200 2
34 68 1
48 217 2
94 166 2
152 159 2
146 160 1
95 160 1
131 186 1
123 237 1
128 137 1
228 246 5
36 162 3
141 220 3
119 143 1
69 163 3
47 231 2
114 198 1
28 164 1
134 163 3
141 196 3
21 170 6
13 128 1
69 185 1
43 65 2
12 232 1
137 146 4
122 162 2
124 231 2
41 60 1
93 186 3
77 228 1
75 146 2
100 129 2
31 229 1
61 233 2
138 180 5
155 209 3
76 170 3
96 230 1
82 197 1
62 163 1
146 151 2
106 125 2
196 230 3
137 254 1
220 237 3
33 188 4
50 66 5
159 167 1
124 148 1
12 25 2
10 234 4
89 162 5
114 129 2
229 252 1
257 261 5
36 232 1
61 263 1
88 156 1
54 100 1
8 161 1
49 157 1
168 241 2
83 258 1
134 223 1
134 229 1
102 158 1
202 207 1
94 163 1
61 123 1
47 75 2
131 141 1
61 87 10
130 193 3
134 234 1
191 235 1
56 234 1
145 192 1
215 229 1
74 225 2
143 169 2
79 160 2
36 263 1
146 173 2
69 237 3
157 186 3
215 237 3
88 160 1
68 157 2
49 233 5
43 94 3
75 78 4
25 100 4
63 63 3
121 162 2
196 260 1
163 216 2
145 160 1
129 160 1
60 132 6
141 200 4
164 260 4
61 236 2
137 193 2
134 166 2
89 91 1
38 74 1
114 159 1
76 88 13
153 223 1
83 143 3
170 192 1
143 257 1
35 61 1
82 223 1
75 129 1
129 242 1
20 126 1
20 241 1
208 236 1
14 90 3
65 117 4
95 233 4
82 102 1
61 254 3
25 61 2
24 194 1
12 261 4
88 213 1
113 168 3
80 100 3
90 195 10
46 164 1
50 209 7
119 239 2
57 170 1
148 152 1
116 129 1
68 127 5
7 157 1
74 220 1
141 241 4
181 229 4
149 162 1
234 250 1
92 100 3
116 127 5
9 186 2
152 158 2
36 66 1
51 215 1
175 231 1
56 170 2
161 198 1
75 89 1
37 249 5
189 249 3
225 237 5
173 198 1
83 133 1
130 197 2
174 231 1
42 179 1
4 22 3
102 183 1
12 236 1
102 186 4
41 137 6
49 69 1
87 173 1
142 260 5
137 160 2
40 228 1
56 179 1
64 95 1
17 209 2
41 91 1
200 249 2
24 231 11
162 198 1
142 216 2
142 225 1
160 230 1
143 200 2
4 31 1
17 100 3
102 140 2
100 220 3
174 259 1
26 113 1
126 168 1
26 48 3
21 209 2
95 125 2
25 151 1
40 257 1
65 189 5
72 231 4
7 239 5
106 170 1
13 54 3
241 263 1
129 239 2
65 263 3
62 249 1
89 137 4
33 143 2
67 138 5
125 152 2
196 234 1
89 90 6
257 257 2
182 242 1
87 223 3
165 186 1
43 174 1
113 157 1
106 137 3
163 194 2
62 257 1
63 197 2
21 161 1
65 238 2
15 157 1
80 226 1
75 231 9
46 186 1
45 54 1
28 65 2
177 255 1
11 233 1
51 145 1
76 227 1
12 162 2
40 100 4
56 95 1
54 137 2
69 236 5
39 260 1
33 50 3
7 241 1
106 113 3
69 87 1
68 70 1
178 234 1
45 196 1
140 195 3
220 261 6
162 258 1
151 247 1
170 187 1
148 165 2
100 123 2
227 262 2
65 142 4
49 100 1
4 75 6
193 246 1
36 87 2
16 87 1
147 250 1
88 243 1
67 261 1
26 88 1
40 158 3
141 189 2
131 168 3
45 223 1
67 163 3
83 95 1
145 256 2
48 203 2
16 76 1
183 250 1
29 234 1
137 179 3
134 148 2
20 216 1
100 102 1
168 209 2
17 25 2
188 230 1
41 210 2
142 196 3
153 241 1
164 169 1
7 189 2
97 229 4
22 100 3
95 114 2
74 88 2
80 102 1
143 255 1
113 200 1
75 228 1
89 188 3
74 136 2
34 162 1
193 263 1
92 170 3
164 175 3
161 222 1
60 126 2
119 247 1
75 212 5
36 49 1
14 239 2
62 79 1
37 163 3
49 86 1
19 19 2
54 249 2
78 213 1
185 254 2
118 230 1
24 153 2
24 209 1
42 261 2
215 233 1
211 257 2
24 79 4
78 136 3
74 247 4
95 121 1
100 208 1
65 67 1
13 17 3
74 76 2
90 133 2
186 196 6
182 213 1
81 243 1
113 195 2
203 203 2
148 217 3
223 244 1
13 146 3
14 261 4
28 233 3
120 161 1
13 154 1
170 228 4
22 133 2
97 238 1
166 189 1
45 166 2
164 187 1
13 196 1
3 42 2
4 12 4
197 261 1
65 229 7
80 216 1
75 136 3
90 172 1
48 188 4
79 166 7
14 68 2
3 252 1
183 231 3
114 133 3
84 209 1
90 202 1
241 261 1
216 262 1
188 262 2
45 133 1
97 157 1
17 91 4
87 221 1
91 257 1
90 127 1
98 148 1
45 76 4
33 76 3
97 226 1
129 231 3
96 138 1
44 232 1
195 231 4
42 158 1
17 140 2
130 179 2
130 151 1
192 230 1
200 239 8
88 95 1
36 41 1
80 237 2
49 209 1
7 224 1
66 224 1
15 145 1
125 129 3
21 186 1
239 260 3
83 233 1
78 238 2
35 261 1
1 50 2
162 200 3
120 238 1
106 234 4
42 205 2
125 235 1
61 66 3
210 261 1
79 135 1
14 233 7
61 144 7
21 149 2
133 140 1
159 159 4
49 62 2
160 234 4
89 148 6
89 237 2
198 237 10
25 89 1
38 38 1
100 228 2
220 229 1
134 233 2
13 189 5
70 107 1
37 87 2
153 162 1
50 250 1
228 261 3
79 198 3
228 234 5
11 186 2
43 185 1
163 227 1
144 243 2
133 261 5
151 213 1
136 136 2
26 107 1
44 132 1
62 226 1
34 144 1
195 229 1
143 194 1
56 66 1
216 233 1
84 132 1
194 243 2
39 39 5
162 213 1
56 72 1
35 86 1
1 143 3
134 230 1
41 159 5
63 231 2
61 262 1
90 95 3
36 256 1
118 234 1
47 74 3
1 88 1
24 93 2
62 162 1
48 83 2
125 135 2
41 95 2
223 261 1
35 211 1
33 177 2
95 249 1
24 167 1
183 236 1
76 137 5
97 262 3
40 238 2
141 183 1
164 228 2
162 241 1
24 224 1
78 234 1
114 200 2
162 189 4
170 216 4
143 228 2
34 255 2
18 174 1
127 220 2
243 247 1
33 225 3
141 194 2
217 233 2
88 117 2
152 213 2
55 163 1
131 131 1
17 225 3
10 137 3
41 179 1
140 210 1
164 167 1
128 186 2
88 227 1
189 232 1
179 231 1
134 262 1
21 26 3
38 145 3
194 234 2
55 170 1
60 238 1
155 161 1
129 256 1
47 230 1
55 87 2
56 250 1
233 259 1
137 173 1
51 116 2
152 153 1
216 226 1
87 179 1
85 232 1
95 263 5
185 244 4
15 170 1
5 170 1
49 142 2
66 112 1
37 226 3
22 113 1
25 217 1
70 87 2
190 236 2
195 249 2
88 202 1
170 257 3
161 171 1
133 164 3
36 239 2
82 157 1
19 145 1
17 72 2
70 79 1
186 198 4
113 152 4
150 164 1
67 113 2
14 40 1
26 145 1
49 228 1
37 164 3
107 260 6
23 35 3
35 177 3
216 258 1
107 197 1
140 220 4
217 255 2
130 231 2
50 223 1
17 229 1
132 153 1
166 220 1
7 197 1
107 118 1
112 181 4
97 158 4
17 249 1
170 195 1
160 186 5
70 86 1
51 177 1
92 164 1
48 198 1
7 97 1
37 209 1
51 208 1
196 232 1
152 233 1
61 162 3
97 140 6
42 259 1
24 125 2
186 205 3
92 161 1
31 234 1
107 244 5
97 223 1
147 232 3
80 88 5
186 227 2
51 167 1
158 193 1
17 48 2
71 74 1
102 193 1
37 140 2
4 243 1
50 127 2
61 191 1
41 193 1
51 186 2
25 188 3
217 244 1
107 126 1
191 246 1
91 217 1
43 193 1
125 257 2
61 223 1
140 225 2
112 227 1
100 256 7
4 194 1
179 209 1
24 241 2
146 158 1
70 181 1
79 120 2
54 62 1
29 142 1
112 116 1
29 170 2
61 71 1
83 140 1
63 237 1
146 239 3
74 78 1
10 130 4
80 137 6
198 198 1
29 56 1
157 183 1
130 140 2
41 232 2
144 196 1
12 181 1
66 198 1
22 90 1
51 61 1
37 233 2
93 193 1
193 238 1
89 97 4
98 232 1
166 247 1
17 215 1
124 226 1
17 60 1
16 197 2
19 38 1
235 243 1
28 75 1
69 249 1
198 211 1
48 168 3
34 97 3
89 107 2
82 142 1
50 200 2
17 237 2
113 188 2
216 229 2
97 209 1
1 263 1
48 124 1
113 216 1
148 177 1
88 193 1
42 146 1
89 216 1
136 235 1
17 177 1
80 151 1
12 230 1
95 134 1
19 173 1
72 119 1
31 142 1
48 228 4
17 230 2
8 74 1
116 208 1
185 185 3
26 262 1
25 257 1
81 182 1
42 211 1
191 261 2
126 213 2
158 223 1
130 234 2
55 209 1
48 223 5
145 197 1
10 211 1
33 223 1
63 246 1
48 54 1
169 238 1
72 177 1
74 126 3
17 170 2
61 209 1
43 93 2
212 234 1
93 152 1
230 235 2
37 114 3
127 147 1
133 263 2
133 255 1
7 93 1
26 246 1
125 134 1
239 248 2
153 243 1
40 89 1
137 167 1
98 121 1
25 36 2
43 178 1
61 112 1
148 223 3
40 189 6
65 166 3
56 74 1
143 193 1
40 163 2
170 219 1
94 262 1
17 75 1
11 239 1
4 256 2
70 179 2
143 256 1
62 238 1
71 181 1
79 95 1
133 237 2
31 75 1
169 244 1
41 124 1
179 262 1
178 246 2
213 236 1
209 256 2
4 80 2
13 28 1
12 97 1
17 255 2
32 168 3
127 166 5
106 148 3
78 239 1
65 130 1
124 170 1
161 165 1
68 182 1
120 152 1
95 142 5
205 219 1
93 224 1
114 173 1
52 164 4
72 144 1
37 37 4
92 246 1
26 61 1
203 205 1
36 198 1
186 212 3
10 127 2
35 233 1
163 240 1
186 228 6
136 246 2
33 95 1
17 107 4
91 164 1
143 183 1
101 135 1
13 247 3
34 261 1
50 157 1
48 190 2
144 166 2
68 129 1
230 258 1
166 200 2
168 170 3
93 137 2
112 239 1
42 212 1
63 137 1
28 56 3
4 42 2
66 263 2
76 200 1
22 140 1
93 163 3
48 247 3
114 260 2
69 238 1
127 153 1
95 256 3
141 195 2
140 169 1
83 161 1
49 238 1
140 242 1
67 161 1
148 215 2
204 246 1
34 49 1
107 157 1
61 106 1
61 237 2
72 244 1
91 91 3
92 236 3
100 149 1
43 66 1
145 151 1
114 136 1
135 233 2
67 233 1
152 209 2
68 197 2
167 170 3
76 181 3
152 249 1
254 259 2
41 119 1
83 88 1
89 113 2
193 228 1
97 129 1
19 230 1
37 181 1
37 80 1
225 236 2
56 88 1
79 93 2
40 48 2
88 260 1
151 261 7
22 164 2
37 232 1
6 132 3
13 127 1
155 186 1
77 90 9
18 179 1
51 235 3
4 167 2
85 229 9
244 261 1
145 249 7
224 226 2
146 249 1
55 79 1
20 215 1
65 217 1
10 238 4
75 127 3
82 161 6
42 193 2
96 163 1
37 63 1
107 215 4
113 165 1
41 93 2
22 97 1
51 220 1
130 141 1
137 253 1
64 68 1
95 113 2
62 170 2
95 222 1
130 137 1
93 125 1
10 193 2
28 166 1
143 196 2
52 52 1
20 116 2
89 161 2
186 190 2
79 175 1
79 83 2
68 195 4
218 250 1
140 190 1
87 225 1
87 89 5
55 55 1
200 236 3
128 238 1
98 134 1
157 164 2
92 137 4
100 206 1
76 123 1
78 241 2
186 252 2
135 137 2
79 235 1
63 138 4
49 96 1
75 217 3
76 143 1
26 234 5
56 90 2
123 141 1
75 95 1
171 252 1
132 253 1
219 255 1
7 83 1
168 231 1
4 116 1
48 63 1
128 151 1
137 195 3
78 100 2
74 193 2
231 247 1
152 250 1
102 142 1
87 226 2
74 261 5
181 188 3
29 237 1
94 142 1
193 239 1
55 136 1
87 147 1
47 69 7
7 36 1
116 128 1
195 234 1
36 95 1
38 142 3
18 94 1
70 140 1
162 180 1
202 262 2
74 215 2
141 157 2
114 196 1
10 140 5
64 92 1
92 260 2
37 76 3
83 170 3
7 219 1
160 263 1
140 213 1
125 241 2
56 231 1
42 223 2
130 143 1
45 215 1
56 87 1
57 142 1
61 62 6
181 222 1
75 191 2
165 231 1
116 232 1
136 254 1
235 237 1
35 138 1
10 152 1
25 71 1
93 232 2
25 76 3
98 234 5
27 132 1
53 53 1
56 144 1
82 261 2
114 130 1
71 76 3
93 243 1
82 202 2
42 139 1
88 257 4
39 62 1
113 135 2
136 237 1
78 159 2
100 197 1
198 232 2
169 236 1
194 239 1
67 137 1
12 234 2
98 170 1
90 219 1
12 138 3
18 79 1
112 260 2
65 226 1
145 209 1
37 65 1
77 177 2
228 233 1
38 239 1
74 226 4
26 231 1
47 131 1
200 261 1
150 256 1
90 106 3
13 254 1
14 50 1
42 88 3
80 146 4
125 195 2
235 263 2
19 141 1
59 236 1
50 215 1
102 137 1
114 160 1
4 133 1
50 188 1
10 263 2
29 68 1
67 125 1
140 152 3
162 212 3
52 257 1
13 70 1
17 137 5
42 242 1
129 142 4
36 114 1
173 179 1
88 222 3
47 236 1
12 148 1
182 186 1
74 194 1
7 144 1
185 236 1
130 263 1
93 246 1
74 147 1
56 230 1
75 197 2
159 235 1
69 81 2
170 198 1
140 203 3
120 137 1
76 95 1
179 181 1
137 149 1
149 257 1
144 198 1
18 143 2
43 175 1
68 228 3
163 198 1
34 231 1
61 146 1
48 241 2
100 259 1
10 224 2
130 158 1
10 88 1
83 90 1
191 231 1
10 144 1
87 168 1
138 192 1
29 233 1
20 144 1
17 61 1
68 95 6
93 261 1
79 89 2
212 237 2
92 193 1
200 230 2
40 166 2
125 200 1
135 246 1
72 142 5
238 259 1
48 219 1
77 170 6
42 47 1
47 166 1
80 140 3
155 211 1
165 230 2
36 164 1
116 235 2
76 97 4
34 113 1
147 173 1
152 211 1
52 237 1
17 147 2
50 62 3
137 182 1
119 137 1
151 194 1
170 210 2
119 244 1
112 228 1
90 92 2
87 149 1
213 248 1
212 226 1
141 174 2
119 119 1
38 146 3
144 202 1
127 169 1
174 244 1
113 212 2
7 130 2
26 188 1
65 76 1
100 126 1
45 112 1
56 202 1
8 132 1
28 263 1
88 178 2
20 100 1
75 97 1
162 235 1
119 235 3
13 152 1
107 169 4
54 144 1
91 100 2
64 161 1
62 164 2
144 219 1
35 181 1
171 237 2
106 114 2
18 220 1
146 181 1
35 232 5
33 238 1
86 87 1
65 227 1
100 160 2
140 241 3
28 151 1
168 262 1
18 170 10
208 247 1
81 242 1
131 209 1
163 258 1
144 177 1
53 164 1
205 231 2
143 213 2
163 256 6
170 208 2
36 80 3
39 186 1
26 75 1
39 164 3
119 140 1
65 177 1
39 244 1
121 140 1
48 192 1
31 132 1
130 226 1
142 250 1
24 114 2
19 131 1
88 106 1
180 197 1
202 246 1
137 155 1
108 164 1
114 218 1
82 258 1
45 225 1
124 161 2
18 18 1
161 241 2
140 228 2
137 258 2
128 244 2
258 261 1
236 260 1
8 230 1
34 88 1
100 180 2
68 92 1
55 164 1
82 255 2
100 260 1
173 246 1
74 145 1
248 262 1
209 228 2
50 61 2
50 189 1
144 227 2
146 261 1
146 232 1
166 209 1
29 137 2
132 251 1
29 123 1
14 195 3
161 259 1
210 230 2
210 234 1
169 213 2
56 260 1
162 168 7
189 239 3
161 258 1
80 129 1
100 227 2
129 238 1
16 68 1
65 143 1
155 216 1
75 226 1
133 170 2
86 261 2
152 247 1
68 177 1
238 247 2
164 254 1
28 93 1
72 136 1
78 140 1
174 232 1
5 156 1
141 192 1
140 167 2
196 211 1
161 192 1
65 145 2
29 138 1
17 189 1
49 52 1
236 241 2
136 163 1
4 40 1
193 234 2
35 88 1
202 223 2
13 108 1
140 205 2
4 74 2
130 163 2
93 202 1
246 256 4
39 235 1
88 116 1
101 236 1
7 135 1
50 83 1
89 125 1
124 125 1
1 249 1
7 92 3
107 235 1
39 50 1
48 216 1
90 126 2
243 261 1
4 46 1
143 205 1
140 155 1
76 261 3
65 102 1
20 78 1
179 205 1
138 218 1
97 151 2
225 246 4
43 131 1
41 130 2
130 229 2
33 112 1
219 230 1
76 148 1
148 173 1
140 235 1
163 257 2
97 224 1
12 45 1
143 223 2
50 82 1
48 82 3
95 166 1
13 188 1
116 126 1
87 196 2
14 256 1
216 236 1
54 261 2
52 228 1
126 161 1
75 219 1
48 70 1
106 209 1
60 225 1
74 128 1
28 113 3
68 241 2
28 229 1
76 237 1
35 142 1
77 138 1
189 236 1
167 169 1
196 255 1
73 93 1
117 186 1
64 191 1
180 180 1
70 186 2
90 180 1
198 209 1
68 134 1
37 238 1
91 234 1
56 193 1
131 185 1
91 191 1
17 144 2
86 170 1
146 148 2
79 134 1
157 158 1
34 164 1
61 247 1
54 65 1
88 206 1
78 161 1
162 188 5
151 212 1
78 78 1
228 256 1
24 97 1
68 247 1
150 230 1
182 230 3
160 255 1
259 259 1
24 215 1
100 210 1
36 48 1
61 257 1
75 130 5
28 79 1
143 153 1
3 246 1
148 202 1
68 205 1
21 74 1
163 174 1
50 168 1
37 158 3
186 191 2
19 170 1
18 100 3
1 137 1
34 138 1
43 97 1
81 186 1
174 230 1
32 75 1
218 218 1
10 231 7
47 250 1
26 158 1
83 158 1
20 244 1
56 75 1
4 37 1
36 237 1
162 247 1
24 144 2
216 230 1
41 185 1
129 173 1
24 28 1
100 217 1
107 174 1
170 213 1
119 236 2
170 212 1
202 215 1
78 233 1
132 204 2
170 235 1
42 169 1
144 146 1
159 175 1
119 151 3
158 179 1
85 164 1
174 237 1
62 114 1
74 248 1
25 134 1
242 263 1
212 236 1
12 75 1
221 236 1
79 247 1
4 93 1
237 242 1
82 158 1
10 261 2
176 176 1
120 136 1
4 72 1
56 162 2
107 136 2
83 231 1
81 233 1
16 237 3
213 237 1
136 209 1
147 158 1
114 250 1
7 45 1
168 211 1
161 180 2
32 170 1
50 225 1
168 173 1
69 246 1
162 183 2
79 197 1
129 158 2
62 148 3
126 236 2
45 226 1
142 241 2
155 237 1
170 174 1
36 142 1
162 182 2
75 189 1
174 234 1
170 240 1
91 181 1
71 89 2
209 212 1
113 198 1
137 257 4
113 169 1
85 261 1
146 246 1
230 259 1
25 133 1
142 208 2
54 142 1
79 174 1
13 24 1
68 259 1
17 193 1
45 168 1
7 196 1
224 255 2
106 263 1
79 242 1
70 234 1
169 237 1
113 147 1
107 190 1
213 225 1
140 219 1
137 213 3
182 263 2
14 148 3
89 230 1
36 89 1
76 210 1
94 170 1
157 196 1
10 95 1
16 230 1
7 158 1
18 24 1
166 232 1
92 134 1
200 244 2
121 239 2
138 178 1
231 254 2
12 142 1
125 160 1
55 181 2
13 133 1
224 225 1
151 220 1
26 49 1
74 169 2
65 80 1
133 188 1
49 198 1
84 246 1
13 116 1
68 72 1
203 261 1
14 170 7
140 247 1
9 237 1
222 230 1
48 119 1
127 209 3
148 260 1
260 262 1
225 232 2
160 236 2
169 243 2
119 186 1
86 86 1
131 179 1
69 152 1
26 162 1
167 213 1
37 262 1
61 89 3
23 233 1
10 158 1
36 112 1
227 233 1
87 160 1
12 151 1
153 236 1
158 215 1
127 231 1
35 35 2
151 223 1
143 220 1
209 213 1
102 130 1
177 186 2
159 211 1
150 158 1
70 162 1
35 137 1
217 236 3
40 217 1
128 138 2
89 170 2
55 97 1
227 234 1
17 76 4
7 198 1
35 89 1
33 168 1
122 170 2
68 126 1
50 112 1
52 61 1
164 177 1
166 202 1
109 132 1
180 227 1
62 227 1
80 194 1
82 196 2
127 233 1
126 159 1
163 205 1
43 112 1
51 69 2
87 129 1
144 208 1
41 97 2
64 171 1
8 223 1
26 164 1
189 257 1
119 194 1
7 86 1
200 233 1
213 261 1
168 174 1
122 160 1
80 157 1
61 261 1
61 91 2
88 210 1
106 211 1
51 230 1
170 206 1
193 262 1
28 107 3
5 13 1
7 125 1
124 137 1
35 158 3
130 215 3
175 220 1
14 65 2
12 228 1
121 182 1
72 78 1
17 50 1
191 191 3
21 48 1
28 49 1
82 173 2
117 226 2
54 164 2
83 263 1
101 130 3
69 97 1
233 235 1
228 249 3
95 117 1
61 222 2
79 86 1
16 163 1
69 231 2
62 189 1
77 222 1
37 228 1
33 108 1
4 159 1
190 190 1
102 164 1
3 231 3
1 10 1
13 61 2
107 127 1
26 149 1
26 74 1
79 183 1
185 213 1
75 185 1
14 222 1
7 37 1
72 108 1
79 130 1
68 216 2
32 147 1
34 100 2
91 230 2
66 243 1
196 196 1
56 233 1
82 159 1
83 102 1
138 212 1
95 209 1
74 98 1
76 77 4
113 235 1
170 177 1
50 133 3
52 224 1
62 137 2
149 170 1
33 62 1
26 125 1
9 140 1
157 233 1
88 168 1
71 107 1
177 231 1
49 54 1
41 205 1
32 182 1
153 209 1
92 140 1
1 82 1
68 160 1
208 244 1
121 226 1
87 216 1
106 227 1
7 256 1
119 192 1
91 114 1
216 234 1
136 162 1
77 98 1
76 230 1
81 238 2
87 91 1
62 229 1
18 235 1
37 157 1
5 99 1
5 118 1
35 237 1
4 223 1
72 233 1
1 158 1
89 225 1
90 216 1
28 168 1
62 97 1
39 249 1
114 118 1
47 238 1
135 198 1
41 212 2
21 150 1
13 37 1
68 89 3
131 236 1
91 197 1
129 137 1
33 55 1
32 78 3
140 150 1
131 215 1
78 174 1
48 102 1
109 161 1
157 249 1
79 133 1
151 240 1
50 226 2
134 197 2
95 130 1
92 208 1
107 225 1
175 234 1
17 34 1
10 148 2
229 235 1
130 185 1
97 166 2
140 208 1
138 201 2
129 197 1
113 134 1
6 143 1
70 113 1
239 257 1
17 158 1
39 72 3
25 224 1
26 148 1
13 89 1
170 197 1
227 231 3
111 142 1
163 190 1
18 114 1
209 225 1
87 251 1
65 225 1
188 195 1
32 254 1
114 116 1
127 246 2
60 242 1
123 164 2
17 66 1
246 247 1
94 162 1
43 80 1
196 249 1
26 230 1
90 178 1
17 43 1
42 200 1
158 228 1
189 209 1
247 247 1
54 161 1
4 181 1
10 39 1
172 230 1
48 177 1
21 246 1
144 210 1
216 228 1
144 217 1
76 164 1
147 167 2
133 239 1
7 41 1
83 236 1
9 196 1
149 249 1
80 236 1
65 239 1
189 223 1
165 170 18
23 137 1
33 67 1
158 202 1
89 236 1
33 91 2
48 167 1
37 195 1
83 193 1
69 107 1
107 202 1
87 197 1
32 238 1
68 159 1
54 209 1
41 258 3
65 89 2
196 202 1
190 234 1
137 180 1
12 195 1
182 212 1
121 148 1
17 65 1
45 257 1
61 190 1
189 217 1
143 260 1
114 123 1
186 214 1
123 161 1
54 189 1
142 252 1
95 224 1
48 78 1
95 148 2
145 232 1
82 148 2
144 149 1
100 108 1
45 145 1
48 62 1
116 144 1
35 77 1
77 119 1
1 209 1
141 215 1
120 142 1
247 261 1
102 145 1
41 94 1
6 68 1
68 193 1
148 244 1
62 88 6
50 56 1
121 135 1
12 209 1
19 101 1
235 238 1
17 142 2
83 151 1
37 237 1
215 255 1
62 234 1
93 208 1
181 190 1
45 152 1
12 211 1
51 147 2
68 168 1
65 168 1
87 150 1
21 100 3
36 36 1
100 136 1
112 209 1
133 211 1
65 193 2
10 35 1
81 241 1
11 65 1
182 248 3
227 263 1
17 71 1
60 137 1
215 232 1
179 238 1
109 249 1
189 190 1
7 232 1
75 242 1
50 80 1
55 233 1
38 137 1
220 242 1
140 177 1
10 180 1
116 182 1
29 161 1
14 155 1
47 48 1
67 87 1
106 256 1
32 164 1
216 231 2
69 143 1
242 244 1
17 80 1
11 170 1
34 160 1
76 106 1
138 259 1
147 161 1
79 177 1
162 191 1
28 231 1
62 129 1
25 239 1
49 146 1
168 239 1
163 259 1
18 230 1
233 243 1
7 252 1
25 152 1
72 215 1
38 213 1
164 173 1
50 145 1
161 205 7
42 125 1
120 140 1
4 33 1
20 140 1
100 198 1
11 90 1
168 254 1
205 205 1
3 263 1
51 125 1
175 186 1
191 218 1
46 168 1
68 76 2
71 197 1
61 139 1
16 42 1
130 247 1
18 65 1
17 260 1
224 259 1
86 92 1
21 39 2
136 232 1
148 258 1
149 216 1
32 242 2
133 208 1
112 225 2
79 92 1
191 227 1
76 185 1
47 88 1
60 203 1
41 213 1
18 41 1
85 165 1
100 189 2
193 255 1
98 229 9
51 151 1
108 142 1
182 233 1
108 228 1
90 218 1
149 163 3
62 149 2
90 196 6
20 252 1
85 129 4
125 213 5
18 147 1
20 88 1
22 88 9
205 230 1
169 182 1
139 205 1
45 218 1
100 205 5
91 170 1
39 49 2
92 232 1
41 147 3
98 141 1
47 81 1
142 257 5
168 212 2
52 115 1
62 89 1
89 106 1
97 177 3
68 210 11
28 218 2
182 193 1
130 217 1
61 74 1
35 210 1
49 210 1
4 60 1
222 257 1
50 136 1
14 29 1
90 201 1
97 263 1
85 209 1
182 229 2
188 241 1
23 244 2
22 76 1
33 250 1
21 210 1
35 55 1
39 137 3
203 238 1
55 237 1
61 168 1
165 225 1
45 67 1
36 42 1
10 254 1
129 212 2
69 213 1
182 236 1
9 107 1
15 42 2
53 131 1
126 244 1
150 165 1
60 168 1
45 95 1
72 232 1
41 127 2
51 53 1
4 168 2
76 234 1
33 257 1
17 182 1
21 237 1
32 126 1
21 232 1
10 89 1
76 202 1
64 101 2
7 66 2
28 177 2
77 140 5
51 90 3
48 202 2
136 142 6
50 76 6
137 259 2
91 237 3
28 179 2
137 198 2
22 149 3
192 233 2
80 223 2
18 213 2
136 146 2
21 89 2
43 155 2
30 122 2
235 242 2
47 247 2
10 61 2
3 254 2
174 242 2
88 191 2
28 216 3
203 215 2
32 90 2
145 166 2
73 135 2
188 209 5
35 107 2
93 212 2
133 158 2
97 222 2
68 85 6
52 71 3
45 210 2
150 155 2
231 241 2
45 71 2
35 82 5
147 239 2
210 238 2
76 222 5
159 169 2
88 159 2
14 191 2
65 91 2
53 209 2
81 140 2
51 141 2
71 209 9
136 182 2
244 251 4
63 243 2
76 188 3
39 177 2
137 222 3
18 185 3
218 236 2
147 152 3
32 42 3
81 168 2
82 134 2
142 165 3
166 191 2
25 209 4
37 210 2
14 77 2
60 215 2
42 226 2
10 146 2
69 188 4
71 140 2
198 233 4
78 185 2
200 243 3
149 161 2
87 121 2
37 133 2
12 238 2
79 182 2
85 228 2
148 195 3
215 252 2
208 231 7
74 101 2
14 93 2
147 213 2
126 151 2
123 222 2
21 137 2
208 242 2
7 183 2
135 170 2
198 229 2
148 203 2
55 137 2
102 107 2
241 244 3
32 215 2
42 254 3
28 129 2
51 248 2
4 217 3
49 91 2
80 260 2
94 107 2
43 235 2
220 243 3
41 217 2
62 220 2
75 182 2
42 94 2
177 225 2
39 144 3
77 188 2
75 102 2
119 177 2
164 210 2
237 250 3
67 158 2
39 90 2
136 236 2
35 168 3
18 68 3
209 216 2
213 235 2
9 38 3
76 151 2
90 213 2
61 152 2
71 225 2
76 81 2
89 232 2
79 169 2
60 169 2
205 225 2
58 213 2
75 94 2
141 259 2
78 247 2
17 35 2
61 238 2
124 141 2
52 119 2
220 259 3
31 248 2
141 250 2
39 217 2
18 209 2
47 220 2
134 143 2
91 203 2
141 225 2
78 235 2
49 222 1
107 119 1
62 91 1
223 225 5
136 143 1
45 72 2
241 254 2
3 164 1
117 170 1
71 87 1
18 263 2
26 123 2
29 149 1
81 159 1
50 63 1
235 248 1
210 257 1
37 203 2
200 234 1
133 182 1
41 188 2
169 174 1
117 124 1
19 205 2
61 69 1
51 231 1
171 171 1
91 165 1
97 194 1
10 28 1
42 182 1
215 226 1
129 225 1
90 167 1
47 185 1
85 85 1
39 229 1
139 225 1
62 261 1
191 259 1
85 170 1
55 74 2
53 145 1
235 251 1
87 167 1
91 225 1
86 117 1
81 220 1
155 223 1
171 179 1
143 167 1
133 135 1
36 229 3
18 31 1
85 181 1
38 170 1
7 216 1
51 142 1
42 197 2
7 28 1
35 72 1
3 169 1
51 170 1
11 95 1
94 167 1
191 215 1
51 247 1
10 226 2
142 227 1
135 142 1
86 189 1
15 140 1
155 222 1
41 220 1
101 122 2
74 146 1
86 234 1
49 71 1
159 261 2
72 219 1
12 220 1
92 218 1
50 60 1
141 182 1
61 213 1
39 64 1
60 70 1
10 86 1
147 235 1
130 205 1
101 160 1
159 246 1
37 191 1
36 74 1
108 238 1
39 74 2
235 246 1
42 63 1
74 200 1
10 76 1
41 181 1
45 147 1
16 38 1
51 212 1
131 222 1
140 257 1
26 91 1
244 259 1
117 122 1
41 261 1
94 220 1
123 210 2
10 198 1
51 169 2
133 198 1
129 136 1
18 242 1
26 225 1
140 254 2
139 186 1
75 117 1
130 238 1
72 90 3
70 216 1
91 106 1
140 147 1
213 229 1
13 167 1
220 241 1
130 196 1
72 88 1
238 258 1
18 95 1
74 139 1
141 173 1
36 76 1
21 236 1
145 182 1
38 143 2
119 231 1
155 263 1
167 248 1
18 136 1
116 213 1
14 210 1
29 55 1
62 225 1
91 97 1
51 174 1
183 230 1
71 161 1
218 231 1
92 238 1
39 45 1
236 258 1
45 253 1
61 76 1
35 63 1
76 126 1
102 216 1
177 236 1
72 74 1
35 108 1
147 230 1
33 193 1
74 257 1
17 74 1
36 145 1
76 165 1
91 140 1
64 142 1
90 225 1
60 79 1
76 107 1
142 155 1
126 238 1
63 164 1
39 77 1
94 235 1
76 213 2
241 241 1
108 183 1
170 222 1
185 259 1
14 141 1
163 242 1
62 141 2
39 162 1
43 189 1
55 244 1
18 125 1
51 185 1
184 238 1
76 121 1
203 231 1
223 260 1
64 237 1
28 50 1
31 186 1
48 257 1
39 210 1
11 49 1
13 215 1
198 215 1
38 246 1
36 39 1
3 116 1
86 177 1
39 87 1
225 255 1
39 163 1
130 218 1
42 89 1
62 76 1
17 42 1
55 232 1
155 170 1
94 234 1
17 202 1
177 181 1
188 229 1
179 198 1
85 257 1
55 228 1
42 129 1
203 246 1
45 122 1
117 239 1
215 228 1
101 219 2
33 151 1
89 155 1
139 218 2
41 248 2
93 160 1
21 112 1
76 177 1
86 89 1
47 263 1
74 259 1
18 145 1
164 171 1
213 230 1
26 55 2
48 227 1
217 227 1
155 188 1
16 75 1
72 98 1
78 194 1
32 213 1
119 163 1
63 75 1
32 100 1
119 124 1
76 174 1
80 89 1
98 137 1
56 77 1
147 226 1
170 218 1
126 192 1
37 71 1
10 177 1
11 123 1
35 36 1
225 238 1
24 168 1
26 256 1
39 140 1
63 74 1
22 52 1
38 180 2
176 234 1
39 107 1
61 147 1
72 140 1
117 261 1
94 159 1
77 193 1
48 222 1
35 231 1
37 241 1
26 210 1
192 226 1
140 188 1
147 163 1
61 177 1
69 90 1
86 137 1
177 213 1
35 201 1
21 134 1
85 231 1
185 263 1
184 259 1
71 155 1
42 76 1
7 209 1
61 224 1
72 75 1
129 130 1
89 229 1
113 155 1
70 139 1
66 153 1
14 39 1
126 130 1
16 205 1
129 219 1
42 192 1
37 198 1
33 149 1
16 64 1
65 197 1
213 263 1
235 236 1
49 177 1
45 194 1
90 212 1
72 238 1
101 164 1
14 63 1
119 174 1
16 170 1
239 250 1
17 141 1
188 254 1
9 92 1
47 246 1
106 177 1
89 249 1
97 169 1
183 229 1
41 259 1
41 72 1
159 234 1
28 247 1
33 74 1
77 209 1
37 131 1
49 197 1
107 155 1
117 140 1
155 229 1
51 79 1
42 53 1
30 140 1
68 196 1
4 169 1
66 216 1
177 205 1
178 256 1
97 219 1
168 198 1
