238 239 206
90 186 130
170 209 16
107 107 135
137 229 144
7 232 6
61 189 7
161 238 53
48 231 81
107 170 314
79 170 584
50 186 85
224 249 37
141 229 203
231 234 78
142 143 77
137 181 4
79 158 354
43 237 42
143 231 17
164 211 31
246 246 98
68 107 179
100 239 49
140 164 52
236 237 166
158 231 168
145 145 39
236 238 94
141 237 146
141 170 134
68 238 51
141 144 40
45 144 36
12 114 3
79 87 225
48 142 329
186 246 137
116 138 6
74 116 16
75 263 173
162 236 83
151 237 18
151 238 134
142 239 238
231 232 36
137 148 437
141 164 111
164 209 18
87 164 50
80 164 12
132 241 4
113 137 48
137 233 139
161 233 83
68 161 105
234 237 48
66 90 4
66 133 1
41 79 40
148 158 262
112 158 21
151 151 41
48 151 69
48 68 577
95 121 4
95 95 16
95 191 2
170 170 152
148 234 268
148 233 221
48 170 218
14 48 6
50 151 15
24 151 35
33 148 45
140 144 16
137 142 24
186 232 20
162 186 99
164 186 171
107 186 133
43 239 42
7 132 26
7 236 9
129 239 4
170 261 17
88 140 10
129 226 13
202 237 3
137 162 98
87 170 59
107 233 114
45 255 5
114 148 480
114 234 229
170 229 161
142 263 77
142 146 15
170 263 135
7 186 34
90 107 162
48 90 324
158 198 3
161 236 90
43 129 3
148 181 55
144 249 246
163 209 6
209 231 38
143 151 25
48 48 454
164 239 52
129 142 15
14 25 6
52 231 6
79 236 106
75 236 71
146 237 10
107 162 130
107 114 267
114 144 221
79 148 1493
82 173 10
71 140 2
229 236 67
237 262 62
68 232 33
129 173 8
107 141 132
140 233 43
162 231 41
43 170 20
4 211 26
112 148 47
141 148 161
114 231 237
114 262 59
68 79 392
79 136 4
50 79 96
41 158 15
158 232 21
170 262 59
62 262 2
79 234 430
79 107 917
107 137 207
233 233 43
143 239 106
237 239 62
164 237 54
163 234 88
163 262 28
50 231 32
164 236 45
237 260 7
42 263 32
137 140 34
148 226 19
13 142 7
7 129 40
66 68 2
66 97 7
48 263 123
42 114 11
80 97 5
75 255 4
142 142 70
48 143 161
48 113 72
13 100 12
87 148 283
87 161 32
132 215 31
43 263 19
143 263 33
229 238 34
224 238 5
79 224 138
161 237 104
50 137 23
48 166 47
41 166 47
48 162 218
48 233 88
158 164 115
158 249 255
249 249 238
148 249 569
151 152 7
229 239 50
151 239 128
142 151 74
129 168 2
224 246 10
79 143 51
69 153 1
141 263 440
116 263 18
87 107 70
87 141 29
107 164 183
79 260 16
233 263 89
236 239 130
43 48 47
142 163 109
114 142 51
229 229 84
56 141 5
113 224 12
113 161 34
148 261 85
261 263 9
107 262 45
107 232 51
36 107 9
142 229 77
43 146 3
161 170 182
100 230 184
41 68 36
90 246 170
151 246 9
48 239 254
43 161 26
68 163 124
163 229 86
189 256 2
145 256 3
144 148 401
48 50 288
170 246 74
170 260 18
43 68 12
48 163 205
140 262 95
43 127 1
48 116 110
179 263 8
142 161 89
263 263 153
145 263 12
141 145 10
142 170 56
140 163 51
256 262 1
170 230 223
157 230 6
148 170 464
48 141 121
144 158 125
234 249 231
142 148 67
43 163 32
163 170 109
142 243 14
90 161 50
43 236 38
148 164 228
79 113 309
68 164 183
170 211 45
87 211 40
170 232 36
170 186 161
140 239 43
236 263 176
68 144 127
90 113 82
37 132 33
112 137 9
137 263 100
116 166 42
42 116 34
42 136 2
41 151 61
68 239 79
68 186 189
75 116 14
42 75 38
42 69 5
45 161 9
193 252 1
41 229 17
87 233 16
14 133 1
48 237 71
33 137 5
79 144 433
79 90 371
137 164 121
41 239 42
48 238 174
125 161 12
68 125 54
141 255 12
151 236 37
151 166 56
36 142 1
83 148 6
140 260 2
238 262 28
107 229 133
68 229 67
90 237 35
132 145 33
142 246 45
125 144 78
79 249 798
112 249 38
90 231 92
90 144 93
68 170 170
116 170 6
43 151 16
141 142 84
75 237 53
87 237 10
48 114 152
239 262 61
107 226 16
79 229 219
74 262 17
151 262 15
116 244 59
116 243 16
166 243 9
79 79 853
112 145 12
145 244 2
144 161 38
68 142 98
161 164 171
144 170 100
25 79 41
129 129 49
148 224 83
137 224 41
137 234 126
90 239 45
107 144 159
186 249 191
161 229 110
37 48 6
170 237 73
68 137 107
137 246 31
132 238 34
48 186 313
186 237 44
52 79 11
4 87 29
4 146 3
229 263 195
237 237 122
170 234 228
90 234 121
90 148 235
129 263 12
82 129 31
142 244 36
244 244 22
50 238 37
140 151 8
24 234 13
24 42 19
4 148 217
4 68 32
68 145 15
161 262 39
162 196 4
83 202 1
232 249 56
65 186 7
72 132 20
142 262 47
24 113 3
41 233 3
41 75 57
13 87 25
140 263 190
143 233 5
164 231 70
116 255 1
65 255 5
116 144 7
239 244 32
95 152 1
41 43 14
141 238 44
211 249 161
233 249 90
162 163 105
144 162 37
45 90 16
68 90 221
141 161 94
48 209 14
50 246 147
45 246 10
74 237 30
43 79 31
79 262 109
238 243 21
152 243 5
151 161 30
140 148 73
48 246 399
107 145 17
68 249 377
249 255 41
79 114 660
107 148 551
137 170 153
107 249 304
234 239 37
50 144 30
43 50 9
48 236 60
79 164 350
68 75 21
148 231 370
229 262 68
179 262 4
50 234 62
144 163 30
90 188 6
50 232 4
48 244 118
137 163 31
163 263 60
162 249 73
181 234 31
37 255 13
37 80 9
80 89 1
65 179 2
237 246 19
90 249 363
249 263 83
107 140 59
162 237 100
97 256 5
255 256 48
80 256 26
7 237 22
230 244 54
75 162 41
42 48 80
229 234 82
50 229 24
146 163 10
87 239 9
7 193 22
163 164 150
164 170 226
113 233 39
107 263 115
262 263 124
140 249 52
79 233 292
137 186 88
186 263 50
74 263 113
163 246 66
161 239 60
140 246 9
141 162 151
141 234 90
107 234 212
42 132 15
162 263 97
85 177 2
17 257 1
50 68 145
68 231 118
142 238 165
41 238 56
141 232 9
74 161 27
163 232 8
48 140 74
140 141 108
140 229 96
231 249 291
144 229 44
161 161 87
45 170 19
45 45 10
209 249 33
40 209 5
17 40 1
79 137 648
48 261 20
75 75 96
75 119 4
141 211 20
146 226 15
48 107 129
48 255 18
116 262 2
7 50 14
146 179 13
55 67 1
76 108 1
186 229 54
140 142 54
79 211 214
90 211 60
90 158 158
40 158 6
24 170 6
74 166 31
224 232 7
41 143 15
113 231 97
13 249 88
24 236 14
79 80 67
36 198 6
236 262 64
236 236 98
50 97 2
114 232 51
50 166 9
151 181 1
25 229 5
50 148 84
13 50 12
116 152 25
74 152 11
95 234 5
162 164 155
162 229 122
164 233 120
229 249 86
79 246 162
162 246 61
50 170 60
107 158 133
243 249 19
141 141 171
97 255 6
152 239 18
162 261 8
88 226 3
140 152 1
239 249 85
43 238 27
238 249 57
42 158 11
164 238 36
237 263 136
161 231 44
164 263 91
68 211 84
90 233 33
161 234 120
234 246 89
50 237 15
106 112 1
144 164 73
137 144 78
75 262 26
193 226 5
65 107 9
220 238 8
90 137 58
229 244 11
229 232 13
133 234 1
79 140 131
164 246 103
107 246 51
87 163 18
140 236 75
48 112 18
37 112 10
13 231 73
113 239 22
231 246 72
209 246 5
75 100 18
48 158 145
148 162 109
162 220 2
170 233 129
116 161 12
79 231 316
107 211 76
225 250 1
42 151 22
7 238 1
142 164 76
61 89 2
43 141 37
41 263 27
41 74 101
89 232 3
49 49 9
37 97 5
41 142 40
151 233 15
226 234 13
113 232 26
113 255 14
17 255 16
68 158 226
68 151 30
87 137 33
164 232 27
7 179 41
233 246 32
161 209 8
48 87 40
4 79 328
68 148 311
24 249 18
181 228 5
226 229 35
161 200 4
50 50 46
48 181 17
4 141 17
114 164 170
79 239 107
238 263 86
114 137 181
74 137 18
41 42 112
33 231 25
50 261 10
48 97 6
146 246 5
90 170 126
61 188 3
229 233 139
140 224 5
224 237 5
232 263 19
127 239 5
113 164 64
113 113 47
113 158 77
229 237 89
87 249 129
113 246 51
113 261 13
68 100 101
163 249 84
74 75 170
148 232 151
181 232 8
168 248 2
231 256 24
148 246 121
90 114 157
90 229 52
228 229 1
4 142 9
4 7 6
186 262 29
43 162 20
7 162 73
145 170 26
142 234 54
48 137 73
148 186 160
65 97 23
163 237 95
163 231 31
125 229 12
79 125 91
43 152 1
170 224 34
239 239 91
145 246 12
33 37 2
37 236 1
116 151 36
116 116 26
143 166 15
141 186 61
4 186 19
164 234 215
186 234 183
186 190 2
143 238 62
41 262 6
74 170 29
143 170 22
50 225 2
224 256 4
256 256 30
68 143 39
161 226 43
140 170 57
151 244 18
231 237 18
7 164 50
42 237 11
162 234 96
95 135 7
13 79 70
239 263 145
48 229 137
87 112 6
40 112 1
45 100 9
45 158 14
66 158 5
7 138 17
7 79 72
170 259 2
145 161 26
113 143 10
68 113 104
48 157 6
142 186 71
161 255 9
61 255 7
80 161 9
129 163 15
95 263 5
42 170 17
161 162 113
224 229 32
4 263 20
4 4 39
4 224 16
4 137 51
7 41 3
7 37 4
25 88 4
25 54 6
87 243 3
24 238 50
74 74 91
137 231 41
7 255 9
142 226 6
48 262 47
141 249 92
249 262 48
148 256 156
112 217 2
112 188 1
36 237 3
106 231 5
158 239 31
95 229 8
79 255 95
140 140 67
113 142 30
233 262 26
141 262 103
170 236 73
125 162 18
41 125 2
41 145 5
24 169 2
41 162 14
162 223 21
144 186 55
168 241 1
127 246 2
66 170 3
66 79 20
140 237 64
7 223 46
43 143 21
113 186 64
40 113 5
40 181 7
68 68 217
48 234 185
75 234 19
50 141 30
162 230 170
261 262 6
42 235 2
142 231 22
162 239 55
142 179 4
75 79 81
7 141 47
74 163 25
74 239 26
215 239 1
142 162 62
65 163 3
79 162 239
100 170 140
179 186 15
186 230 282
163 239 64
163 224 9
41 224 1
141 239 84
114 211 126
50 211 15
4 80 6
50 61 5
33 189 3
40 151 1
25 33 9
14 65 1
48 164 254
87 232 33
79 232 202
106 236 1
142 230 154
7 48 81
186 243 11
142 237 87
170 249 193
7 145 27
56 145 2
246 256 16
43 142 64
50 142 60
79 145 27
68 112 13
88 232 8
90 141 42
74 159 11
33 107 11
33 54 4
41 69 3
100 173 3
107 237 86
37 186 6
142 236 84
48 79 336
234 263 86
116 162 8
164 229 97
17 164 8
143 236 22
87 255 9
13 137 9
13 263 8
262 262 32
142 233 30
50 158 57
48 249 330
186 256 16
116 231 11
152 232 2
161 263 87
8 114 1
179 193 10
146 193 8
52 90 4
136 244 2
49 107 10
148 236 66
125 244 6
112 170 9
132 252 8
79 186 253
113 234 126
7 113 12
163 163 97
48 75 56
160 160 5
224 233 22
87 229 28
88 239 4
13 186 24
37 88 3
224 234 29
7 229 67
132 205 30
141 163 85
43 43 26
79 238 59
36 97 5
211 231 125
125 234 41
90 164 122
90 142 41
107 166 9
166 236 13
13 68 47
7 249 33
107 239 30
166 239 48
125 186 17
158 186 121
87 231 104
87 186 34
186 211 29
114 237 41
74 142 27
137 211 22
87 238 12
193 255 2
79 142 108
129 229 20
113 263 26
226 237 15
90 261 21
158 246 139
223 223 19
152 244 20
79 237 88
49 97 13
49 225 6
223 246 7
4 107 87
48 148 161
137 262 34
65 166 2
125 236 8
163 233 40
143 262 14
25 142 4
42 43 7
143 209 6
4 231 32
4 234 41
4 247 2
261 261 15
68 246 265
33 68 16
239 246 36
48 243 59
243 246 7
113 249 153
50 249 98
140 179 2
36 129 1
17 36 9
13 164 28
7 137 17
68 237 41
80 230 15
42 42 73
141 236 127
233 239 27
89 239 2
100 233 69
100 138 10
144 231 184
4 249 101
146 223 17
79 163 115
68 162 86
79 256 130
163 238 56
36 114 17
211 234 66
48 211 28
127 137 2
114 163 75
79 112 80
190 255 1
97 181 10
113 148 167
113 229 24
161 224 27
65 238 2
164 249 176
41 48 97
75 238 65
151 229 13
181 256 11
56 170 11
70 161 1
137 232 36
151 163 20
166 166 38
75 166 20
152 163 8
50 163 65
50 100 63
100 238 43
100 237 28
100 160 2
107 161 109
116 197 1
33 75 1
48 161 198
7 112 6
50 239 46
255 263 9
13 255 3
140 243 4
237 238 53
162 238 28
69 151 1
87 114 146
7 82 6
74 238 30
42 74 49
41 41 71
75 142 25
68 140 28
141 208 2
14 246 3
75 107 21
88 236 5
7 7 84
116 141 22
97 195 3
88 164 12
113 166 11
116 233 14
41 148 27
17 39 1
68 234 208
17 25 4
45 148 75
75 151 43
238 261 3
224 231 12
186 239 54
116 239 44
143 229 15
141 209 5
145 209 4
4 232 43
164 255 21
25 107 6
25 65 7
65 158 8
246 249 186
181 246 8
112 239 4
127 142 7
162 170 182
170 244 8
43 213 1
151 263 24
246 261 15
100 229 49
88 237 5
88 141 8
97 144 14
144 261 29
12 87 3
25 231 14
25 148 23
148 262 76
80 170 12
68 263 51
148 230 120
107 236 57
143 143 35
112 142 2
134 135 1
74 90 21
94 224 1
158 237 25
24 48 46
24 166 19
233 237 52
141 223 14
166 263 14
42 68 29
50 87 11
36 40 1
107 151 14
4 140 19
68 87 53
17 246 6
90 238 32
147 237 1
140 162 49
52 144 7
107 238 32
13 148 53
148 148 365
137 141 103
133 186 4
75 229 41
87 142 15
232 239 6
4 164 36
41 167 4
87 234 46
127 244 6
230 246 113
148 161 59
234 234 130
97 234 18
48 100 151
52 188 2
170 238 23
140 161 36
161 211 28
211 237 20
4 161 15
26 49 1
243 262 3
158 234 114
90 226 9
65 236 1
125 231 89
107 125 45
224 263 13
87 260 1
141 188 3
43 107 12
69 165 1
75 141 60
246 263 33
24 244 13
166 244 34
137 249 122
143 186 29
24 162 3
141 230 97
151 230 57
42 229 10
90 166 9
142 166 56
137 261 12
137 143 8
68 261 16
25 158 6
42 142 21
24 262 5
141 246 43
48 146 13
86 186 1
68 244 34
82 263 10
95 246 1
142 260 5
161 223 24
144 263 39
186 224 16
74 140 19
170 239 37
162 226 32
230 249 160
170 231 72
166 170 10
181 255 9
151 162 15
43 186 13
209 236 4
113 209 12
113 114 116
114 243 5
37 116 1
234 256 16
10 256 1
161 163 109
116 238 58
50 164 87
45 61 5
56 82 8
88 113 6
79 141 260
79 263 231
75 239 38
14 158 10
49 249 28
25 97 7
45 87 15
163 211 23
225 249 15
158 262 21
48 232 30
106 142 3
125 263 9
112 198 4
218 247 1
87 246 25
113 211 62
100 114 70
61 107 12
151 249 24
80 238 3
65 170 7
65 226 6
132 254 13
107 113 93
238 238 82
232 233 15
144 262 18
45 79 98
50 146 2
45 50 6
41 186 29
164 164 99
90 256 13
14 228 2
137 209 17
33 238 3
148 209 89
125 148 108
181 209 3
181 225 5
7 256 7
164 230 314
163 189 2
127 233 5
50 236 14
209 263 13
140 231 22
4 143 6
141 143 33
4 144 65
62 137 2
61 112 7
232 262 6
50 230 134
102 135 1
17 198 2
41 141 14
232 238 5
231 239 31
143 237 20
137 226 8
147 229 4
69 147 1
137 237 31
141 233 99
113 236 24
114 161 68
68 224 17
121 231 1
137 161 62
97 257 2
43 113 10
22 143 1
148 237 70
75 170 23
79 129 36
116 142 34
162 224 24
79 97 59
13 261 9
143 159 1
4 113 55
114 125 79
211 211 42
17 181 3
74 162 23
112 164 9
36 112 8
41 246 19
90 162 58
88 233 8
87 158 83
48 144 68
142 145 16
112 186 11
112 179 3
74 179 2
48 65 10
43 249 16
52 151 1
43 140 5
163 236 49
113 170 64
144 224 16
137 137 60
50 152 5
43 246 6
132 209 11
143 224 3
144 239 28
181 249 38
65 189 1
142 181 8
166 237 7
231 233 30
50 90 72
50 143 56
50 80 4
168 239 5
43 137 3
79 257 9
106 262 1
7 151 2
151 186 23
75 224 3
40 239 3
66 231 11
61 170 6
228 246 4
143 246 44
100 246 71
114 170 192
162 262 51
239 243 13
79 161 141
137 244 4
24 119 2
170 181 8
7 234 31
135 233 1
79 160 5
13 43 4
112 141 7
107 209 17
45 181 6
181 231 26
36 263 3
74 168 38
142 249 75
66 80 2
36 80 9
36 188 2
143 243 2
45 137 7
159 170 1
41 137 8
37 158 9
40 68 10
145 148 37
79 151 42
87 144 80
127 236 2
179 202 1
158 188 4
41 152 27
161 168 6
75 113 13
68 220 2
125 246 28
13 125 18
132 255 22
45 232 14
41 106 1
42 47 2
91 132 18
38 132 14
16 132 6
229 255 6
125 261 4
106 261 1
100 137 43
100 144 18
65 144 9
100 163 66
211 261 27
211 232 25
14 233 2
61 161 4
162 162 82
163 243 18
87 263 26
24 33 1
33 181 5
1 246 1
87 189 2
211 255 22
107 231 107
114 141 84
107 163 74
25 113 9
80 189 3
129 236 4
233 236 22
113 189 8
35 181 1
231 231 109
75 125 1
13 170 19
41 244 18
127 238 9
186 223 8
7 88 7
24 239 43
24 246 5
151 158 12
42 262 5
144 232 65
90 152 5
232 255 15
69 235 2
13 158 53
158 211 87
37 164 9
116 127 4
17 79 54
17 17 9
7 161 53
76 79 1
229 256 10
14 79 15
43 217 1
228 237 2
24 152 9
129 162 13
166 238 72
89 236 1
181 239 12
243 244 21
235 244 6
186 236 38
107 190 1
68 255 19
7 209 4
209 217 1
50 161 54
62 141 1
129 237 22
48 127 29
65 161 2
114 256 30
238 246 35
164 260 12
114 166 8
143 162 26
241 248 1
42 238 33
7 163 36
40 52 3
24 142 31
90 163 56
79 261 57
50 244 19
132 239 38
43 145 2
48 80 12
113 144 68
24 24 13
189 238 1
68 166 17
7 133 1
158 161 42
223 239 2
43 114 14
83 161 4
68 230 248
45 141 7
125 163 18
4 233 19
138 138 11
90 132 18
68 141 51
49 186 9
6 49 1
145 233 14
173 229 2
163 244 30
45 151 1
25 87 5
75 163 35
143 249 48
87 113 19
80 261 2
80 186 5
170 255 10
75 137 21
146 170 6
141 151 18
132 225 28
145 163 22
80 112 19
74 236 33
223 225 1
231 255 18
114 255 39
88 231 29
75 140 26
162 233 80
69 249 4
107 255 19
170 225 4
50 263 29
37 148 56
37 61 7
142 158 36
112 255 55
234 238 28
43 234 16
202 233 3
13 163 11
100 234 89
231 238 12
41 243 5
55 61 1
100 164 109
43 179 1
4 114 84
87 90 30
75 161 35
45 237 8
114 236 50
28 191 1
40 161 6
256 257 2
79 181 63
87 236 17
33 87 7
13 48 24
144 209 41
119 249 3
87 145 7
138 263 11
75 231 5
7 146 29
74 164 45
68 74 17
42 164 21
145 223 8
18 42 1
237 243 9
143 158 25
79 220 3
114 229 74
230 237 67
163 230 177
163 186 87
113 141 26
231 263 23
186 244 26
144 144 91
88 144 10
48 88 25
162 179 12
112 161 10
145 179 6
113 149 1
226 255 5
48 256 15
107 256 28
50 209 7
18 41 2
233 234 73
255 255 18
137 255 16
41 80 1
17 62 3
49 61 9
113 238 20
162 211 21
113 237 18
116 147 1
164 261 27
37 157 2
7 226 41
80 237 3
140 158 19
68 114 170
87 244 2
152 263 2
75 87 6
43 262 8
114 140 51
137 223 8
33 263 4
66 234 3
13 90 22
89 142 3
48 230 389
50 233 16
163 260 17
37 181 8
159 231 1
25 161 11
127 243 5
95 238 2
144 246 67
33 144 15
65 229 5
164 262 26
74 141 53
161 230 181
112 113 8
68 116 17
49 181 9
181 181 25
94 142 1
234 236 62
17 189 5
17 190 2
129 137 3
33 162 9
25 263 1
7 75 3
74 169 3
50 191 1
4 162 19
79 225 26
80 234 14
119 141 4
54 79 1
107 142 49
197 236 1
45 164 20
69 163 3
224 243 3
47 74 1
112 151 2
161 246 40
65 87 5
13 246 20
41 140 8
41 170 17
16 237 2
45 234 15
232 234 19
50 243 11
4 90 42
114 246 82
137 230 61
48 179 24
50 107 44
45 233 8
75 143 10
24 163 8
144 234 123
29 107 1
37 151 1
82 230 8
48 125 26
145 164 41
162 232 15
25 114 30
65 146 1
26 68 1
95 262 2
129 255 3
83 129 8
87 230 37
89 97 6
40 148 13
97 164 5
217 234 2
74 151 24
45 107 23
45 80 7
158 233 73
182 262 1
4 229 34
233 238 22
140 255 7
226 238 2
82 170 11
41 82 1
145 162 45
68 146 9
148 211 231
14 148 15
80 162 8
25 66 4
66 162 5
90 100 94
112 140 4
17 112 4
161 186 110
244 249 36
66 113 2
75 219 1
24 74 17
82 226 14
41 161 30
60 74 1
62 256 1
13 233 8
145 229 22
145 234 16
65 164 12
116 237 12
4 237 10
229 246 26
48 235 7
113 262 20
74 113 11
186 233 58
163 179 6
49 239 1
13 230 37
33 224 2
4 33 6
4 13 7
13 209 18
157 170 3
7 157 1
158 170 146
116 247 5
42 236 14
90 125 40
211 229 17
56 107 1
161 244 7
100 107 56
24 243 9
40 249 15
209 229 12
141 189 2
234 244 12
152 241 2
158 263 38
25 256 4
47 116 2
79 152 11
112 189 3
140 146 2
231 261 61
144 190 1
226 226 35
142 211 21
71 132 19
141 146 13
237 244 7
74 244 11
196 260 1
4 37 6
41 236 24
75 164 41
24 75 15
137 238 14
200 236 1
82 231 2
45 231 32
116 164 15
24 69 1
116 168 4
260 260 12
129 258 1
79 116 28
61 132 42
132 244 16
100 243 9
4 75 4
238 244 26
42 239 27
125 158 78
48 74 47
186 186 71
114 158 198
7 148 24
54 146 1
238 257 2
87 140 15
162 210 1
50 52 3
48 193 6
148 263 140
100 141 48
74 143 4
159 263 4
74 229 21
28 132 31
68 80 11
41 116 33
229 230 135
186 257 3
151 164 28
239 261 9
42 244 21
114 186 105
14 114 8
17 143 3
223 226 5
171 179 1
230 233 100
4 236 14
113 244 10
162 244 15
164 256 19
164 192 1
24 141 8
24 161 11
145 208 1
75 152 8
224 230 25
17 80 4
162 216 1
148 229 152
236 256 1
13 141 18
62 181 2
189 228 2
137 239 18
125 239 4
87 258 1
24 143 19
83 151 1
82 260 16
66 211 5
180 249 1
211 226 5
141 226 28
43 132 12
186 195 1
148 255 109
112 238 1
161 198 1
14 132 9
88 246 11
87 127 2
69 237 4
24 87 2
36 232 8
13 36 2
249 256 61
116 143 6
87 116 3
37 49 3
188 262 2
127 262 4
114 249 348
161 261 17
158 230 77
135 230 2
107 143 24
145 255 3
13 140 5
13 234 21
88 137 14
132 189 24
148 189 23
7 189 2
76 261 1
49 162 8
87 261 16
116 163 14
148 151 12
231 236 21
234 255 22
90 255 13
69 127 2
13 238 3
74 247 5
61 223 1
143 234 28
87 256 12
4 48 25
158 236 27
82 100 8
65 79 21
4 170 45
198 232 3
239 257 3
231 262 14
143 230 84
116 246 15
66 125 1
125 232 15
112 226 6
43 231 7
87 179 2
152 166 34
4 145 1
42 112 1
50 188 2
42 230 45
33 161 11
33 52 5
65 231 6
145 231 10
24 263 11
127 143 1
127 167 1
161 174 2
141 224 10
61 148 37
100 112 8
100 145 11
49 255 6
65 90 5
140 238 27
132 163 32
33 237 4
229 261 14
211 233 21
238 260 6
75 144 8
36 79 46
36 256 9
80 255 23
146 229 8
146 233 4
170 242 1
112 112 15
102 112 1
74 249 19
114 224 25
7 140 15
88 261 22
146 162 12
48 174 2
129 170 13
170 179 10
142 147 1
129 224 2
141 261 4
13 114 38
237 261 5
41 107 15
119 163 2
226 263 11
125 164 18
42 50 7
170 252 1
43 229 24
50 140 18
212 263 3
107 112 11
125 249 124
36 134 1
14 137 4
36 49 4
43 148 13
237 255 5
223 255 3
88 263 8
13 236 3
126 126 2
33 40 2
33 257 2
48 189 7
237 249 57
68 256 23
68 259 2
7 142 13
24 50 5
75 244 7
45 125 5
69 116 4
4 246 18
151 183 1
80 123 1
80 249 31
197 216 1
102 232 1
90 224 21
137 158 91
37 106 1
45 143 6
45 209 12
140 209 10
24 41 41
148 260 10
226 260 27
48 223 39
144 233 41
25 50 2
141 243 3
209 233 9
116 148 21
127 231 5
132 219 50
10 170 1
151 170 12
158 189 3
4 158 30
125 170 17
116 234 12
43 244 5
36 179 1
13 239 5
107 168 5
49 90 10
132 149 8
151 209 3
223 237 11
151 247 1
113 188 7
24 79 21
80 246 5
88 209 15
4 25 7
90 159 5
68 253 1
88 158 21
234 262 29
1 100 1
137 236 32
36 226 1
13 237 2
142 257 1
85 97 2
14 163 2
17 88 4
90 223 3
79 100 91
24 148 8
97 231 11
50 116 11
68 168 3
209 234 17
36 229 9
36 143 1
179 258 1
179 223 10
159 159 6
41 237 15
41 51 1
7 263 30
50 224 5
4 151 3
127 127 4
97 146 1
198 256 6
80 179 1
132 223 22
13 88 28
25 170 8
41 97 1
74 225 2
145 226 20
97 237 1
75 243 1
80 181 7
80 188 1
112 256 29
25 25 12
137 256 5
170 185 4
141 244 7
18 236 2
62 148 11
17 61 7
186 238 40
42 161 20
161 249 99
224 262 6
33 88 4
66 141 1
79 95 6
164 224 31
107 159 2
52 170 2
223 229 22
142 232 11
12 141 1
167 244 3
209 225 1
164 225 5
140 234 29
90 263 38
50 125 10
40 177 1
7 61 5
230 230 199
21 87 3
37 226 2
148 247 2
69 174 1
68 152 5
229 231 27
49 234 7
142 261 8
112 231 7
88 224 3
79 88 54
79 223 27
114 261 49
142 152 10
37 263 3
7 107 48
50 114 44
24 232 3
141 158 37
37 137 5
36 65 2
170 180 1
69 90 1
106 137 1
100 161 75
144 255 33
41 234 21
225 255 9
17 97 15
25 202 1
40 231 4
114 114 111
13 229 8
13 107 23
79 89 21
50 255 3
114 239 45
45 211 21
33 97 4
209 228 1
163 261 9
92 237 2
100 255 5
100 113 23
113 125 32
94 159 2
68 236 32
141 173 8
51 76 1
119 151 2
36 231 8
80 229 4
143 163 58
4 74 6
43 209 2
144 237 28
75 82 2
167 170 1
49 68 10
42 152 17
162 166 9
141 166 7
107 224 47
70 170 4
37 249 14
189 255 5
143 144 8
144 211 126
163 193 2
33 256 9
65 232 4
74 79 55
42 163 13
79 166 26
164 198 2
90 217 1
37 256 14
40 79 17
151 231 15
78 168 4
88 148 35
7 43 3
229 257 2
74 148 27
100 262 19
170 212 2
230 232 23
142 173 3
80 87 2
26 263 1
52 68 4
89 246 4
89 256 2
114 263 66
88 88 12
87 87 23
126 259 1
7 90 10
61 97 7
61 229 2
152 236 4
68 233 46
33 49 3
33 225 3
134 170 1
74 230 54
42 51 1
74 256 2
43 157 1
41 235 4
42 223 2
49 113 9
79 108 1
107 157 1
80 141 4
42 166 34
145 198 1
106 224 1
25 195 3
161 179 12
155 163 1
4 239 11
41 90 24
112 144 18
43 75 17
143 164 32
80 151 1
243 243 8
16 234 2
164 242 1
223 230 34
200 238 3
193 231 1
107 146 4
66 163 1
48 152 34
37 65 1
80 232 8
97 238 1
48 195 1
50 260 2
152 208 1
140 230 41
161 248 2
7 56 4
129 260 26
13 162 15
13 143 5
48 257 2
61 209 4
113 163 37
36 249 11
37 42 1
97 226 1
4 50 5
43 166 10
61 68 8
49 145 1
52 237 1
25 249 22
25 68 9
107 129 8
112 262 1
45 224 6
170 256 27
33 116 1
14 186 8
88 170 18
179 226 4
52 148 10
141 179 10
100 261 16
143 161 27
89 161 5
88 162 10
140 186 38
49 170 8
146 263 4
48 82 16
132 169 4
129 141 36
4 88 10
90 129 4
112 157 3
235 237 1
75 148 32
52 87 3
50 162 48
88 107 24
112 211 9
112 209 4
45 66 2
66 112 2
236 246 15
43 164 13
4 262 11
40 114 9
144 244 5
68 243 9
18 244 1
230 239 111
33 90 10
42 126 1
113 256 10
112 162 11
80 80 10
49 189 5
61 71 3
107 200 2
50 262 10
42 140 3
36 161 2
37 170 5
80 106 2
25 80 1
179 217 1
114 145 25
158 229 36
231 243 4
141 256 5
141 160 4
158 256 21
106 146 1
127 166 2
37 107 10
108 108 2
226 231 6
68 262 23
24 224 1
198 234 4
137 145 14
209 255 3
158 209 21
140 232 7
88 234 21
88 142 11
75 88 5
211 246 45
22 238 1
7 262 12
13 262 6
100 150 1
52 249 8
52 226 1
25 61 8
42 243 2
146 186 14
244 262 4
36 137 2
186 231 57
166 223 2
181 190 3
48 124 1
55 238 1
7 205 2
159 169 1
74 107 24
37 37 11
186 209 10
144 236 27
141 157 3
166 262 2
152 161 9
158 238 24
25 48 4
107 230 103
223 249 11
227 231 10
112 114 23
7 13 2
141 227 1
40 61 3
17 24 1
160 236 1
230 238 86
42 224 2
4 65 4
35 42 1
97 163 2
132 142 22
7 87 10
159 235 1
80 193 1
70 162 2
13 75 4
4 230 24
24 107 9
232 232 30
88 146 2
130 246 1
36 255 13
165 249 3
100 186 109
90 190 2
35 132 17
116 140 3
82 216 1
215 216 1
142 224 3
80 90 9
132 135 15
211 256 13
3 55 1
158 255 16
50 256 2
4 217 3
36 217 1
169 238 4
79 209 81
4 209 11
100 162 100
67 100 6
90 140 17
7 65 3
42 79 44
163 166 9
41 49 1
65 224 1
137 146 7
50 74 3
100 148 55
132 181 42
20 246 1
114 233 71
80 211 13
166 255 1
61 257 2
166 224 3
249 261 52
189 211 5
13 144 23
7 170 26
226 239 7
148 257 9
158 162 53
88 230 16
12 256 1
140 168 6
82 145 6
145 249 31
209 232 10
17 37 10
170 220 3
233 256 6
107 188 6
146 161 16
127 229 4
119 127 1
112 246 9
244 247 2
237 241 1
25 239 2
224 255 2
230 261 28
87 143 6
212 232 1
33 113 7
51 78 1
256 263 2
54 256 1
153 162 1
4 36 4
92 129 3
43 90 10
90 232 17
49 144 18
69 212 1
106 107 2
196 239 1
12 48 2
80 148 74
114 244 8
52 209 1
53 107 1
97 148 23
40 244 1
14 161 2
61 249 14
125 211 41
125 228 2
40 195 4
45 230 13
52 97 4
97 229 4
25 112 3
15 146 1
45 140 8
56 140 1
164 223 13
48 61 9
48 138 20
189 246 1
224 225 2
50 181 2
158 163 54
132 188 31
14 190 1
65 234 11
134 158 1
43 223 2
151 255 4
61 138 4
97 225 7
114 193 2
95 181 2
166 229 8
41 248 1
95 142 1
132 216 41
113 181 17
145 186 16
45 186 20
145 261 1
113 140 15
225 256 6
212 235 1
198 239 1
100 224 14
42 232 4
145 193 8
152 226 1
14 237 3
90 244 19
132 237 26
137 243 2
40 137 1
20 174 1
20 241 1
88 186 14
88 129 6
79 189 18
236 249 56
43 211 7
88 211 7
202 226 1
45 68 10
42 198 1
36 238 1
63 77 1
82 238 1
211 262 7
50 88 8
140 226 17
48 69 7
50 165 1
66 66 2
37 66 1
87 89 2
74 223 1
50 75 10
7 68 25
82 164 6
129 209 2
61 181 23
61 166 1
232 237 7
43 87 4
49 231 8
90 191 1
50 220 1
211 239 10
89 163 4
179 181 1
189 231 7
127 234 5
127 200 1
36 61 4
123 148 1
50 169 1
68 179 2
90 220 1
79 230 211
239 260 5
48 126 1
35 247 1
25 40 7
40 141 2
41 249 36
151 243 4
129 238 1
43 224 2
223 233 5
36 88 2
36 195 1
107 257 1
40 257 2
170 202 1
66 233 3
37 79 61
186 189 7
13 97 2
148 239 58
66 249 7
132 139 19
163 196 4
61 186 8
189 189 1
98 261 1
50 182 2
127 263 2
73 246 1
34 112 1
68 106 4
95 141 9
230 234 194
243 256 1
4 163 9
132 133 9
107 220 1
142 144 29
39 137 1
229 243 5
42 167 3
197 226 1
83 237 5
151 234 17
152 238 28
88 229 6
66 236 1
132 132 97
132 170 57
225 231 9
42 143 5
107 261 19
82 141 5
43 226 4
36 211 9
17 74 1
18 142 2
88 90 14
61 159 1
159 162 2
50 247 1
159 247 2
159 167 2
41 256 1
151 232 3
41 168 9
107 165 1
25 181 12
181 189 12
91 189 2
79 133 6
7 188 3
72 148 2
226 230 45
225 228 1
33 195 1
129 132 24
75 174 1
246 262 11
168 263 14
90 143 14
11 68 2
89 263 2
80 262 2
65 249 17
74 232 3
68 127 15
186 225 6
137 152 2
163 181 3
43 120 1
50 145 7
69 263 5
21 236 1
70 237 2
107 181 17
75 249 32
66 256 3
33 261 6
112 261 3
100 158 36
157 224 1
79 127 11
140 143 15
143 226 1
40 186 5
75 235 2
125 141 28
136 152 2
79 179 24
17 231 10
37 59 1
94 237 2
48 260 18
45 48 14
30 161 1
190 239 2
129 234 9
83 145 4
144 228 8
74 145 4
47 75 1
31 47 1
152 186 18
198 233 1
87 209 23
209 237 4
230 256 12
163 256 7
56 263 3
33 79 45
116 249 29
141 231 27
43 125 1
87 262 5
129 164 14
25 49 12
49 114 14
52 181 5
181 211 9
42 211 3
246 255 6
45 113 21
148 228 9
132 155 10
157 164 2
165 236 1
226 236 8
160 161 7
74 233 12
17 90 7
42 159 3
62 189 2
236 244 9
189 234 8
198 231 2
13 189 1
42 212 1
65 230 8
148 163 71
163 226 35
80 157 2
29 222 1
76 132 26
63 181 1
24 140 2
97 141 19
25 255 3
87 108 1
161 235 1
37 215 1
87 224 8
48 62 7
188 225 1
36 181 2
161 243 9
80 107 10
14 255 1
148 188 19
42 208 1
33 53 1
13 33 2
125 217 1
43 112 3
159 229 1
28 263 2
68 196 3
232 246 10
79 244 28
158 261 21
181 261 4
158 158 94
148 243 7
125 256 3
61 211 6
7 97 1
161 166 8
82 262 1
48 241 2
65 209 2
160 239 2
159 168 6
226 256 2
41 259 1
74 185 1
136 254 2
145 238 2
33 249 20
50 113 22
107 189 5
25 211 8
25 166 2
48 145 27
125 255 8
125 142 13
113 162 33
114 209 33
66 209 2
66 161 6
168 236 4
7 83 8
226 261 3
147 183 1
114 238 36
70 145 1
74 224 1
7 25 2
100 231 24
42 162 16
25 233 3
74 234 17
163 212 3
42 234 12
107 260 7
37 234 15
234 261 32
132 198 13
52 80 1
79 241 3
95 148 12
132 158 13
180 229 1
112 146 2
146 234 10
74 100 39
143 148 21
36 151 1
75 90 16
43 196 1
112 229 7
162 197 2
98 215 1
215 238 1
4 261 4
39 230 1
217 231 2
143 232 1
82 229 14
162 209 17
80 209 1
114 181 27
61 256 9
17 161 14
225 234 5
42 138 12
36 102 1
90 257 2
41 144 9
74 243 5
65 233 2
90 262 17
90 236 31
97 186 7
97 249 26
134 231 1
65 75 1
127 247 1
48 70 1
48 92 1
49 164 24
10 132 76
37 231 9
92 138 6
200 237 1
34 186 1
87 97 2
24 196 1
80 163 5
225 225 3
61 92 1
97 123 1
116 137 7
65 198 2
75 80 1
107 116 12
127 163 5
127 220 3
4 244 2
28 50 1
25 141 2
17 148 48
45 229 13
41 136 5
100 142 53
149 164 1
181 186 15
181 257 5
231 245 1
89 164 6
116 235 2
158 243 5
33 151 2
54 186 1
161 232 15
70 129 3
4 243 1
36 141 2
36 125 3
113 151 4
42 127 3
136 243 1
132 166 13
152 220 2
87 162 22
22 50 1
75 191 1
177 181 1
179 260 3
65 181 7
239 255 1
4 255 17
33 255 1
152 261 1
143 189 1
97 112 3
148 198 10
114 151 19
71 188 1
21 255 1
80 114 24
123 142 1
127 148 4
233 244 5
24 186 15
68 223 6
100 249 74
24 144 4
146 164 13
162 181 3
148 179 12
52 137 2
228 231 4
50 212 1
66 181 4
43 100 10
25 223 2
244 246 18
163 169 1
80 113 9
132 236 24
33 262 2
49 198 2
43 65 1
144 166 3
48 182 1
90 177 1
49 226 1
191 191 3
129 145 11
119 120 1
65 68 3
148 238 32
16 239 1
4 45 10
43 88 2
157 234 1
228 249 13
13 27 1
75 233 23
4 256 20
196 263 2
42 119 3
229 260 9
137 159 2
28 255 1
143 190 1
43 233 7
124 232 1
74 131 1
182 239 1
91 225 1
209 239 2
79 106 7
62 125 2
79 146 15
230 263 97
89 181 8
43 243 1
56 237 1
132 224 17
65 66 3
42 87 6
49 142 1
71 142 2
4 82 1
49 79 32
13 74 2
238 241 4
132 162 26
25 225 1
163 255 9
200 261 1
28 237 2
236 252 1
85 230 1
36 148 38
67 161 1
162 256 10
181 259 1
127 169 2
75 169 1
61 61 19
95 202 1
140 197 1
20 20 1
13 161 19
95 107 7
164 189 4
133 181 4
166 246 8
24 229 4
144 179 4
119 244 1
48 106 2
25 125 3
181 236 2
76 263 1
166 247 2
83 246 2
87 151 3
43 123 1
75 193 2
40 65 2
232 261 4
13 145 1
18 74 3
257 263 1
7 144 14
4 238 6
127 141 3
68 189 7
37 223 1
166 167 2
106 237 1
132 262 28
41 241 1
7 33 1
52 65 2
164 220 3
237 256 1
82 258 3
65 195 1
68 198 8
162 260 9
70 230 6
4 41 4
4 116 2
225 230 10
209 211 19
97 179 1
37 87 5
10 186 1
134 161 2
33 33 7
33 61 4
61 225 5
70 186 2
82 232 2
13 66 2
143 181 2
71 71 3
61 164 10
65 148 28
209 261 11
37 141 2
37 228 1
7 231 17
89 255 1
137 166 6
164 257 2
33 229 4
140 166 5
43 256 1
40 255 2
52 239 1
65 112 1
24 237 6
132 261 13
40 80 1
33 170 9
224 244 1
132 138 16
60 116 1
228 236 2
108 246 1
53 162 1
90 90 76
4 132 8
114 162 86
42 189 1
45 261 6
52 113 5
82 88 2
100 151 14
100 263 33
94 263 2
186 261 19
164 179 15
97 161 2
76 151 1
107 208 1
14 142 2
116 132 15
100 125 9
239 256 1
145 146 8
145 225 1
179 236 4
45 112 6
33 164 12
40 40 3
40 165 1
74 87 2
80 142 3
177 186 2
7 53 1
162 193 2
74 76 2
93 129 2
41 120 1
179 212 1
168 168 10
158 223 6
106 189 1
95 230 14
36 239 2
61 79 20
131 164 1
112 181 2
37 45 3
116 177 1
83 193 1
79 202 3
173 249 2
48 226 35
170 226 26
130 229 1
132 257 6
48 165 1
43 158 6
12 164 3
141 181 3
152 159 2
33 112 2
162 198 2
13 133 2
98 132 3
89 132 21
132 137 12
125 132 4
132 234 17
25 132 11
243 261 2
132 232 10
33 142 3
17 48 6
111 132 1
45 238 2
132 246 13
132 229 20
131 132 9
107 132 41
43 230 38
164 173 10
42 246 16
114 146 4
132 196 9
41 163 27
97 132 23
127 151 6
16 143 1
77 148 1
74 248 2
107 147 1
56 230 3
49 148 33
173 186 3
230 231 60
1 1 1
10 151 1
188 230 8
20 230 2
119 164 2
132 203 24
166 168 9
50 132 19
196 229 4
100 244 13
95 226 3
107 244 9
37 68 9
162 254 2
132 148 27
137 217 6
68 69 4
33 132 15
92 170 5
92 229 1
226 249 15
106 195 2
162 168 4
132 134 10
186 226 18
186 247 3
7 114 27
150 246 1
50 129 4
230 262 35
132 233 14
37 163 4
91 229 3
164 213 1
48 129 38
202 230 3
93 239 1
132 218 28
83 226 11
173 263 3
95 132 35
169 230 3
68 88 14
238 247 14
69 94 1
186 202 2
10 218 1
132 141 45
228 230 14
152 229 3
41 119 5
90 230 142
144 188 5
132 256 22
75 242 1
33 50 6
41 230 46
167 238 4
114 116 32
162 178 3
67 132 2
166 235 1
75 173 2
170 173 6
132 263 25
131 186 2
132 249 13
78 143 1
75 132 21
87 132 18
83 157 2
158 228 2
47 60 1
132 177 6
132 211 11
100 211 7
148 225 38
17 132 21
132 186 19
4 112 9
132 228 8
67 163 5
28 142 1
132 226 18
144 256 26
114 127 3
121 132 8
101 132 5
112 230 11
40 143 1
79 198 9
22 186 5
155 246 1
151 223 2
100 132 14
17 186 9
12 231 7
166 249 25
48 132 48
118 223 1
14 249 12
209 244 1
61 115 14
7 260 23
132 140 16
74 114 24
56 226 3
56 260 4
48 200 3
132 230 56
33 186 15
114 188 11
40 88 6
142 198 1
50 112 6
83 170 5
100 232 11
74 194 3
82 114 11
100 168 8
168 230 6
42 250 2
132 143 13
80 132 21
69 229 1
68 132 32
113 132 19
69 162 3
142 259 2
114 230 139
17 209 4
10 13 1
162 177 2
132 231 22
198 230 6
40 132 12
108 161 1
132 235 1
230 257 2
93 132 32
112 132 20
100 225 4
130 132 34
166 186 13
7 40 1
39 132 42
140 211 12
13 132 11
152 230 12
168 261 3
108 132 3
32 132 4
193 237 3
132 152 2
51 254 1
41 132 19
141 215 1
25 230 18
132 197 19
193 193 30
95 198 1
60 262 1
60 60 1
95 144 8
230 260 13
78 132 3
48 49 10
114 212 1
52 132 10
198 226 1
226 233 11
48 213 2
152 152 11
77 138 1
146 249 12
17 249 25
72 100 1
35 177 4
113 129 10
164 226 26
74 231 8
173 179 1
236 258 1
132 164 35
188 246 1
62 90 4
132 179 10
158 181 11
17 138 7
41 231 5
144 230 58
61 114 13
211 238 10
62 161 1
82 249 7
153 249 2
161 260 19
89 234 4
61 90 10
49 211 6
17 125 2
186 255 9
8 229 1
131 138 1
181 226 1
87 100 16
87 134 1
79 188 24
80 82 2
68 226 12
64 132 3
66 164 3
88 112 2
112 257 1
53 132 5
89 225 1
145 196 1
69 74 9
169 247 1
47 169 1
47 247 1
232 256 23
68 260 7
168 170 7
43 45 2
78 163 1
114 228 4
63 132 10
138 226 10
20 186 2
158 217 1
157 163 2
100 102 1
75 230 41
7 233 13
189 249 14
107 126 2
126 248 1
45 69 1
42 144 11
136 230 3
129 230 37
230 236 64
9 143 1
57 70 1
250 256 5
45 88 9
18 48 3
132 259 5
42 249 17
83 230 8
125 237 7
74 211 7
87 88 33
132 220 4
18 238 3
76 107 1
223 261 6
136 137 1
61 246 4
158 225 8
46 231 1
145 230 24
76 77 1
138 164 6
49 230 9
145 173 4
164 188 7
68 98 1
79 258 2
143 244 7
79 132 25
181 188 7
48 94 1
166 230 24
90 209 19
26 231 3
42 90 20
163 225 2
79 252 2
145 211 4
227 249 3
102 163 2
41 164 42
33 230 20
48 76 1
107 223 8
12 226 2
82 82 18
146 157 1
161 181 12
202 229 11
148 244 14
146 260 6
179 238 1
166 220 1
90 97 6
147 163 3
133 239 1
10 163 1
100 143 21
217 262 1
167 230 5
83 260 10
90 138 8
158 224 17
82 92 2
209 243 2
65 72 1
37 114 25
82 236 2
74 186 17
52 246 1
80 143 3
79 227 8
138 140 8
76 186 3
158 244 12
4 125 13
16 186 2
132 161 27
88 228 6
259 259 16
13 45 4
36 158 6
45 114 34
148 166 21
45 189 3
43 174 1
41 50 11
49 132 21
223 234 12
144 189 12
83 252 1
25 100 6
4 100 11
75 78 1
186 228 4
132 206 2
100 119 3
12 161 1
7 92 2
42 193 3
179 179 10
50 157 1
25 224 1
42 168 11
129 223 4
93 114 1
65 114 19
68 227 1
69 113 4
62 132 14
162 255 9
179 249 10
102 132 8
227 230 6
63 188 1
68 138 10
89 141 1
62 97 1
17 230 13
61 217 2
89 231 5
24 158 5
75 168 9
92 148 1
93 211 1
129 148 16
74 132 11
51 229 2
113 226 9
95 100 3
25 163 3
132 180 6
51 132 6
124 138 1
79 159 5
82 138 4
173 230 3
106 246 1
66 132 7
74 213 4
161 225 2
82 137 2
86 132 19
169 186 1
39 39 2
173 260 5
61 237 2
36 230 7
100 129 9
14 113 3
20 138 2
68 209 13
116 236 5
56 76 1
49 137 4
18 68 1
230 243 33
51 230 1
152 174 1
77 97 1
102 141 5
17 114 21
137 150 1
7 70 2
173 211 2
13 113 13
146 146 8
85 181 3
124 161 1
132 185 3
147 236 2
37 146 1
177 246 4
36 45 1
16 230 1
132 202 5
164 196 3
188 232 5
83 132 7
142 255 5
166 248 1
83 141 7
132 192 3
100 152 9
159 236 2
162 202 2
140 244 3
144 151 11
64 263 1
40 48 4
7 230 68
45 146 1
106 226 1
25 246 5
185 233 2
167 186 7
7 158 9
114 242 1
25 90 10
146 148 12
116 209 1
116 230 31
62 79 12
97 107 15
67 233 2
145 239 2
11 88 1
66 148 22
164 247 3
90 254 1
16 161 2
164 181 10
48 168 9
50 95 1
230 247 2
167 168 1
42 186 15
17 65 6
90 145 8
107 243 2
65 100 3
68 202 1
14 229 3
132 146 9
198 249 5
144 181 20
114 226 14
78 97 1
94 141 1
39 100 1
45 89 2
146 158 6
158 168 3
24 116 15
127 136 1
169 211 1
22 227 1
52 100 1
54 230 1
65 211 3
65 106 2
164 202 1
4 168 1
14 231 6
223 231 3
45 162 4
102 230 3
148 202 4
142 168 3
36 144 11
142 256 6
129 216 2
125 230 14
157 263 4
244 261 2
69 75 3
113 230 43
95 114 10
135 234 1
152 237 5
75 223 3
134 229 1
215 228 2
190 249 4
163 248 3
132 175 5
74 138 5
82 95 4
7 100 22
144 145 4
79 226 13
37 232 10
85 114 2
49 141 2
211 224 7
45 263 6
85 100 6
148 220 1
41 100 14
79 168 5
50 153 1
82 112 1
10 164 1
82 211 5
168 249 3
68 156 1
100 256 8
107 179 8
170 223 19
114 227 4
18 166 1
16 130 1
100 140 12
160 230 5
68 136 2
213 230 1
69 234 1
163 168 4
129 161 19
234 243 12
113 146 4
41 126 2
143 168 1
33 114 9
132 222 2
236 254 1
12 261 4
144 238 16
148 173 3
138 207 1
22 100 4
159 161 13
113 257 2
48 196 4
78 116 2
40 211 5
78 141 2
125 227 1
45 249 32
26 249 3
31 141 1
145 237 6
68 248 4
21 61 1
48 91 1
95 163 3
126 239 2
186 220 3
56 163 2
142 200 3
82 233 4
10 48 6
71 230 1
137 179 6
65 88 5
33 48 14
112 163 9
41 113 14
48 225 5
145 260 3
137 151 5
181 237 2
148 213 1
211 263 18
100 100 44
75 114 20
143 211 9
144 198 4
82 113 3
137 189 1
41 114 7
69 230 5
25 52 5
11 162 1
95 158 4
179 237 4
126 148 2
37 100 5
15 145 1
138 223 8
24 230 22
113 131 2
97 188 3
35 145 1
119 140 1
43 52 1
129 249 16
40 234 10
16 79 3
75 186 25
48 52 1
42 141 9
62 188 2
13 13 24
69 100 4
100 179 8
100 171 1
135 142 2
79 177 2
7 246 9
90 179 4
100 157 5
249 257 3
67 231 1
80 231 10
97 114 7
61 80 4
14 230 6
95 162 10
90 151 13
48 248 2
88 249 32
79 210 2
77 79 3
188 237 3
173 246 1
170 182 2
228 263 3
142 209 4
4 26 1
68 89 4
74 261 1
242 242 1
83 164 5
90 225 3
82 144 5
173 233 1
185 243 1
88 114 24
45 239 5
14 14 1
106 234 7
17 170 3
37 246 4
39 97 1
69 166 1
174 246 1
152 246 6
114 129 17
131 229 1
48 136 2
147 162 2
45 260 4
137 216 3
102 162 1
69 231 1
82 83 6
90 119 2
132 173 6
138 169 1
119 243 2
13 224 3
194 223 1
42 233 4
48 95 12
94 113 1
125 143 4
125 134 1
106 181 8
116 158 2
97 97 11
125 233 4
247 249 1
13 211 25
10 113 2
233 243 1
49 80 4
94 234 2
120 132 1
62 249 4
225 246 3
132 191 22
49 161 6
17 234 7
33 158 8
47 148 1
66 87 3
113 228 5
122 132 3
79 217 7
136 234 1
116 186 17
177 237 1
188 188 5
76 89 1
91 188 1
15 132 3
83 163 8
79 215 1
137 168 2
138 162 14
136 140 1
132 250 3
18 132 3
91 112 1
47 69 1
13 138 5
132 151 14
186 212 1
252 263 1
60 68 1
164 165 2
106 249 9
19 65 1
42 247 6
74 260 2
24 47 1
37 229 7
132 168 7
200 243 2
33 233 6
12 79 3
65 143 2
66 144 5
95 113 4
216 229 3
224 236 4
137 138 4
88 181 8
24 261 1
13 157 1
65 138 6
61 144 9
85 132 17
132 171 3
4 67 1
48 224 12
79 82 11
4 225 1
55 140 1
132 210 7
124 234 1
209 209 10
128 230 3
37 253 1
166 209 4
4 52 1
160 162 7
157 198 2
234 260 7
90 181 14
227 228 1
100 188 2
41 211 6
61 113 5
79 147 2
126 229 1
69 244 4
83 234 2
132 150 5
67 164 3
94 239 1
16 68 2
133 230 5
10 233 1
82 132 20
17 45 4
148 248 4
90 228 2
148 250 2
5 90 1
17 100 3
138 151 4
138 143 11
125 125 11
190 234 3
33 239 2
88 243 3
129 232 1
40 138 3
50 67 1
79 85 5
52 114 10
65 256 2
112 125 5
114 167 8
145 216 2
65 141 3
4 129 1
113 157 1
246 260 1
240 246 2
129 138 11
107 225 6
45 256 4
3 138 1
189 230 3
18 233 2
43 74 3
163 223 9
48 183 2
75 158 8
140 145 7
89 216 1
49 209 3
42 65 1
36 87 3
55 100 2
68 200 1
186 227 4
181 260 2
138 142 10
148 177 5
114 143 25
41 87 1
12 49 1
116 229 12
84 170 2
31 113 3
138 238 12
114 183 1
62 142 2
11 114 1
82 163 12
42 88 2
56 148 4
152 212 1
138 239 11
144 226 3
235 239 1
100 146 4
198 255 5
28 170 2
113 220 1
114 149 3
77 132 5
258 258 3
97 158 5
10 230 3
111 164 1
138 249 9
25 151 1
61 254 1
166 233 3
168 182 1
98 263 1
75 248 2
25 198 1
88 161 4
186 198 5
33 209 1
68 92 2
7 80 5
66 246 2
19 79 1
82 234 4
14 90 6
138 160 2
37 113 7
148 227 4
142 247 2
36 138 1
106 158 4
164 168 9
68 225 5
62 164 2
89 249 12
61 238 2
151 256 2
65 132 12
42 113 4
68 178 1
42 137 2
100 236 12
42 100 22
41 88 5
54 231 6
25 190 1
125 224 2
100 235 3
49 138 2
40 170 2
143 196 3
14 170 6
49 100 3
74 158 4
148 223 12
49 217 1
50 121 1
161 173 2
140 256 3
79 138 8
25 232 4
79 243 9
142 178 1
113 116 6
138 145 6
159 262 1
14 138 2
147 249 1
163 259 2
33 246 8
158 179 5
93 249 1
12 249 3
51 148 1
41 242 1
146 232 1
76 256 1
36 68 6
179 230 14
85 144 2
14 181 2
138 232 5
80 263 2
163 247 2
11 230 1
113 217 1
48 89 8
130 164 1
161 188 3
45 129 1
83 249 2
217 232 4
66 114 10
66 138 1
48 67 4
50 193 1
74 167 6
48 190 1
152 234 3
12 148 2
100 209 7
212 234 3
52 112 1
169 263 1
145 236 5
90 116 18
121 230 1
4 181 6
177 177 4
164 212 4
224 224 6
24 68 12
93 234 1
152 205 1
95 256 1
231 260 2
144 195 1
70 75 1
87 119 2
69 119 2
189 263 1
52 263 2
190 236 1
37 230 13
114 138 4
97 224 1
28 145 1
41 181 3
132 160 8
14 106 1
62 158 2
176 230 2
42 45 1
74 181 1
61 158 5
138 174 1
138 262 7
88 97 3
90 136 1
34 249 3
114 198 5
108 158 1
164 200 3
4 226 2
256 261 2
113 223 3
145 158 6
148 196 3
48 198 5
24 255 1
126 138 2
68 122 1
22 234 4
68 188 5
82 239 2
100 226 21
82 162 3
138 141 10
138 229 5
196 237 2
90 197 1
138 171 4
171 226 2
79 196 2
89 100 3
148 195 1
177 209 3
179 229 11
106 138 4
43 138 1
19 130 1
61 163 1
13 232 7
125 137 8
166 232 4
159 163 1
137 196 1
48 133 2
24 132 8
83 107 1
50 223 6
230 255 11
88 125 4
34 211 1
163 213 1
69 167 2
41 247 2
138 254 2
196 246 1
60 234 1
148 169 2
60 242 1
68 169 2
141 260 16
190 232 1
151 225 1
68 235 1
94 230 1
37 50 3
68 195 5
35 48 5
52 107 2
89 89 2
186 235 2
11 108 1
211 236 14
129 140 7
75 129 2
144 152 1
173 237 4
12 90 4
164 248 2
89 90 3
100 193 2
25 186 5
52 161 3
14 151 2
87 125 19
17 256 11
114 220 2
61 140 2
36 209 1
39 113 1
42 107 13
92 132 15
45 177 4
138 193 2
53 129 3
61 231 8
136 186 1
100 169 1
11 48 1
138 170 8
69 186 3
116 125 1
129 231 8
29 158 2
49 52 1
87 223 1
69 132 8
188 249 8
65 83 1
163 198 2
61 82 1
7 261 3
114 223 18
51 51 2
132 193 6
179 234 12
138 188 3
76 163 1
94 94 2
152 249 5
74 129 2
233 260 4
127 186 6
114 195 1
132 174 3
95 211 2
49 233 2
95 161 9
43 167 1
71 249 1
75 246 11
173 234 4
13 152 1
85 89 5
162 228 4
145 181 3
24 231 6
91 230 3
17 144 11
12 50 1
69 161 3
4 17 2
117 132 4
49 229 2
132 243 11
193 263 1
112 263 4
132 159 1
106 186 3
100 202 1
45 49 3
17 113 7
61 62 4
34 87 1
95 138 5
48 119 1
164 244 8
70 163 1
162 248 1
90 200 2
132 248 3
82 223 5
192 237 1
49 88 2
14 164 4
209 230 6
126 141 3
74 88 2
170 174 2
54 170 1
236 247 2
61 145 1
7 116 2
33 65 1
65 151 1
114 147 1
40 237 1
114 133 2
48 217 1
91 161 1
69 79 3
12 68 1
83 256 1
116 136 1
28 162 1
76 216 1
4 194 1
74 146 1
159 230 3
7 213 1
186 241 4
100 223 6
22 114 9
95 170 4
236 261 5
249 260 5
22 170 2
141 219 1
71 144 1
92 92 1
26 227 1
78 161 1
68 135 1
69 141 6
106 132 2
138 244 4
95 137 2
68 93 1
153 230 2
20 140 2
37 90 16
186 193 3
39 138 1
36 132 9
171 229 1
85 138 2
10 215 1
19 19 1
36 100 5
95 129 3
116 248 2
97 232 5
179 233 2
244 263 13
82 142 2
74 193 1
145 160 2
100 166 8
9 87 1
168 224 1
186 188 4
4 190 3
83 83 4
79 248 2
88 189 1
142 196 4
114 225 9
228 232 1
209 215 1
7 36 2
106 230 1
21 26 1
88 100 6
198 237 2
148 159 2
67 249 5
75 260 2
89 114 5
114 208 3
42 226 1
76 249 1
52 261 1
236 243 4
159 244 1
106 144 5
147 159 1
48 83 6
209 226 2
88 248 1
17 49 8
67 186 2
219 219 3
75 232 5
7 57 1
168 262 3
146 230 19
7 211 4
1 132 1
129 225 4
161 202 2
69 148 2
168 238 4
33 140 4
165 234 3
66 230 1
82 107 6
193 233 1
83 263 4
45 163 4
127 230 8
7 95 2
114 152 5
75 159 3
88 244 2
211 230 36
132 247 2
56 233 1
65 188 2
112 233 5
106 256 4
55 158 1
88 255 3
64 237 2
81 132 8
225 232 6
130 234 2
41 193 3
132 212 3
166 234 4
134 134 1
61 65 6
80 198 2
82 160 2
82 237 2
56 83 4
165 233 3
130 142 1
87 257 1
40 164 4
83 100 2
92 223 1
141 152 5
43 102 1
114 132 11
106 125 4
68 181 6
135 164 2
8 170 2
70 132 8
70 171 1
33 163 3
114 155 1
85 170 1
148 197 3
16 233 1
17 188 2
4 189 3
95 261 2
142 160 4
50 226 1
48 188 3
141 168 7
25 89 4
106 211 2
80 225 7
17 261 3
45 198 1
75 261 6
91 140 1
25 144 8
129 233 9
62 144 3
61 87 3
113 138 5
19 132 4
146 173 3
97 230 7
36 234 8
138 158 3
233 261 9
45 65 2
153 237 1
24 247 1
197 197 3
4 106 3
125 140 4
24 100 7
62 100 4
26 100 2
230 250 2
159 164 4
56 142 1
146 244 2
220 230 4
36 37 10
158 196 3
238 250 1
97 106 2
71 211 1
138 192 3
137 260 2
254 254 3
49 177 1
123 132 8
132 260 21
56 138 1
65 89 2
231 244 5
142 188 2
235 236 2
88 143 2
125 238 6
68 134 1
55 170 1
125 209 8
45 97 7
74 235 3
114 189 15
89 188 2
232 260 1
133 144 3
177 255 1
165 230 3
29 244 1
135 138 5
107 212 2
13 17 2
114 202 5
92 179 1
70 173 2
138 146 2
133 162 1
164 227 3
132 251 1
14 140 2
188 198 1
197 231 1
48 250 2
138 196 3
33 100 3
198 209 1
133 249 5
10 158 1
74 92 1
145 202 2
97 246 2
85 231 2
138 161 14
68 71 1
71 89 2
37 211 6
89 148 13
138 168 1
138 217 3
72 72 2
127 152 3
132 217 6
142 167 1
89 158 4
101 138 2
138 260 3
138 163 8
165 170 2
41 127 4
188 248 3
138 179 3
61 100 3
138 256 2
132 200 4
170 200 1
76 91 1
33 76 1
152 211 2
170 208 2
148 208 1
139 186 2
93 100 1
55 75 1
51 163 1
87 197 2
17 229 3
48 56 2
134 211 1
52 145 1
83 229 8
22 132 4
132 213 2
12 230 2
164 258 1
87 226 1
85 164 1
148 217 5
52 236 1
54 148 2
226 262 2
209 214 1
135 244 1
17 232 7
133 209 4
82 196 3
181 230 12
12 13 2
161 228 6
33 234 12
88 221 2
179 211 5
161 177 1
45 226 2
145 235 1
212 262 1
125 166 1
87 182 1
4 40 2
31 132 1
75 209 2
29 164 1
8 140 1
212 236 1
55 66 1
60 141 1
40 228 2
68 82 6
231 257 2
144 243 4
129 146 9
75 126 2
51 170 1
54 54 2
67 88 1
62 225 1
49 62 1
95 231 4
100 116 12
74 144 3
23 161 1
125 179 1
121 186 1
68 70 1
170 247 3
66 237 1
18 90 2
168 226 2
131 148 2
83 186 1
233 252 1
129 262 2
237 247 2
89 107 5
112 234 9
80 129 2
133 164 3
7 125 3
179 231 3
200 249 2
89 113 2
25 146 1
26 217 2
196 211 1
28 48 1
146 231 2
18 246 2
211 260 1
232 257 2
237 248 1
169 213 1
82 198 3
203 255 1
88 145 2
16 170 1
66 137 3
146 209 1
79 126 4
28 163 2
52 162 2
113 202 1
237 250 3
116 119 2
182 231 1
80 228 1
42 231 7
238 248 2
164 193 3
68 129 4
190 237 1
212 213 1
182 246 4
170 196 2
170 177 2
161 196 1
114 260 2
158 220 3
116 261 2
116 220 1
106 229 1
132 258 9
171 249 1
157 229 1
132 144 7
17 162 5
173 181 1
51 234 1
237 258 1
197 229 1
148 155 3
92 163 5
100 196 4
87 217 2
144 173 1
10 107 1
95 134 2
80 144 19
216 216 11
132 147 5
147 147 2
17 244 2
25 67 1
61 106 1
83 233 5
75 145 1
85 234 1
32 164 2
130 137 1
18 161 1
164 166 11
61 232 4
78 162 1
45 236 1
48 240 1
12 211 1
74 119 3
143 193 1
74 226 1
88 132 2
233 255 2
48 149 1
106 255 3
48 247 2
144 182 1
61 141 3
49 232 3
140 227 1
136 239 1
36 140 2
146 262 2
75 138 6
82 161 6
209 223 3
62 65 1
82 179 1
144 225 6
100 260 10
75 183 2
93 93 1
113 145 5
182 212 1
28 164 2
88 151 5
32 114 1
41 223 2
144 260 5
90 146 5
4 98 1
80 233 2
37 142 2
198 211 1
49 87 1
179 246 2
162 227 1
185 186 1
61 133 1
138 220 2
4 193 2
164 243 3
181 198 1
48 167 5
136 148 2
41 260 1
79 228 14
14 45 3
90 195 1
42 148 18
79 200 1
49 89 2
158 177 1
243 263 2
157 246 1
54 249 1
188 233 1
29 263 1
152 255 1
97 162 4
4 42 3
80 137 4
87 129 4
126 231 1
126 158 1
132 195 3
28 211 1
255 262 3
43 144 8
79 213 4
80 226 6
36 36 3
82 143 2
24 125 1
37 144 12
113 152 1
75 127 2
62 112 2
17 41 3
141 220 1
145 262 1
116 171 1
48 177 2
90 227 3
88 256 1
25 164 6
113 173 2
170 171 1
82 246 5
97 177 2
80 92 1
40 97 1
13 72 1
42 222 1
48 178 2
65 246 6
119 237 2
40 261 1
62 68 1
114 247 1
158 227 2
90 127 8
191 237 2
236 255 2
24 90 5
49 158 6
4 62 2
85 158 1
113 179 4
48 173 7
152 170 2
169 243 2
32 107 1
28 188 1
231 259 2
89 144 3
202 234 1
14 68 3
50 89 1
13 42 1
71 88 2
49 112 3
170 216 2
90 189 4
40 144 9
146 255 4
227 261 1
25 43 1
10 68 1
170 213 1
33 125 2
40 179 1
36 48 10
78 263 2
20 141 1
200 263 1
93 236 3
113 127 3
170 228 3
137 228 1
12 36 1
50 57 1
90 133 1
21 68 1
118 161 1
63 211 1
63 195 1
232 236 3
143 146 4
151 261 3
170 189 3
148 245 1
83 162 4
11 142 1
196 230 4
21 163 1
12 209 3
229 250 1
39 260 1
11 186 1
68 97 3
128 142 1
62 114 2
68 257 4
1 125 1
69 238 1
158 166 8
90 243 8
4 195 1
35 136 1
75 189 1
116 211 4
14 66 1
58 68 1
62 80 1
168 232 1
79 201 1
114 177 3
144 217 1
79 119 2
60 132 2
130 186 3
24 114 5
124 255 1
126 212 1
93 230 1
35 79 2
95 186 5
182 237 1
158 204 1
17 239 1
37 198 3
10 10 2
135 145 2
106 133 1
68 133 3
24 211 2
22 144 2
234 258 2
28 135 1
100 133 3
25 137 2
209 262 2
127 240 1
142 241 2
115 156 1
72 231 2
241 244 1
13 256 2
58 107 1
173 231 5
28 161 1
143 145 2
193 230 3
66 142 1
54 158 1
166 231 6
21 49 1
132 136 1
157 256 1
146 236 2
68 208 2
45 75 3
126 230 2
114 190 1
114 179 8
69 246 1
79 178 1
14 211 4
28 148 5
41 112 1
80 95 1
40 100 1
67 230 4
13 181 5
56 129 5
55 114 2
40 125 4
79 212 3
61 195 1
47 234 2
65 225 3
90 112 3
4 223 2
40 142 1
189 232 3
60 142 2
126 142 1
85 249 1
17 233 3
132 242 4
138 181 7
106 114 5
16 48 1
168 246 2
107 195 1
66 88 2
17 66 1
127 132 5
171 234 1
33 211 4
45 225 2
28 82 1
50 82 2
61 230 4
235 263 2
1 48 1
48 159 3
36 164 6
195 256 2
88 238 1
142 193 1
159 254 1
83 114 2
35 72 1
112 232 7
10 239 1
94 148 1
158 257 5
17 158 2
120 249 1
55 256 1
112 225 4
148 152 4
97 189 3
107 228 4
147 186 1
47 246 1
188 189 2
17 50 2
76 138 1
41 138 7
190 231 1
37 89 2
49 65 4
73 162 1
19 263 1
148 200 1
185 249 1
140 189 1
126 249 1
97 217 1
100 130 1
41 227 1
25 234 6
170 190 1
156 162 1
211 223 2
151 211 5
106 232 2
133 158 1
40 230 3
54 181 1
75 181 1
40 107 3
69 138 3
43 255 1
56 78 1
64 162 2
106 164 2
25 45 3
35 113 1
85 256 1
4 61 1
7 239 5
106 106 1
48 259 1
189 223 1
70 234 1
137 157 1
48 160 1
218 237 1
179 261 2
29 162 1
25 260 1
236 260 3
158 178 1
226 258 1
35 61 3
17 195 2
119 186 1
113 225 4
145 232 4
140 223 3
16 16 1
95 219 1
74 112 1
248 254 1
129 186 3
129 144 2
144 146 6
11 249 1
148 168 2
89 237 2
16 88 1
83 112 1
55 230 1
42 177 1
29 132 2
69 168 3
113 190 1
119 183 1
127 224 1
163 227 1
22 163 1
160 186 1
27 246 1
14 263 1
148 190 1
4 24 1
88 163 5
17 211 5
3 114 1
61 125 2
62 113 1
152 158 3
126 137 1
21 48 1
17 225 3
5 107 1
43 80 2
42 146 2
54 90 1
157 158 1
25 62 4
39 216 1
182 182 1
7 173 4
132 245 1
186 260 6
11 90 2
141 212 2
56 132 10
61 63 1
65 257 1
60 162 1
112 138 5
21 148 2
225 257 1
102 216 1
4 166 1
28 232 1
10 226 1
107 127 1
141 169 2
36 90 3
18 79 1
100 197 1
125 248 1
79 173 3
100 259 1
80 100 3
9 132 4
161 217 1
140 220 1
87 168 2
90 198 1
107 138 14
82 148 5
173 209 2
75 112 1
128 249 1
74 82 1
67 90 2
80 125 3
79 83 2
106 148 5
41 202 1
233 257 1
127 249 7
76 76 5
138 233 8
138 216 2
116 241 1
135 237 5
73 137 1
135 148 1
100 247 2
7 244 1
14 100 1
138 224 4
32 229 1
138 236 11
71 75 1
39 142 2
74 78 1
40 229 6
74 187 1
74 246 4
52 186 1
60 75 1
129 211 7
66 186 3
17 140 1
164 228 6
152 231 3
61 234 4
132 227 2
70 152 1
22 233 1
95 140 2
196 233 2
219 236 1
66 107 4
62 66 1
82 146 3
54 87 1
35 86 2
66 232 3
119 170 2
25 138 1
165 231 2
75 211 7
209 224 3
14 261 3
87 136 1
93 135 1
140 247 3
174 238 2
133 133 4
29 108 1
96 148 2
35 162 1
138 231 4
153 166 2
62 140 1
89 119 1
25 226 1
41 65 3
94 232 4
33 138 1
28 95 1
80 88 2
80 202 2
90 168 2
218 230 1
193 229 1
48 202 3
126 237 3
88 225 2
41 169 3
65 190 1
248 249 2
193 211 1
109 211 1
132 165 10
163 171 2
35 234 1
68 214 3
135 162 2
88 138 1
39 76 2
82 193 1
50 138 2
90 248 2
121 248 1
125 257 1
26 138 2
152 162 1
137 149 1
66 261 1
146 202 1
117 164 1
115 144 1
133 148 2
163 220 1
21 162 1
200 231 1
13 61 1
132 178 4
237 242 1
17 137 1
9 48 2
48 60 2
75 212 1
87 228 3
56 56 2
12 45 2
65 261 3
234 257 2
138 228 2
33 145 1
39 232 1
97 138 2
200 246 1
129 143 12
45 138 1
220 263 1
239 247 1
140 165 1
10 166 1
76 86 1
95 237 2
37 138 2
113 196 1
159 239 2
126 132 2
7 120 1
182 230 2
169 239 1
224 228 1
88 223 2
189 209 1
141 159 3
140 235 1
224 261 2
125 189 1
197 244 1
100 181 6
48 228 6
93 229 1
142 220 1
25 85 2
164 205 2
158 226 5
49 237 4
43 180 1
125 181 7
132 157 9
198 229 2
198 198 2
193 216 1
78 239 1
48 216 1
147 263 2
113 198 5
4 97 4
80 158 6
68 192 2
140 202 1
97 170 3
142 248 1
37 209 4
54 161 1
138 225 1
93 127 1
25 227 1
217 230 2
119 132 1
229 235 1
24 164 6
42 220 1
125 151 2
113 171 1
83 113 1
137 225 3
121 205 1
127 223 1
137 247 1
52 163 3
18 164 1
168 247 3
134 256 1
21 233 1
48 258 2
26 140 2
28 141 1
157 260 3
52 72 1
41 232 2
100 174 2
78 223 1
65 113 3
48 72 2
75 226 1
161 189 4
146 239 1
65 126 1
260 262 1
213 224 1
234 247 1
22 113 1
186 196 2
60 186 1
170 184 1
163 200 1
217 256 4
169 261 1
66 152 1
105 161 1
114 173 1
42 60 2
75 213 1
80 177 1
45 262 2
9 137 1
97 166 1
147 239 1
169 237 2
133 211 1
88 89 2
3 136 1
90 126 1
92 164 1
52 230 7
78 231 1
147 262 1
49 130 1
123 246 1
41 179 1
169 249 3
9 79 1
152 164 3
29 189 1
45 126 1
61 88 1
10 148 1
61 142 2
43 116 1
34 148 2
123 144 1
97 125 4
55 132 1
140 157 2
170 214 1
90 260 3
24 43 4
90 212 1
157 161 3
75 93 3
89 170 4
169 235 1
68 123 1
102 164 2
142 157 2
49 66 2
28 137 1
68 130 1
163 257 1
124 132 3
146 203 1
40 246 2
82 255 1
48 96 1
47 100 2
40 50 2
88 220 1
54 65 1
35 39 1
138 166 4
25 243 2
4 179 2
138 230 21
138 241 1
15 138 3
144 227 2
130 161 1
28 113 1
131 140 1
227 256 1
45 133 1
91 148 1
67 234 3
18 186 2
134 138 1
95 249 3
37 75 2
70 138 7
26 132 8
138 175 1
14 234 3
114 157 4
136 246 1
183 239 1
147 170 1
66 135 1
35 35 2
168 231 2
124 164 1
133 138 2
16 138 3
181 263 1
228 234 1
77 249 1
179 256 1
146 159 1
138 186 12
64 138 1
69 170 2
69 164 1
83 211 2
35 76 1
106 188 1
107 259 1
107 240 1
70 223 1
80 138 2
37 161 3
138 261 3
189 229 1
138 148 2
92 173 1
134 237 1
87 138 3
163 165 1
138 255 3
89 162 1
47 138 1
52 164 2
138 200 2
158 160 2
50 115 1
133 256 1
163 208 1
87 181 7
36 163 1
168 234 2
81 138 1
89 138 1
25 133 4
52 223 1
70 249 1
151 242 2
138 139 1
133 246 1
138 258 1
138 234 3
22 79 1
138 243 3
56 249 2
48 227 1
29 211 2
138 183 1
98 138 1
3 79 1
138 208 1
106 140 1
45 228 4
7 121 1
56 164 3
138 152 2
53 114 1
18 143 1
114 124 1
82 90 1
226 232 2
87 200 1
52 61 2
1 186 1
37 219 1
61 78 1
100 147 4
61 143 1
138 182 1
93 107 1
138 173 2
138 237 4
183 249 1
64 164 1
157 238 1
86 86 1
90 216 1
223 236 1
60 138 1
136 138 1
133 232 2
127 153 1
186 208 3
126 188 1
142 202 3
35 170 1
70 79 1
76 209 1
13 257 1
66 100 3
37 225 4
136 136 1
160 229 3
34 256 2
239 259 1
83 130 1
167 182 1
182 248 1
138 219 1
244 255 2
140 192 1
14 236 1
74 126 2
57 229 1
134 144 2
45 116 2
25 179 1
79 120 2
25 189 4
69 142 3
228 228 3
163 177 1
151 159 1
152 168 3
212 238 1
220 249 2
61 216 3
65 65 3
100 254 3
56 146 2
24 241 1
16 148 1
79 191 1
238 242 1
133 142 1
134 249 5
174 209 1
65 237 1
79 174 1
51 246 1
79 190 3
125 226 1
25 261 1
14 162 2
64 186 1
7 248 1
12 125 1
45 179 1
201 249 3
41 226 2
25 244 1
174 174 1
89 133 3
123 140 1
75 247 3
63 107 1
196 249 1
87 203 1
88 195 2
227 234 2
102 229 2
75 95 1
33 232 1
124 148 1
138 246 2
100 159 2
41 159 2
89 217 1
28 92 1
226 246 2
21 79 2
48 53 1
88 179 1
141 200 2
161 256 4
181 195 1
42 133 1
142 223 5
163 205 1
164 217 1
162 243 3
161 178 1
108 261 1
135 186 1
93 113 1
217 249 2
174 230 1
18 50 1
72 138 1
36 98 1
173 238 1
177 189 1
36 246 1
136 166 1
20 161 2
7 28 1
88 262 3
97 261 3
17 71 1
93 140 2
93 148 1
47 244 2
149 229 1
36 186 3
10 100 2
137 258 1
126 168 2
134 233 2
45 142 1
157 231 2
201 201 1
60 151 1
100 136 1
81 136 2
27 90 1
4 95 2
94 170 2
157 186 1
54 125 1
217 217 2
97 100 1
45 82 1
130 163 3
143 223 4
170 243 1
80 239 1
177 249 2
177 230 2
182 205 1
21 100 1
128 223 2
198 263 1
11 79 1
196 234 1
89 198 1
70 164 3
89 211 1
91 97 1
127 232 1
163 235 1
125 225 3
61 228 1
55 188 1
66 229 1
102 234 3
195 211 1
11 164 1
161 212 1
29 87 1
100 220 1
45 52 1
17 107 4
137 200 1
106 257 4
85 140 2
147 148 2
21 164 1
37 217 1
74 127 2
90 180 1
56 255 1
54 137 1
223 260 3
75 147 1
93 233 1
112 196 1
36 170 3
87 173 1
68 228 1
70 107 1
79 208 1
17 179 1
143 200 1
114 200 1
161 220 2
173 173 3
133 262 1
39 87 1
140 200 1
22 230 1
79 157 1
114 134 2
72 255 1
40 45 1
34 97 1
10 216 1
189 237 1
159 233 1
14 223 1
67 114 1
152 247 2
212 230 3
173 223 1
186 200 2
12 246 1
249 250 2
215 249 1
136 233 2
65 165 1
188 211 1
125 127 1
37 145 1
74 80 1
13 25 1
141 198 1
119 262 1
45 76 1
49 256 1
50 200 1
14 256 1
48 220 6
98 161 1
61 151 1
160 164 1
127 140 1
93 94 1
4 43 1
160 234 1
26 48 1
100 241 1
166 211 2
169 232 1
79 193 1
113 227 1
149 158 1
181 229 4
60 263 1
213 262 1
134 234 1
229 259 1
25 36 2
90 102 1
12 113 1
71 76 1
133 163 1
186 219 1
69 189 1
112 216 2
56 79 3
40 256 2
95 145 1
57 142 1
96 144 1
36 113 4
21 225 2
42 241 2
195 249 3
3 231 1
37 125 1
71 164 1
36 225 3
163 228 2
79 195 2
173 197 1
14 209 1
114 182 1
140 181 1
130 211 1
3 132 1
111 257 1
14 88 2
87 171 1
162 173 1
54 132 7
185 263 2
82 140 1
76 114 3
125 146 2
82 248 1
223 232 1
159 249 2
159 243 1
114 241 1
234 250 1
48 121 1
126 162 1
59 193 1
49 228 1
114 168 2
25 188 1
159 232 1
145 167 1
74 125 3
39 61 1
211 227 2
47 94 1
93 143 1
36 106 1
88 133 1
22 88 2
193 249 2
162 247 1
66 166 1
76 148 2
4 28 1
140 228 1
149 228 1
42 94 1
21 114 1
56 68 1
100 153 2
69 87 1
180 180 6
135 232 1
67 82 1
100 127 1
26 79 2
189 190 1
100 198 2
129 160 1
17 68 3
145 192 1
17 237 1
167 237 1
146 168 1
47 186 2
95 239 1
63 148 1
43 82 4
65 85 1
85 91 2
63 256 1
148 149 2
22 249 3
97 198 1
92 192 1
247 263 1
28 125 1
119 263 1
17 87 1
144 147 1
132 208 2
13 151 2
120 262 1
230 248 2
39 148 1
100 252 1
25 74 10
10 238 1
10 43 1
24 138 1
1 97 1
138 177 1
37 177 1
138 191 1
100 191 1
148 258 2
70 100 2
198 217 1
10 229 1
87 227 1
26 186 4
89 145 1
93 209 1
93 141 1
168 186 1
11 132 2
87 225 1
87 93 1
121 141 1
257 257 2
12 186 1
74 212 2
40 49 1
93 262 1
148 157 2
202 215 1
62 72 1
125 165 1
24 181 1
69 232 1
45 166 2
102 114 1
134 164 2
48 123 1
68 95 1
100 190 1
157 209 1
92 125 1
89 257 1
18 163 1
122 255 1
90 106 2
18 230 1
168 212 3
79 149 1
40 163 1
67 170 1
147 211 1
88 95 1
14 141 1
42 261 1
12 142 1
217 229 1
22 231 1
150 230 2
79 250 2
26 164 1
120 230 1
83 255 1
50 65 3
186 216 1
62 246 1
12 234 1
74 93 2
20 262 1
13 26 1
127 161 4
186 205 1
208 208 1
49 246 1
40 90 1
59 132 1
134 230 2
93 263 1
188 231 2
93 163 2
162 189 2
212 231 1
52 88 1
82 256 1
45 150 1
224 226 1
13 127 2
168 233 1
43 194 1
36 223 1
18 152 1
141 202 2
3 158 2
107 235 1
95 196 5
88 116 2
134 163 1
70 87 1
141 228 1
70 226 1
200 229 1
49 106 1
162 190 1
246 257 1
43 169 1
90 173 2
133 233 1
124 230 1
138 252 1
148 153 1
48 169 2
128 233 1
211 212 1
249 258 1
173 239 1
188 256 1
82 213 1
92 233 1
164 221 1
157 226 1
137 259 3
170 175 1
85 148 1
45 252 1
13 14 1
50 83 3
94 249 1
182 261 1
24 137 1
162 252 1
146 238 1
146 256 1
132 201 1
130 238 1
211 225 3
97 142 1
56 113 1
76 95 1
144 168 2
45 157 1
120 161 1
48 134 1
113 119 1
25 209 1
45 62 1
158 258 1
141 147 1
65 137 2
72 181 1
48 59 1
138 257 1
191 249 1
78 230 1
170 198 2
37 237 1
196 196 1
107 152 1
80 145 2
9 234 1
143 188 1
85 188 1
4 138 2
56 161 2
88 111 1
70 70 1
56 144 2
228 233 1
127 162 2
74 188 1
144 257 1
123 158 1
68 119 1
130 162 1
92 142 1
138 212 1
40 233 1
230 242 1
119 238 1
162 213 1
255 260 1
33 82 1
22 48 1
129 158 1
26 65 1
92 196 1
164 215 1
88 227 1
65 125 1
151 212 1
164 171 1
203 203 3
198 261 1
236 241 1
162 188 2
45 227 1
125 155 1
47 90 1
140 248 1
141 248 1
33 45 3
79 235 1
229 242 1
91 113 1
155 249 1
75 216 1
80 122 1
14 227 1
25 162 1
135 193 1
170 197 2
14 49 1
112 237 2
54 211 1
25 228 2
212 233 1
43 83 1
168 237 2
64 230 1
54 209 1
190 190 1
98 186 1
36 235 1
91 100 1
208 263 1
40 189 1
79 165 1
35 261 1
25 75 1
97 113 1
48 54 1
244 260 1
189 236 2
148 201 1
119 119 4
167 239 1
211 242 1
4 257 1
130 146 1
235 261 1
89 125 2
168 229 2
3 236 1
62 231 2
41 212 3
36 41 1
68 76 1
66 255 2
124 246 1
161 215 1
52 140 1
65 142 1
33 141 2
129 179 2
41 71 1
123 231 2
95 130 1
220 231 1
92 100 1
123 230 1
79 192 2
20 100 2
220 244 1
45 74 1
56 90 1
76 231 2
68 205 2
223 263 2
144 150 1
118 148 1
80 190 1
52 85 1
129 193 1
45 132 2
170 258 1
70 90 1
4 49 3
62 234 3
237 257 1
147 164 1
79 254 1
148 150 1
144 202 1
79 111 1
49 238 1
202 239 1
35 148 2
212 237 1
10 114 3
70 167 1
137 165 1
61 233 1
100 200 1
100 167 1
148 160 1
126 167 1
87 147 1
225 229 1
179 216 1
202 211 1
142 177 2
39 89 1
50 228 1
89 261 1
97 239 1
91 246 1
130 249 1
31 140 1
18 158 1
141 185 1
50 235 1
17 236 1
77 90 1
50 54 1
35 225 2
13 62 1
10 145 1
114 174 1
43 202 1
95 164 2
39 234 1
50 259 1
95 112 1
40 232 1
151 220 1
7 166 1
76 219 1
113 260 1
212 244 1
88 198 1
56 256 1
196 226 1
56 196 2
33 236 1
171 186 2
43 134 1
60 79 1
202 263 1
51 186 1
133 260 1
13 49 1
94 240 1
50 189 1
125 262 1
211 243 1
56 246 1
150 211 1
146 261 1
75 256 2
129 134 1
64 107 1
54 68 1
65 239 1
88 106 1
22 211 1
43 232 1
98 249 1
165 211 1
141 155 1
129 246 1
4 66 1
95 125 1
21 132 2
79 214 1
93 186 1
35 255 1
162 174 1
37 261 1
79 121 1
29 144 1
136 151 1
212 256 1
177 241 1
79 216 1
67 144 2
108 209 1
114 119 1
127 158 1
55 68 1
36 75 1
37 67 1
11 158 1
75 167 1
163 173 1
62 209 1
55 232 1
114 165 1
209 256 2
149 230 1
52 211 2
243 255 1
255 261 1
18 167 1
106 239 1
217 226 1
147 243 1
43 81 1
88 197 1
148 241 1
193 244 1
133 170 1
219 234 1
203 246 1
87 166 1
242 246 1
90 134 1
168 235 1
114 217 1
146 211 1
28 28 1
74 255 1
51 213 1
78 213 1
4 72 1
152 224 1
52 195 1
26 45 1
209 238 1
17 33 1
43 93 1
148 210 1
242 249 1
24 147 1
29 79 1
148 240 1
45 217 1
195 239 1
217 225 1
98 114 1
107 174 1
113 243 1
17 63 1
28 140 1
45 145 1
68 85 1
106 161 2
60 232 1
74 147 1
18 263 1
62 230 2
123 181 1
92 230 1
70 137 1
7 177 1
147 230 2
107 196 1
61 75 1
90 94 2
49 71 1
21 234 1
226 243 1
122 129 1
45 196 1
247 259 1
24 233 1
141 213 1
56 92 1
54 114 1
82 186 1
18 18 1
194 243 1
61 177 1
62 77 1
4 200 1
134 226 1
14 216 1
93 238 1
113 168 1
69 126 1
52 228 1
130 141 1
90 95 1
106 163 1
45 248 1
216 232 1
161 257 1
48 192 1
107 130 1
223 238 1
116 120 1
170 188 1
7 74 2
93 237 1
87 131 1
18 237 1
89 91 1
100 135 2
163 202 1
92 95 1
18 113 1
67 129 1
130 138 1
14 33 1
17 163 1
3 31 1
93 232 1
202 236 1
133 161 1
116 145 1
233 235 1
48 185 1
70 141 1
20 132 1
126 236 2
100 257 1
68 217 1
11 87 1
32 230 1
225 261 1
212 249 1
160 256 1
42 255 1
211 250 1
177 225 3
225 239 1
17 89 1
131 237 1
135 137 1
49 263 1
100 212 1
192 234 1
66 146 1
230 241 2
37 260 1
47 167 1
238 240 1
16 163 1
175 229 1
61 77 1
113 193 1
127 168 1
60 230 1
193 202 2
225 237 2
47 48 1
47 78 1
189 261 2
151 216 1
95 102 1
1 230 1
40 188 1
181 238 1
142 242 1
230 235 1
213 235 1
56 242 1
213 263 1
19 191 1
75 94 1
87 106 1
63 68 1
71 261 1
22 90 1
196 223 1
186 213 1
24 226 1
10 262 1
97 165 1
112 166 1
135 173 1
71 91 1
212 246 1
113 210 1
235 243 1
43 215 1
35 164 1
123 163 1
62 88 1
54 164 1
77 115 1
161 201 1
132 190 1
88 188 1
125 169 1
56 143 1
8 230 1
236 240 1
53 234 1
18 239 1
235 246 1
138 209 1
32 170 1
13 195 1
213 234 1
65 177 1
49 125 1
90 123 1
43 225 1
185 239 1
13 165 1
140 173 1
37 233 1
46 234 1
48 102 1
160 165 1
162 185 1
24 45 1
95 233 1
82 122 1
143 261 1
119 168 1
21 21 1
20 234 1
227 232 1
109 132 1
53 141 1
5 214 1
136 224 1
14 108 1
135 229 1
111 162 1
52 142 1
33 133 1
114 216 1
195 246 1
14 89 1
106 170 1
71 87 1
125 188 1
114 192 1
10 162 1
108 164 1
129 261 1
37 166 1
17 43 1
66 95 1
133 237 1
22 148 1
161 182 1
146 250 1
151 157 1
7 196 1
6 186 1
192 229 1
109 249 1
97 137 1
118 170 1
195 228 1
151 193 1
90 185 1
100 165 1
190 230 1
89 230 1
173 226 1
24 168 1
112 143 1
56 158 1
134 141 1
160 163 1
35 74 1
20 75 1
54 238 1
10 35 1
14 74 1
216 254 1
152 262 1
61 205 1
86 90 1
18 116 1
37 76 1
17 76 2
10 37 1
37 147 1
222 225 1
171 185 1
51 244 1
62 212 1
126 152 1
119 215 1
16 197 1
89 143 1
85 222 1
168 181 1
164 208 1
115 188 1
76 210 1
35 75 1
222 235 1
17 72 1
167 259 1
183 259 1
51 113 1
119 147 1
63 85 1
61 91 1
69 130 1
10 75 1
62 193 1
42 89 1
4 78 1
191 216 1
17 82 1
76 225 1
17 259 1
39 169 1
18 213 1
37 182 1
75 177 1
26 165 1
68 206 1
219 238 2
71 216 6
216 219 1
61 198 1
148 235 1
35 92 1
35 119 1
14 128 1
90 235 1
130 183 3
182 249 2
41 213 2
51 184 2
14 198 2
70 179 2
146 198 2
186 210 2
160 224 2
94 215 2
22 61 2
32 119 4
18 249 2
39 77 2
76 213 2
48 51 2
225 226 2
158 208 2
228 245 2
213 216 2
61 86 2
143 179 1
76 139 1
137 147 1
56 137 1
237 259 1
77 256 1
32 78 1
18 100 1
74 122 2
81 152 1
177 232 1
150 155 1
38 61 1
91 123 1
197 230 1
102 137 1
137 160 1
71 226 1
201 246 1
219 221 1
73 216 1
97 227 1
206 225 1
191 213 1
68 218 1
66 241 1
230 254 1
191 248 1
47 152 1
188 240 1
63 225 1
51 126 1
35 77 1
86 121 1
169 219 2
82 89 1
32 197 1
14 67 1
173 228 1
246 254 1
56 121 1
106 254 1
