65 138 33
43 230 343
238 238 530
88 232 13
125 249 241
138 143 51
145 145 187
193 193 181
226 226 81
138 164 304
7 146 76
7 68 6
158 230 102
170 246 431
132 229 84
75 147 1
100 230 962
179 179 6
116 230 17
13 137 60
91 138 4
230 261 130
132 230 323
113 137 172
43 163 354
24 170 12
138 186 131
48 140 142
143 151 178
236 238 1242
75 137 37
143 239 1021
148 186 96
13 13 112
1 13 14
141 142 422
68 107 358
48 132 165
186 230 1552
138 230 809
143 238 679
142 239 1562
166 236 252
141 262 628
43 74 85
138 138 209
138 223 170
236 236 2122
162 229 902
13 162 235
68 234 838
141 236 1887
92 223 7
143 143 311
233 262 353
90 249 502
137 170 584
223 223 40
138 237 180
68 161 484
50 161 285
138 260 59
237 237 1787
48 114 34
88 137 84
166 239 441
186 233 473
138 244 20
90 161 305
138 161 717
62 138 6
132 198 18
170 229 689
162 186 1083
186 211 141
137 224 66
75 263 644
138 262 141
79 137 387
138 140 95
68 142 267
132 250 4
75 262 320
13 161 230
146 263 3
118 132 2
161 163 1028
141 162 1213
100 170 824
137 236 107
48 143 449
132 234 79
132 232 11
137 161 262
124 132 21
137 229 281
237 262 751
79 148 185
142 142 485
132 144 26
41 263 65
166 166 237
100 138 248
107 162 805
230 236 413
48 48 543
140 163 331
141 161 742
132 132 327
142 263 254
4 144 20
186 234 1397
116 164 3
79 249 246
42 42 92
238 239 2008
186 239 179
137 140 164
141 263 1057
132 188 18
138 229 163
161 237 1822
41 100 18
161 238 320
4 186 28
164 237 307
162 237 2456
132 161 209
170 186 1350
12 230 52
114 144 68
236 262 1332
13 163 128
141 233 570
43 138 74
48 162 457
163 236 815
132 238 72
141 141 566
132 261 37
53 132 10
87 113 67
238 263 291
132 223 52
142 236 898
48 75 76
43 229 105
163 186 768
100 163 574
79 107 523
132 170 205
138 246 84
164 186 599
138 238 113
132 189 28
140 238 263
41 238 181
98 138 6
238 244 95
41 132 18
75 238 388
132 246 35
68 249 401
236 263 1494
107 170 1379
24 238 272
79 233 232
132 162 171
38 191 6
137 237 132
229 262 482
79 83 2
1 113 5
13 68 293
79 113 412
12 152 1
68 158 324
114 249 208
42 48 14
140 262 942
140 141 945
114 231 180
13 230 360
43 161 711
68 211 90
186 209 38
132 237 77
229 236 674
142 230 646
1 231 12
140 186 264
186 231 485
137 141 202
79 224 68
140 263 882
144 161 90
141 237 1545
74 236 306
138 170 322
137 162 576
200 229 2
151 166 441
79 263 58
83 132 10
132 262 59
161 170 1283
170 237 747
162 263 516
100 237 300
230 238 281
79 127 1
14 132 14
166 229 28
162 170 1324
100 229 230
68 163 304
140 170 431
233 263 233
132 233 101
107 141 147
88 100 48
79 211 145
163 229 396
41 236 128
75 75 408
41 42 169
41 166 226
227 231 2
142 161 678
1 161 41
7 7 72
33 262 6
43 107 47
88 161 92
132 180 11
132 164 142
48 234 262
43 151 156
79 236 63
43 142 611
49 132 42
132 166 52
68 68 491
87 186 168
88 263 90
151 239 745
170 239 153
75 233 77
90 261 39
90 138 80
140 161 689
24 50 27
24 41 84
90 114 168
237 238 574
142 143 791
132 148 40
260 260 25
33 65 19
148 211 64
107 237 257
50 162 190
138 233 173
12 163 18
38 138 3
42 97 1
79 246 147
48 230 852
75 164 55
138 165 4
107 234 652
13 113 132
137 263 93
107 186 662
114 161 85
161 186 1538
229 239 99
164 238 84
143 224 5
1 87 7
229 233 704
68 170 547
137 186 386
162 236 1971
163 237 966
138 146 31
158 239 31
79 234 484
79 163 51
48 249 120
132 163 138
1 90 6
68 239 161
164 230 448
100 132 115
234 262 104
262 263 698
68 263 40
48 224 14
142 229 229
100 144 44
125 132 15
107 137 584
140 229 1081
79 79 230
68 79 175
113 224 45
142 237 1154
236 237 4637
24 42 20
145 193 53
48 141 129
132 179 17
43 94 2
162 249 140
107 230 165
142 262 195
138 252 10
186 224 41
100 140 166
170 170 572
162 231 226
79 161 210
100 107 256
90 90 183
142 238 1038
138 142 162
7 226 32
75 236 933
79 141 78
170 233 492
140 233 570
83 129 4
114 233 46
13 261 119
79 144 175
161 233 516
158 234 294
161 236 1517
163 170 638
138 141 108
13 236 102
107 161 608
148 256 18
148 239 10
107 132 78
145 263 15
48 100 399
74 75 509
137 137 87
90 226 5
161 234 887
113 114 294
113 234 673
230 233 199
100 161 1028
74 168 14
75 141 291
141 229 873
164 246 396
161 164 934
162 261 91
170 234 1356
48 229 166
107 261 60
231 239 58
113 246 231
113 158 231
164 234 642
141 239 336
163 239 566
163 246 416
186 263 82
107 232 59
239 239 709
151 244 71
143 163 446
74 170 11
4 45 8
246 263 94
237 239 783
79 90 164
48 226 11
132 138 338
95 164 6
161 261 117
140 144 45
158 158 100
74 74 160
42 244 46
163 164 320
170 230 634
43 233 64
39 132 37
68 151 64
229 230 224
48 164 286
48 161 1010
50 50 124
48 50 688
48 80 1
68 114 135
137 246 67
132 169 9
140 162 1188
114 234 351
132 158 30
142 151 328
161 229 862
65 237 5
1 164 17
186 229 261
113 186 336
246 249 294
138 256 13
50 163 348
244 244 44
138 239 148
132 239 73
68 237 209
116 142 15
68 116 15
239 263 291
12 107 7
48 138 237
262 262 186
132 249 47
151 186 42
129 163 3
135 137 3
45 90 14
7 237 14
75 90 15
79 185 1
113 256 5
83 230 2
100 116 7
48 116 25
163 263 187
43 262 167
161 230 908
48 246 859
50 100 202
137 233 403
151 238 738
138 163 357
49 49 4
170 263 199
50 237 118
13 237 102
56 226 1
158 186 200
25 65 8
107 233 459
186 262 89
113 125 182
211 261 60
48 261 85
74 166 101
48 238 264
24 151 142
239 244 81
107 164 450
224 234 77
87 132 61
13 233 80
238 243 15
4 243 1
74 116 21
151 163 120
137 234 414
43 237 746
50 90 112
263 263 356
113 232 44
113 255 7
146 237 31
113 163 70
129 226 8
12 233 8
50 230 522
48 236 312
42 74 112
116 152 45
161 239 447
43 162 400
168 239 3
107 113 411
45 161 30
87 156 1
138 181 25
142 186 256
125 141 23
48 170 433
68 162 373
234 263 81
70 132 19
79 140 87
43 170 192
100 262 55
132 243 19
87 137 120
65 133 1
90 107 379
100 231 171
162 209 49
161 161 768
48 144 56
43 263 241
138 255 26
229 246 73
12 68 18
161 211 107
132 226 79
166 246 38
68 87 80
41 234 10
249 249 198
239 246 285
229 237 806
211 249 207
93 114 2
226 229 16
12 170 14
48 186 621
90 162 196
148 261 35
231 236 101
229 263 457
100 162 592
48 87 46
113 230 171
113 233 72
79 231 194
79 186 239
79 226 3
48 88 37
90 163 176
164 170 761
87 162 183
88 162 185
87 164 58
230 246 920
236 239 1337
74 229 37
164 229 241
13 249 162
217 231 6
40 113 1
65 66 20
132 150 9
68 164 465
114 211 59
113 164 246
75 79 25
90 236 88
22 132 4
170 224 112
163 230 550
88 142 20
113 170 421
186 193 3
66 231 22
107 163 178
161 162 1034
1 230 63
7 233 6
193 226 14
75 230 54
152 166 123
209 237 26
116 166 82
79 132 57
146 226 30
162 230 675
68 144 84
82 170 4
88 163 37
233 236 225
43 234 108
48 137 106
144 163 53
144 186 151
140 237 1703
144 229 40
144 231 212
33 49 4
37 246 1
43 114 12
161 166 43
107 224 106
41 74 220
231 237 105
114 141 20
140 236 1355
75 161 107
41 116 40
230 237 402
87 161 110
56 70 1
93 132 360
114 262 31
224 231 21
161 262 434
161 224 40
70 173 1
68 230 559
148 164 33
75 151 197
141 238 233
90 95 3
107 114 234
74 238 103
48 163 618
35 69 2
170 231 309
138 162 524
113 132 38
116 161 4
143 170 117
163 262 162
237 249 63
211 237 46
50 236 112
209 231 78
87 163 49
230 234 384
138 236 177
41 113 1
230 249 160
107 140 221
186 236 302
162 164 710
88 230 63
33 140 24
48 90 237
80 148 3
13 234 180
79 114 276
125 231 316
137 138 63
116 138 31
132 134 41
163 238 381
23 44 11
48 68 933
230 239 399
13 142 62
142 170 275
170 262 157
125 162 98
13 43 40
62 132 14
113 144 191
100 141 169
164 239 109
13 164 140
138 205 2
181 195 3
42 142 16
65 158 8
4 75 8
79 174 1
239 262 197
100 236 165
1 107 12
43 48 268
42 50 7
233 233 194
143 230 398
25 188 5
87 233 103
140 226 22
186 186 157
87 100 46
88 246 56
13 140 99
90 170 421
141 164 147
24 224 2
148 231 102
87 231 360
13 50 98
87 125 54
116 151 31
140 239 317
74 247 11
43 238 493
123 132 7
143 186 140
132 147 2
7 263 5
151 234 25
107 263 134
79 229 155
61 132 51
75 100 43
137 232 48
82 100 4
125 229 40
234 249 771
90 148 42
181 234 17
43 113 41
13 48 201
142 246 277
137 148 100
166 263 84
48 239 409
68 261 98
56 82 5
164 261 68
68 90 637
144 249 164
114 164 75
164 211 77
238 262 166
88 164 55
137 164 282
50 142 301
14 237 4
132 173 19
137 226 12
28 95 1
79 239 20
10 132 112
113 138 54
113 249 376
162 162 560
79 151 10
88 229 62
211 233 35
79 200 2
158 209 4
163 234 316
91 132 16
88 145 1
231 234 396
224 229 34
13 125 179
79 158 68
137 262 129
132 136 3
90 113 403
116 250 1
246 246 301
75 239 181
87 211 64
48 107 133
229 258 3
90 234 644
138 250 4
17 186 6
138 166 53
7 193 62
141 186 213
79 170 482
45 230 18
186 232 23
151 151 147
190 209 1
125 158 117
132 215 69
70 138 79
107 138 126
65 79 7
127 138 6
151 161 94
114 261 32
261 263 19
161 226 26
79 100 96
1 1 24
132 228 16
142 163 862
13 211 116
74 107 20
206 221 1
164 233 278
4 166 1
151 236 338
24 142 107
100 232 5
7 41 3
90 239 74
132 236 84
148 249 62
158 231 324
141 163 365
13 100 134
88 170 157
125 144 95
61 138 19
143 161 263
43 236 943
158 170 119
132 210 6
13 158 225
68 186 513
65 132 33
233 261 39
161 246 475
79 230 90
162 234 745
112 138 25
151 162 79
186 261 128
41 233 9
107 129 5
25 36 2
74 237 84
50 75 17
132 143 40
138 261 80
47 75 2
129 138 330
24 138 15
100 137 194
225 229 1
90 231 329
41 151 193
68 224 21
113 162 218
164 226 18
234 238 92
162 238 404
38 132 18
43 60 1
86 132 12
162 262 629
33 79 8
170 236 459
50 263 31
90 158 269
7 48 6
87 107 101
43 239 607
43 164 147
132 218 25
132 145 60
116 260 1
50 88 27
237 263 1048
100 244 19
68 232 18
68 113 316
50 211 18
158 249 248
114 132 27
231 249 395
4 161 25
162 163 796
4 209 14
1 237 11
233 234 254
238 256 1
125 237 34
125 148 48
86 163 1
24 262 16
97 132 20
186 249 313
43 152 9
100 226 9
100 164 388
48 244 41
68 132 85
13 107 122
143 249 35
66 186 17
145 230 10
42 163 6
132 139 13
138 196 6
230 230 281
45 239 8
41 75 169
52 231 24
25 52 20
13 132 50
132 211 20
54 138 4
12 48 33
107 249 267
1 68 16
211 234 167
143 236 380
89 132 25
12 164 8
138 263 123
132 244 36
48 142 704
74 263 284
43 209 3
225 255 1
107 238 35
114 232 9
223 229 3
113 231 405
50 170 133
132 171 8
234 261 65
125 138 43
142 164 161
166 238 646
142 166 218
74 141 131
151 229 30
141 197 2
68 88 50
229 231 75
90 142 97
138 159 3
68 138 156
113 243 3
42 235 4
163 249 97
26 138 9
114 170 173
61 239 2
230 231 226
50 239 205
79 188 2
162 246 415
74 239 71
34 125 1
43 50 74
138 158 38
87 90 52
79 238 16
79 262 65
231 261 309
45 68 21
142 231 53
148 181 6
90 164 307
132 255 44
43 143 231
74 162 20
137 146 8
212 231 1
146 161 8
7 116 5
13 186 270
37 132 39
87 87 70
4 68 16
138 179 18
138 227 1
237 246 187
100 261 52
92 138 46
50 246 389
50 186 313
113 113 232
142 233 108
90 230 265
45 79 64
186 195 8
14 125 1
37 162 1
138 148 44
100 239 116
7 260 11
1 261 10
113 229 46
90 229 59
48 152 18
233 237 302
144 211 61
148 161 56
140 232 15
186 246 908
52 137 2
88 233 70
12 65 2
233 246 62
95 132 62
90 246 614
43 141 303
230 260 6
16 132 10
158 261 35
132 151 32
65 231 50
75 163 101
137 249 70
161 231 254
100 233 213
88 88 12
232 234 23
138 232 8
146 162 19
223 234 2
129 132 76
129 129 26
82 129 6
148 209 27
107 211 120
114 255 2
161 255 4
144 230 69
107 144 154
164 197 3
36 197 1
28 132 141
28 243 1
97 137 13
65 228 2
142 234 119
163 233 215
13 88 152
88 237 58
68 246 897
50 229 50
73 137 2
98 132 10
138 234 114
144 162 77
4 132 20
12 162 14
144 236 41
68 137 113
142 162 640
163 231 138
132 181 48
143 164 73
114 186 150
140 140 469
107 107 331
68 231 373
243 244 18
152 238 46
132 263 68
114 237 41
163 209 21
140 167 1
41 261 1
49 100 3
90 132 42
100 188 1
80 170 1
140 230 130
134 137 3
37 138 5
70 229 2
1 163 28
50 164 97
9 132 9
13 246 313
244 249 10
1 186 17
223 237 2
144 261 41
132 141 55
144 228 9
234 236 254
140 224 37
185 263 6
244 246 20
50 231 103
235 238 2
48 158 100
114 239 27
13 114 76
41 152 38
158 233 27
148 234 87
43 249 28
143 233 30
97 143 2
170 249 274
133 257 1
17 189 1
113 148 80
234 239 97
12 234 4
93 234 4
144 146 1
100 234 458
132 203 41
137 163 93
140 234 203
24 263 28
74 140 104
132 135 21
162 239 413
130 197 4
45 234 17
43 100 190
45 186 50
140 142 332
48 151 131
88 120 1
50 261 28
43 79 12
42 151 50
88 132 17
50 151 68
114 148 68
141 170 427
52 138 3
48 97 4
106 148 1
41 41 111
42 170 15
82 132 84
10 230 3
88 148 44
48 198 1
163 261 47
13 148 32
37 41 1
56 132 81
232 237 8
107 148 132
113 211 182
141 260 6
132 252 14
166 170 20
93 142 4
142 158 30
146 179 30
95 170 3
113 146 2
190 249 1
80 255 2
80 80 4
80 162 4
100 246 467
132 231 46
132 219 68
127 132 11
50 238 119
7 132 42
194 229 1
43 186 210
148 170 87
232 256 3
13 231 799
13 65 25
220 230 2
24 239 217
79 138 73
87 234 89
68 148 53
163 173 1
137 169 1
4 148 40
45 163 10
107 239 60
81 247 2
144 234 167
43 261 13
116 236 14
41 43 81
90 141 39
97 144 5
163 211 72
48 79 52
75 162 130
164 164 197
48 113 81
50 80 2
42 238 74
1 48 25
186 237 429
114 166 8
138 258 3
88 144 31
49 138 11
90 225 3
132 258 19
130 132 147
48 223 1
50 138 58
132 220 14
224 263 19
4 138 5
61 100 2
138 224 7
100 100 116
209 230 26
70 230 6
68 140 87
74 262 160
7 223 27
43 90 59
10 10 5
42 132 12
48 233 169
100 249 129
148 148 39
112 132 28
28 141 1
13 247 1
138 188 18
72 138 4
107 246 207
41 239 126
71 132 9
116 163 12
163 166 83
160 233 3
75 114 12
75 229 101
132 175 3
93 148 5
132 160 7
132 217 4
100 243 4
76 132 43
42 152 33
75 138 46
231 246 313
164 236 238
132 186 73
43 144 11
82 236 2
132 137 19
132 178 3
40 138 9
47 236 1
12 50 19
125 161 104
114 125 97
88 231 124
239 249 41
24 229 14
162 224 64
141 230 211
68 238 110
35 132 16
137 231 64
90 237 122
129 177 1
114 238 9
231 238 73
107 125 120
90 140 79
137 261 33
143 229 51
143 162 254
12 238 8
90 144 69
132 140 45
49 97 15
87 141 88
65 260 1
97 170 10
79 142 35
24 230 39
65 113 29
7 138 56
50 152 4
143 246 220
162 226 25
48 262 65
75 142 143
132 177 12
131 258 1
75 237 359
246 262 25
170 261 88
142 211 14
41 138 29
132 213 4
89 138 11
179 223 18
151 237 181
85 132 3
216 238 5
4 4 15
45 132 9
125 137 38
13 262 49
224 224 17
236 246 156
133 138 2
231 231 513
164 263 75
137 239 42
79 223 4
48 209 19
28 238 4
231 263 54
148 237 17
75 140 190
143 237 378
107 158 88
13 239 53
87 140 149
249 261 49
50 68 348
66 113 9
13 170 185
90 211 113
157 233 2
12 186 18
50 143 258
68 93 1
186 244 28
40 132 9
141 234 143
230 262 79
209 234 33
161 263 311
138 167 2
125 234 254
12 125 4
234 237 288
87 97 4
41 142 68
65 87 30
164 262 89
132 133 9
186 223 1
145 186 11
113 236 89
229 238 78
4 234 31
13 151 22
87 157 1
45 137 30
17 132 28
138 168 5
234 246 505
100 186 440
163 163 240
43 43 368
141 211 32
48 65 10
162 233 539
145 236 6
148 233 66
127 142 1
107 236 186
70 74 2
113 238 20
53 138 8
129 193 3
164 195 2
74 151 102
74 164 14
116 132 11
31 100 2
12 13 78
65 209 24
168 236 8
43 75 157
45 261 34
100 114 41
116 243 3
92 148 1
170 238 102
158 163 84
186 238 88
39 107 2
50 140 41
132 225 29
88 262 96
238 246 158
48 247 2
88 238 15
125 236 15
100 113 131
24 74 57
75 170 65
90 151 25
42 234 7
43 231 30
88 186 90
88 209 34
100 142 256
152 239 44
143 231 61
155 176 1
140 249 54
12 79 7
107 228 4
164 249 167
226 234 8
229 229 293
132 205 18
79 209 32
90 137 127
88 140 121
233 249 45
211 230 84
161 249 209
43 132 55
132 209 19
87 246 76
4 87 19
4 88 19
161 244 26
138 209 26
90 186 553
43 140 259
234 234 326
68 125 175
45 231 78
50 132 29
43 224 4
90 125 181
66 162 28
249 263 9
66 142 2
4 164 18
194 231 1
13 244 5
229 232 8
125 246 153
100 125 77
144 164 74
88 107 90
88 141 76
95 256 2
86 93 1
224 249 21
107 229 327
151 231 25
158 246 291
79 164 148
113 161 314
224 232 13
79 162 285
33 209 18
90 100 260
87 238 29
143 166 117
24 237 62
1 246 11
211 224 12
45 48 25
41 170 16
141 143 150
113 228 2
41 68 11
61 225 13
1 170 14
12 97 5
158 211 111
42 263 30
228 232 1
13 40 6
90 233 97
75 244 15
68 233 131
143 262 47
125 170 157
114 138 31
132 191 16
164 224 25
24 162 28
68 236 124
4 229 15
75 186 100
25 33 22
40 145 1
138 226 35
4 79 90
132 260 33
7 179 42
33 132 22
56 230 6
12 229 1
33 88 11
146 229 9
112 146 2
181 186 6
87 263 83
50 262 28
74 152 35
100 211 63
13 90 133
12 261 11
41 186 19
24 43 64
174 263 5
24 246 23
41 93 2
138 220 3
41 237 63
90 143 80
141 151 62
138 218 4
66 234 16
100 224 22
16 138 5
116 238 40
75 113 23
261 262 29
87 158 49
158 161 121
48 237 300
48 211 46
45 45 15
249 262 25
50 137 23
138 248 1
25 89 2
25 88 6
69 233 3
188 188 8
87 138 117
151 152 38
1 249 8
74 138 38
140 261 41
164 232 4
141 231 74
83 83 1
80 88 2
142 144 19
152 195 2
45 236 29
13 87 260
209 209 19
145 262 7
132 157 35
100 238 84
75 224 21
68 100 358
68 262 41
200 239 6
114 162 80
231 232 32
138 144 21
13 116 1
1 43 7
162 211 72
224 237 23
45 262 43
186 228 4
33 33 38
13 144 58
43 68 103
93 263 3
226 230 11
68 141 105
75 143 73
143 263 68
33 162 25
148 158 32
114 137 109
87 88 107
107 166 13
136 238 1
74 163 15
230 232 15
138 174 3
140 246 52
114 158 113
1 211 5
24 236 115
144 237 44
4 13 9
130 138 13
231 262 51
170 211 140
79 125 141
37 177 5
1 158 13
100 158 90
12 231 35
87 144 85
132 216 76
112 141 6
100 151 19
168 179 7
66 165 1
23 135 4
85 138 2
164 243 4
100 143 136
56 138 16
140 143 144
42 43 25
228 263 6
138 189 8
65 144 15
48 263 88
7 137 11
233 238 42
140 151 84
151 230 65
87 249 49
33 40 52
125 262 40
42 141 19
65 161 15
116 239 30
125 239 23
75 148 7
114 151 14
24 140 19
116 244 68
226 237 43
223 239 4
50 166 21
121 125 1
135 226 1
48 231 183
144 246 42
140 244 37
164 231 191
140 164 127
33 161 22
45 209 30
137 142 49
4 238 7
93 186 3
113 143 14
138 151 38
140 209 67
43 246 110
87 170 198
50 158 56
41 163 25
75 231 25
138 243 14
45 170 53
82 140 5
143 261 13
12 87 13
13 141 74
80 132 29
138 202 6
158 162 76
75 191 2
13 224 19
65 90 5
261 261 30
132 142 85
43 166 137
68 229 63
61 231 8
43 137 29
68 167 2
87 209 32
28 138 5
88 236 59
107 145 4
107 112 5
1 100 9
140 231 71
164 225 1
66 237 8
26 231 2
229 234 206
121 132 20
138 192 9
65 263 18
125 140 35
75 82 3
87 262 89
14 87 1
90 238 38
125 129 4
79 87 156
226 260 25
50 116 16
125 233 35
132 256 41
34 79 1
89 140 1
125 186 194
42 125 3
161 196 1
7 161 12
75 177 7
113 140 84
61 162 3
41 164 13
141 152 2
66 230 9
42 75 83
45 87 91
75 166 103
107 231 179
209 224 10
151 246 71
13 229 38
148 246 38
87 148 85
179 193 55
170 196 2
166 237 104
24 163 29
131 138 5
93 138 46
87 261 97
33 52 87
144 158 86
125 224 18
145 226 44
65 97 24
65 148 15
164 247 2
31 68 1
17 61 5
65 125 4
42 186 18
100 263 51
28 230 2
13 25 10
26 140 8
141 148 21
66 163 3
137 211 38
42 138 31
12 239 3
132 182 8
74 182 2
114 142 19
49 189 2
144 232 28
70 256 1
230 263 90
145 146 14
125 142 13
45 224 7
65 68 7
87 224 33
87 229 55
13 143 58
148 188 1
24 143 50
75 132 41
231 256 12
211 231 260
144 209 45
42 168 7
42 114 1
158 164 123
113 237 114
132 192 8
88 261 58
143 244 43
220 244 5
74 132 22
190 262 12
113 261 40
65 233 35
92 132 25
75 234 23
40 125 1
88 158 21
25 45 10
75 158 9
128 239 1
161 223 4
40 233 12
159 247 2
45 144 26
17 97 10
41 140 40
12 161 7
50 141 53
25 132 21
209 223 1
93 140 2
87 236 74
95 137 7
125 261 56
142 244 62
138 231 90
137 230 92
50 87 27
43 87 13
55 161 1
114 163 33
229 249 32
119 142 2
101 229 11
7 100 4
121 216 1
121 252 1
87 230 59
45 233 33
148 263 15
129 140 10
66 75 4
33 226 4
152 243 6
90 116 3
24 48 41
26 26 7
80 249 3
45 140 31
66 161 11
50 113 55
132 197 54
161 209 28
98 234 1
66 87 15
166 244 101
144 148 72
224 233 75
164 216 3
48 200 4
151 196 1
70 129 9
162 223 5
138 182 1
42 143 16
107 262 175
211 246 106
132 196 36
113 141 42
79 217 3
148 230 32
79 232 38
75 243 4
33 261 10
1 148 5
29 106 1
140 148 23
33 137 10
24 166 134
121 239 2
141 166 47
66 100 4
220 237 1
25 181 11
52 54 3
125 164 100
125 125 35
146 186 8
141 209 19
13 82 1
88 239 17
97 107 15
162 232 20
79 88 126
141 246 79
140 145 30
4 125 32
138 157 3
48 228 3
125 211 80
88 147 1
133 162 3
4 162 28
79 237 75
163 224 12
32 132 4
136 200 3
141 232 10
41 162 21
144 233 22
42 237 22
41 141 21
42 262 10
50 234 91
74 119 1
48 125 45
63 132 31
93 170 3
41 262 29
95 237 5
138 225 6
4 211 28
113 262 38
140 193 7
174 243 1
52 144 9
141 144 27
82 138 16
132 146 17
4 231 24
101 132 12
1 88 3
24 244 23
100 160 1
39 74 2
11 55 1
66 170 17
140 158 30
238 249 18
138 169 3
55 132 3
43 211 16
145 161 6
148 229 17
130 158 1
151 262 27
211 239 23
45 114 18
4 90 17
13 263 47
151 170 31
87 237 48
152 244 26
42 119 2
43 88 15
89 89 12
132 195 3
88 151 7
66 239 15
31 163 2
97 138 9
130 140 3
223 262 3
12 141 5
48 66 2
138 145 38
73 122 1
181 231 8
144 170 126
42 229 11
101 205 3
7 229 11
33 211 4
45 148 35
186 189 4
107 142 73
132 224 16
144 144 34
140 166 84
75 159 10
256 263 6
12 211 2
64 132 4
31 230 2
10 246 2
132 208 8
161 185 1
226 232 1
47 132 2
24 141 16
1 236 9
25 40 11
88 234 39
31 170 1
25 231 17
236 249 44
170 209 50
114 140 47
25 107 6
45 97 15
42 236 34
140 243 6
148 232 43
132 168 8
66 238 4
80 256 1
138 215 4
4 113 59
42 116 39
88 211 19
229 261 37
114 229 42
25 97 15
97 158 3
50 233 45
7 90 8
132 165 10
65 170 27
77 238 1
93 262 1
7 234 6
74 144 3
43 127 3
4 262 6
65 239 3
97 211 3
14 138 6
1 65 1
87 114 45
215 237 2
66 132 15
45 141 16
75 209 5
52 234 12
82 141 2
24 152 30
196 205 1
75 107 49
107 209 38
114 228 3
138 173 12
75 168 13
107 255 3
25 138 17
97 233 7
115 231 1
13 138 91
83 112 15
112 145 6
100 166 30
48 232 11
217 217 3
43 45 8
125 163 59
66 148 2
45 100 17
244 263 13
246 261 68
4 249 20
255 260 3
10 130 3
114 230 68
45 107 34
65 162 16
140 146 17
82 226 5
54 141 1
129 205 3
111 140 1
114 236 38
50 249 55
132 253 4
160 196 2
4 107 30
195 239 1
65 141 19
141 146 13
65 137 13
137 166 9
148 162 54
147 233 1
69 170 1
97 189 6
17 137 10
113 142 36
90 224 22
138 222 1
41 246 12
24 68 20
140 181 9
146 233 5
65 224 4
54 209 2
52 88 4
138 171 4
80 141 2
45 52 3
45 65 36
231 233 69
93 239 2
33 54 3
54 65 1
87 116 2
137 144 45
142 215 1
66 125 12
74 143 10
137 143 21
8 244 1
211 236 26
45 232 13
33 229 15
100 196 2
93 113 2
211 229 31
236 261 43
79 244 3
4 170 33
37 142 1
13 181 3
88 224 15
1 142 11
130 237 2
224 230 15
166 186 54
143 234 66
224 246 21
114 263 27
237 255 5
226 244 4
144 166 3
65 217 1
12 100 13
33 87 16
43 125 11
192 226 2
45 229 54
168 249 1
41 137 7
40 231 6
170 226 17
102 132 14
13 45 25
193 223 11
69 140 4
13 209 40
24 75 52
142 148 7
86 238 1
135 135 8
132 257 7
107 143 44
40 181 12
45 88 43
43 244 13
52 233 8
98 195 1
36 43 1
25 68 2
132 242 4
148 262 17
40 88 6
22 140 2
77 132 2
132 248 5
100 148 42
114 246 115
151 263 58
239 261 16
12 43 3
7 43 4
142 193 1
161 232 14
125 230 80
65 107 14
65 164 10
152 230 9
181 261 5
224 239 3
68 135 1
10 142 2
146 170 8
33 195 4
69 168 5
100 145 11
82 260 3
82 82 16
140 260 1
50 107 31
141 249 29
142 261 11
74 161 17
143 243 7
12 249 9
45 138 8
1 79 10
48 243 7
49 256 6
209 262 20
227 234 1
143 144 14
211 211 33
164 209 23
116 237 6
15 195 1
129 141 11
195 263 1
138 213 6
13 238 41
125 143 9
138 211 31
52 181 7
66 181 5
12 151 5
8 237 1
74 79 9
226 233 6
181 181 25
34 65 5
90 228 6
100 129 2
170 202 2
130 215 7
107 257 2
39 71 1
162 166 56
170 215 1
112 137 4
68 92 1
163 195 1
4 114 29
107 217 2
68 143 174
178 232 2
65 142 5
151 164 18
75 260 2
24 220 2
48 166 81
233 260 4
39 77 6
116 116 29
186 208 1
24 234 8
65 232 8
148 247 1
50 114 17
230 244 32
92 231 1
65 114 4
141 226 23
224 261 9
113 151 11
13 232 14
116 262 5
125 263 9
75 182 4
15 132 5
121 141 1
163 223 3
215 261 1
36 132 26
42 162 9
49 137 4
17 217 1
42 239 21
32 242 3
72 132 16
195 236 1
60 132 1
37 170 4
52 87 15
74 100 9
21 138 2
138 195 4
114 209 15
47 107 2
88 113 36
113 209 22
70 140 1
78 254 5
100 228 1
100 213 2
170 250 2
45 116 1
114 114 58
67 68 2
7 236 6
12 246 8
237 261 42
92 168 1
7 162 16
80 138 22
158 229 12
95 95 16
45 237 23
119 138 1
74 205 3
226 262 4
74 114 1
25 233 10
26 66 5
157 157 13
40 189 1
56 148 5
181 262 1
141 244 13
202 233 2
17 95 1
65 140 17
24 119 1
87 239 12
4 100 6
74 198 1
166 231 27
70 188 1
90 223 2
74 142 24
170 258 2
239 247 5
79 255 20
95 192 2
112 236 4
100 193 2
65 88 20
7 140 14
141 179 7
256 256 3
36 138 5
220 239 5
164 260 5
145 179 34
168 186 3
66 249 9
25 149 6
52 61 3
41 223 5
1 239 14
51 186 1
97 231 8
45 162 34
38 197 1
28 98 1
168 226 1
48 148 24
1 132 17
33 138 23
140 179 5
112 161 5
168 234 3
14 14 9
9 138 4
16 238 1
225 225 11
138 177 3
81 132 3
88 125 15
75 87 13
24 24 14
43 116 9
45 246 15
4 82 1
181 229 4
135 138 6
28 170 4
68 166 24
233 239 63
79 130 1
68 75 25
82 223 4
145 260 10
166 211 4
116 263 10
66 222 1
94 186 2
73 129 1
211 263 16
95 260 2
80 163 1
112 223 3
86 258 1
13 35 1
50 251 1
93 93 4
72 89 3
56 231 1
75 146 4
56 146 5
33 75 3
25 186 7
83 162 1
4 41 5
197 249 1
22 100 1
224 236 14
138 155 3
62 97 2
186 196 5
129 223 10
141 145 25
166 226 2
151 243 9
19 132 13
130 205 4
121 237 1
119 132 4
41 230 26
43 148 12
95 129 3
142 260 4
163 226 31
43 65 1
223 233 1
52 79 3
24 90 5
13 79 41
170 232 26
116 233 4
112 113 2
40 52 21
54 66 1
31 48 4
4 232 11
112 148 4
50 79 21
140 255 3
75 246 18
90 232 6
64 138 3
45 125 12
13 75 14
226 246 5
33 231 31
146 230 4
37 85 2
97 249 3
52 228 2
75 134 4
50 196 2
1 229 5
4 140 13
141 158 18
144 239 15
41 148 4
127 262 2
52 162 4
50 219 2
79 261 35
162 179 7
142 224 6
69 74 2
7 75 6
50 74 7
106 137 2
24 100 13
7 50 1
50 144 12
43 145 5
1 50 7
12 33 4
25 112 1
17 138 14
158 237 44
144 262 19
166 262 37
90 209 15
24 116 16
42 230 8
79 189 1
68 74 6
4 158 7
4 141 11
61 223 1
144 263 10
236 244 39
138 208 5
41 48 37
152 263 5
127 243 10
151 158 10
42 166 61
137 158 25
52 190 1
129 236 5
158 236 33
43 89 1
33 114 10
100 209 13
129 260 18
14 50 3
233 247 4
50 115 1
4 237 5
48 260 3
88 256 2
148 224 16
37 186 2
112 193 3
128 236 1
145 170 17
50 64 1
80 161 2
95 140 13
162 180 1
132 149 10
161 260 5
220 238 6
181 237 5
29 50 2
95 138 27
152 236 13
45 211 19
90 145 3
68 193 1
223 226 6
125 209 11
164 166 18
116 211 1
74 186 16
75 129 2
50 243 7
42 233 8
36 48 1
74 234 10
160 164 1
140 256 1
146 193 17
141 261 16
45 241 1
107 167 2
116 168 2
50 209 6
1 162 23
177 181 4
39 125 1
12 114 4
106 132 5
132 247 9
82 162 6
25 144 6
7 107 6
162 183 1
186 243 5
75 152 16
101 170 1
91 155 8
21 21 8
33 97 14
17 48 2
50 181 4
137 256 3
164 228 1
75 116 13
127 244 11
173 193 1
112 164 4
75 93 1
130 224 1
157 170 3
36 45 1
79 181 6
132 202 8
9 9 2
90 262 14
112 249 4
4 137 32
255 256 4
216 216 4
68 209 19
80 144 1
164 181 1
107 151 16
97 130 1
51 138 4
93 107 4
25 87 3
25 113 5
88 114 13
114 168 2
145 239 2
142 243 9
144 224 19
45 164 14
232 263 8
234 255 5
161 256 3
138 228 8
107 223 3
113 239 27
68 146 3
52 132 6
66 211 5
69 244 2
152 186 9
146 238 4
13 159 4
143 211 17
85 261 1
7 200 1
152 246 3
161 179 4
131 141 1
82 146 7
62 205 1
138 149 2
97 162 5
42 68 9
112 166 1
145 237 9
33 234 11
74 244 15
25 148 2
141 202 2
235 244 2
239 256 1
48 188 2
60 138 2
7 141 19
237 244 34
68 181 7
36 230 2
211 238 10
88 249 29
90 177 2
43 97 2
124 237 1
145 234 10
68 226 2
145 229 14
138 253 12
106 138 2
232 249 11
125 232 6
65 234 14
61 181 6
50 129 1
52 189 3
49 50 2
3 254 1
22 165 1
7 239 3
50 254 1
112 170 9
81 138 1
75 249 10
50 112 1
220 243 7
48 145 13
152 152 8
145 163 6
138 203 3
141 193 2
179 229 10
68 82 3
151 249 9
41 50 15
50 71 1
43 181 3
83 138 13
138 249 21
186 255 8
82 237 2
145 162 12
17 179 1
42 100 9
209 233 21
145 246 4
33 238 2
48 49 1
129 179 6
129 196 2
97 186 6
52 239 1
220 220 1
12 142 6
76 121 3
81 182 1
130 170 4
37 53 1
76 177 4
49 88 2
25 164 2
119 220 1
77 138 1
100 179 1
137 209 32
93 230 9
81 151 1
13 133 4
119 119 2
75 127 6
127 153 5
148 193 2
47 69 3
65 163 6
50 89 1
95 135 3
101 219 1
173 260 4
41 260 2
50 145 3
61 263 4
184 223 1
148 236 20
132 200 6
38 170 1
35 137 2
70 122 2
14 67 1
97 262 9
29 230 1
138 210 1
129 146 4
159 220 1
62 148 1
129 144 2
74 232 3
137 238 23
70 236 3
68 255 6
39 181 5
77 143 1
24 132 14
100 169 2
190 190 2
126 173 1
69 94 1
182 244 1
7 262 6
13 95 3
60 139 1
42 213 7
41 167 1
138 240 2
33 107 12
37 148 1
7 244 1
74 220 1
17 66 1
39 188 8
131 191 3
50 232 2
147 213 2
138 191 6
75 144 6
79 143 16
249 260 7
236 250 3
138 152 9
17 209 1
11 233 1
129 233 5
48 51 2
43 168 1
209 246 32
17 205 2
232 239 8
85 177 1
107 258 4
25 62 4
69 116 3
126 248 2
75 145 2
31 197 1
93 164 5
24 161 27
10 170 7
50 157 2
7 145 33
243 263 5
32 138 2
51 166 1
61 62 1
52 85 1
7 97 2
63 246 1
166 255 1
69 213 1
25 213 2
55 100 1
49 61 14
179 237 5
37 197 1
41 143 31
7 211 1
52 97 3
52 52 9
56 163 4
33 45 11
88 225 1
116 140 5
45 113 19
116 182 1
78 234 1
38 107 1
42 254 1
91 162 1
114 146 2
42 247 16
25 161 7
43 158 26
142 249 28
71 188 10
180 180 2
31 231 1
37 157 1
227 257 1
71 89 6
155 195 1
90 263 20
14 234 2
66 79 5
159 168 9
41 213 5
45 143 4
90 257 2
224 262 15
4 224 9
146 260 11
146 246 1
163 255 2
33 141 7
142 152 13
116 231 2
32 90 2
61 143 3
55 225 2
48 74 15
39 231 1
52 68 3
97 188 4
112 186 5
22 50 1
43 255 2
4 163 6
17 188 4
67 186 1
79 145 5
162 258 2
114 145 2
181 254 1
76 188 7
142 160 1
162 193 2
41 244 18
50 224 6
17 114 1
13 70 1
50 220 3
33 164 8
25 25 14
125 255 2
33 225 4
50 201 2
147 168 1
82 159 2
33 232 1
127 127 6
179 226 7
142 226 6
12 85 1
50 226 4
42 137 17
134 224 1
42 69 3
33 68 13
41 88 3
45 238 7
224 255 2
7 135 1
41 78 2
50 82 2
130 203 3
173 191 3
195 258 1
42 246 8
138 198 6
48 213 1
137 188 4
41 114 2
74 137 12
41 229 7
230 255 4
129 230 5
238 260 2
69 182 2
95 223 2
106 144 1
68 145 6
169 208 1
48 195 3
140 196 4
112 263 3
48 169 2
50 244 20
24 137 4
37 100 2
78 167 1
74 148 6
89 232 2
92 186 2
151 223 1
100 130 4
36 218 3
19 138 1
50 188 1
56 224 1
138 247 4
48 193 4
42 159 7
166 230 41
50 124 1
133 261 2
166 247 3
66 164 5
41 161 27
69 133 1
170 255 3
10 152 1
45 256 1
117 117 1
31 237 2
50 76 1
50 169 2
4 43 3
117 132 8
92 143 2
232 236 6
29 181 1
35 216 2
71 247 1
49 231 4
158 181 2
146 236 2
10 215 4
36 135 1
42 126 1
97 196 1
66 68 4
87 152 1
69 132 7
100 254 1
41 127 2
33 144 8
56 186 1
135 196 2
76 179 1
76 77 7
151 261 3
113 263 25
18 138 3
7 170 8
75 119 4
18 132 9
25 162 5
56 107 2
93 229 6
194 223 1
249 254 1
52 170 9
40 195 1
168 168 9
146 146 13
137 217 6
25 193 1
146 231 12
122 130 2
152 231 5
45 181 2
24 260 2
209 249 14
147 262 1
116 143 18
137 151 13
138 183 2
247 262 9
238 261 9
25 50 1
10 42 1
82 231 1
10 162 2
25 100 3
146 211 3
137 145 5
131 205 1
72 231 2
151 233 19
143 147 1
134 148 8
15 138 2
75 261 5
112 162 9
1 143 9
152 167 1
45 112 1
231 254 1
12 236 2
209 229 31
87 93 1
7 219 1
63 191 1
41 145 4
66 158 8
44 132 1
1 151 4
87 228 3
40 40 10
40 66 2
145 202 1
220 241 1
138 193 10
231 244 10
3 132 4
41 107 6
33 186 7
226 263 14
143 194 2
218 226 1
33 61 6
91 222 2
132 185 3
133 137 3
8 236 1
82 157 3
83 107 1
140 223 9
148 163 18
66 114 6
126 138 2
244 262 20
66 66 4
79 213 1
62 188 5
66 138 7
193 233 3
25 140 5
137 255 8
79 152 4
70 163 4
138 139 2
113 179 2
65 186 17
193 202 2
65 211 5
33 228 6
237 240 1
158 238 19
52 65 7
29 107 1
107 213 1
33 230 10
226 236 9
112 238 1
34 138 1
66 209 6
65 229 7
45 50 19
202 226 2
95 116 1
116 247 17
137 181 7
33 100 5
4 233 28
200 238 3
37 191 1
193 236 3
77 170 1
138 242 3
136 236 1
162 255 7
88 138 56
41 226 2
146 262 4
145 211 4
144 255 7
74 90 6
138 178 2
159 226 1
170 243 7
66 140 9
42 129 1
130 164 2
75 88 13
12 209 2
129 249 3
183 261 3
168 212 2
33 181 11
25 234 5
170 217 4
65 212 1
179 238 1
256 262 6
12 144 3
113 244 6
114 224 25
158 232 3
5 145 1
145 238 1
68 244 13
55 55 1
49 68 2
10 224 1
94 148 1
74 93 3
82 87 4
143 209 4
158 262 14
143 158 31
43 256 8
13 129 1
137 168 3
135 231 1
7 129 10
209 232 7
127 140 2
10 48 5
87 145 8
48 179 2
209 239 12
170 235 2
166 234 11
17 162 2
24 233 7
40 68 6
161 215 2
25 209 3
129 237 3
69 262 11
140 198 1
132 152 8
170 216 1
78 237 1
130 137 5
13 93 1
40 65 7
102 234 1
166 223 4
69 137 2
234 244 5
79 126 1
22 138 1
56 170 4
88 90 27
159 243 1
211 262 21
13 39 1
141 247 5
170 228 3
25 261 4
33 55 3
146 148 2
128 244 2
136 140 1
136 235 2
40 87 13
125 256 2
140 202 3
87 216 1
181 263 2
145 223 10
229 254 1
12 158 11
86 201 1
223 263 4
113 226 8
88 206 2
134 138 7
33 66 34
140 191 1
29 170 2
40 67 1
11 132 4
17 49 8
65 65 10
246 260 2
145 249 3
232 262 6
65 169 1
200 230 1
26 132 6
114 225 1
65 230 12
207 207 22
39 41 1
15 170 1
33 125 6
65 262 16
40 161 11
42 107 4
130 186 3
13 66 14
158 263 4
213 213 7
132 259 2
113 215 2
102 210 1
89 170 4
137 223 3
141 243 5
161 173 1
162 244 13
25 49 8
75 112 2
43 220 1
66 107 11
136 143 2
129 164 2
75 171 1
86 209 1
4 50 3
138 200 2
25 236 4
13 226 3
74 261 3
101 218 1
189 237 2
20 263 2
52 140 5
41 168 4
169 236 3
146 158 3
74 233 11
92 205 5
49 113 3
33 236 13
91 188 9
89 228 4
116 242 1
146 223 6
80 237 1
195 261 1
209 211 8
196 218 1
223 244 4
181 189 6
17 100 2
75 220 1
87 171 1
247 247 6
12 25 9
100 255 2
69 138 7
79 166 4
97 166 2
121 135 2
193 195 1
92 100 1
25 76 9
80 261 1
174 230 1
39 191 1
10 139 2
167 250 2
23 88 1
42 231 7
83 226 7
202 263 1
211 232 13
52 125 1
208 252 1
14 233 3
52 249 6
33 170 21
7 87 1
198 237 1
130 130 4
33 177 3
75 211 5
49 95 1
159 263 2
185 212 2
90 152 4
87 232 22
209 236 8
3 136 1
40 261 5
118 233 2
107 256 6
79 80 3
28 91 1
70 179 4
66 97 10
108 195 1
74 223 3
33 224 1
145 231 2
185 236 2
12 113 6
152 262 3
43 243 5
88 196 1
145 233 10
132 193 9
45 75 4
8 138 2
40 162 2
163 215 1
186 226 6
33 247 2
24 52 1
132 222 7
42 127 5
63 97 1
12 237 4
132 154 1
73 138 3
93 208 1
95 131 2
114 143 9
26 48 2
157 161 4
166 224 10
148 226 2
147 234 1
56 162 3
107 180 1
42 140 24
186 197 1
76 76 21
208 250 1
95 107 12
41 159 6
140 211 26
21 108 1
89 133 2
107 244 3
144 256 1
142 181 2
213 231 1
232 261 16
25 170 5
4 12 2
28 137 3
70 222 2
18 168 1
33 113 5
24 148 1
71 186 1
52 237 3
45 142 10
26 100 3
232 232 12
78 208 4
136 147 1
137 243 3
42 223 2
65 75 2
215 230 1
209 261 30
130 166 2
79 93 2
166 181 1
132 159 4
145 256 2
70 233 1
141 200 1
236 256 13
33 237 8
42 158 2
10 263 1
79 225 2
186 256 5
141 196 1
121 138 4
69 229 2
65 249 4
42 47 3
144 152 1
159 259 1
26 244 1
76 256 1
166 179 2
14 79 2
85 89 2
179 196 1
132 183 1
82 263 1
163 244 14
13 37 2
79 97 13
148 182 1
209 263 21
69 79 1
97 244 1
20 170 2
237 247 10
87 126 1
121 215 6
230 242 2
138 207 9
45 80 2
88 244 1
119 137 1
83 186 1
79 146 4
24 186 8
49 125 1
52 161 4
209 217 1
217 255 1
189 231 3
37 163 1
79 159 1
161 193 4
24 107 5
65 261 14
44 118 1
97 97 9
90 244 11
157 186 4
38 139 2
134 166 1
52 246 4
65 100 4
61 71 8
196 216 1
140 168 8
45 263 11
195 241 10
62 100 6
220 233 1
13 97 4
107 243 5
144 195 1
13 166 12
126 162 2
168 238 4
167 169 2
208 263 2
144 238 8
69 69 1
52 66 7
106 114 1
202 238 3
48 93 5
68 152 4
49 215 1
43 124 1
223 238 6
13 52 5
138 160 3
65 223 1
138 197 5
140 160 7
73 170 2
34 90 3
50 146 4
28 197 1
158 166 11
151 232 4
127 170 2
97 228 15
33 246 7
166 233 14
170 225 2
25 90 2
141 224 7
58 58 1
48 165 1
25 177 4
56 234 2
76 100 2
232 254 1
132 201 4
61 89 6
42 243 3
148 220 1
127 163 1
146 202 2
134 193 1
133 181 3
65 181 8
62 170 1
69 247 3
247 263 3
34 113 1
126 262 1
82 161 4
26 89 8
140 159 4
41 87 1
90 168 2
136 168 1
61 186 4
13 16 1
122 132 3
10 231 1
53 186 3
76 145 1
116 162 2
132 167 3
162 205 1
75 194 2
67 138 1
33 34 1
148 255 9
74 230 13
226 261 3
196 224 1
61 87 7
23 138 1
33 146 1
37 256 3
227 228 3
93 194 3
68 112 3
163 179 1
14 170 4
141 223 6
200 236 1
4 142 2
239 243 4
143 152 5
195 231 3
52 106 2
65 255 2
70 238 1
101 215 1
141 159 2
162 174 1
54 87 1
97 261 3
74 194 5
170 195 2
70 263 1
45 249 13
125 166 8
162 260 1
217 233 1
127 186 2
14 228 1
62 80 1
66 141 6
119 170 2
13 145 1
1 263 4
72 100 1
236 252 1
1 144 5
152 161 3
129 228 1
49 114 1
52 261 7
38 189 1
145 205 1
79 112 2
173 226 3
97 113 2
112 163 5
112 151 2
17 113 2
192 233 2
44 135 4
169 263 7
208 230 2
42 136 3
25 141 1
162 243 5
19 203 1
12 108 1
192 205 1
7 83 1
83 207 1
131 132 11
27 132 1
9 157 1
38 38 4
90 139 1
17 125 1
51 132 5
82 164 3
4 168 3
83 260 4
166 220 3
116 125 2
129 161 4
226 249 4
90 150 2
195 246 3
25 130 1
24 223 1
1 227 1
40 106 2
194 236 3
127 239 5
102 138 3
132 212 2
25 34 1
162 247 1
26 237 2
143 247 2
137 247 1
234 256 4
162 254 1
138 185 2
17 231 2
97 237 1
68 195 3
168 182 1
80 186 4
18 170 2
10 218 3
7 163 4
145 164 7
106 231 1
25 229 2
10 161 2
52 163 2
125 151 6
40 45 6
210 231 1
26 137 2
152 162 8
50 259 1
87 112 1
76 123 1
116 226 1
24 231 8
142 254 1
93 244 3
232 233 10
130 216 1
88 97 2
70 261 1
8 262 1
107 146 2
228 230 1
75 247 6
147 244 1
39 85 4
45 223 2
37 79 1
49 170 6
151 242 1
25 238 1
93 145 1
133 233 2
33 148 5
202 202 2
82 125 1
12 75 1
65 193 1
43 196 1
69 151 2
200 241 2
69 75 8
75 213 3
74 177 1
161 243 4
170 181 7
25 228 5
161 205 5
19 223 1
67 137 3
13 165 1
1 140 3
60 203 1
198 260 1
112 239 2
129 148 2
66 88 7
162 200 4
46 161 1
14 181 3
33 233 18
35 143 2
4 56 1
17 142 1
141 256 2
87 166 4
124 130 1
28 134 1
24 125 6
65 246 9
37 137 6
17 35 5
74 113 4
130 131 4
140 259 2
116 170 6
164 168 6
168 237 1
76 225 8
87 143 10
62 225 2
140 257 1
14 52 2
113 200 1
151 211 5
65 236 8
196 230 1
48 82 3
67 262 1
215 246 1
24 215 1
17 230 1
124 141 1
143 146 1
121 218 2
180 197 2
26 39 2
147 174 2
55 256 2
28 234 1
141 168 6
20 132 4
93 226 1
24 164 5
169 241 3
164 198 1
134 134 7
170 223 5
148 217 1
64 141 1
43 72 1
33 263 1
112 112 14
48 52 1
95 113 2
49 91 4
82 142 2
181 230 1
239 240 1
87 195 4
116 229 2
242 263 2
66 262 3
52 238 1
195 195 6
65 116 3
87 142 8
76 181 5
97 181 10
94 132 1
17 222 5
196 198 3
194 239 1
25 263 3
48 216 2
181 188 9
127 223 1
41 90 6
33 249 5
185 213 1
1 238 10
107 157 1
74 202 1
93 116 1
129 229 5
53 137 1
87 181 5
228 261 2
132 194 6
72 137 5
113 166 8
116 246 9
114 181 5
31 161 2
47 47 1
118 140 2
65 85 1
157 162 1
194 238 1
95 145 2
89 186 3
25 66 2
66 233 3
48 157 2
117 148 1
4 89 1
166 249 10
10 229 1
7 230 7
87 255 2
146 239 5
181 211 1
151 179 1
166 243 8
39 50 1
50 247 3
12 148 3
33 90 3
211 255 4
69 263 6
194 237 1
174 200 1
87 226 4
39 234 2
85 232 2
54 186 3
79 256 5
197 215 1
203 205 4
224 226 1
70 161 1
10 164 1
43 223 1
98 140 1
165 165 6
116 158 4
66 133 3
137 260 2
130 238 1
34 66 1
100 157 1
134 237 1
95 229 5
49 181 1
128 220 1
200 220 3
62 88 1
169 243 1
116 153 1
119 235 2
232 246 5
160 236 1
136 138 1
141 147 1
161 197 2
47 244 1
50 250 1
41 136 3
49 148 4
70 75 1
132 155 12
87 222 1
10 38 1
113 145 1
72 142 1
197 203 1
3 259 1
88 223 1
93 141 3
144 243 1
35 36 3
93 162 4
112 142 4
197 197 4
49 141 2
50 125 13
61 61 16
92 194 2
65 76 3
49 65 5
194 263 5
72 76 7
112 129 1
56 102 3
135 236 1
162 241 1
33 163 6
160 179 1
20 231 1
4 102 1
34 233 2
249 255 4
179 236 2
112 237 1
28 142 2
128 237 2
50 228 4
50 148 8
77 87 1
42 79 4
125 226 1
67 228 1
102 233 2
235 262 2
152 232 1
36 262 3
41 60 1
35 222 4
102 239 1
142 145 5
4 151 1
7 13 1
14 97 2
189 257 1
7 82 3
127 263 1
7 202 1
163 260 3
190 263 1
60 147 1
127 237 1
1 114 3
97 230 1
92 142 1
61 209 1
153 263 1
49 144 3
37 234 1
82 107 4
17 72 1
159 234 1
127 164 1
40 50 1
4 261 6
36 68 1
4 236 5
116 141 3
40 107 3
13 257 2
143 168 2
79 260 2
102 102 2
14 102 1
56 196 3
152 237 5
7 42 1
56 79 2
139 216 1
125 181 3
90 134 1
100 219 1
24 113 4
158 224 6
49 230 2
75 125 7
129 263 1
79 193 1
92 181 1
38 244 1
79 228 1
107 130 1
170 213 1
141 255 2
1 233 6
61 249 1
166 213 1
132 227 4
13 80 1
228 238 1
80 164 2
45 66 7
25 85 3
13 168 1
112 261 2
97 148 4
179 244 1
223 236 4
1 262 2
140 227 2
164 244 6
48 254 1
154 228 1
87 194 1
75 97 1
246 247 1
75 173 1
35 209 1
54 249 2
97 140 5
40 54 1
87 151 4
25 218 2
82 230 2
125 238 8
13 14 2
68 188 3
209 226 1
132 241 5
125 243 1
49 186 4
189 190 1
21 39 1
93 161 5
72 72 7
151 168 2
1 138 2
147 170 1
69 186 1
223 230 4
229 260 10
98 131 1
191 219 3
74 167 1
60 168 2
76 222 9
60 100 1
17 74 2
70 70 4
152 233 4
49 234 3
137 179 3
45 158 6
88 143 15
130 162 1
136 234 2
236 243 3
182 248 1
213 248 3
101 145 1
4 256 1
7 143 1
47 159 2
208 208 1
112 114 3
193 232 1
95 216 2
61 142 1
152 170 2
186 252 1
31 45 1
129 135 2
33 239 4
25 125 1
82 83 4
82 95 2
49 87 5
79 129 2
132 190 3
239 251 1
4 228 1
132 174 5
66 90 2
168 220 1
32 42 2
41 79 3
146 163 4
47 213 2
208 242 8
97 141 3
97 236 2
149 205 1
37 262 2
198 229 2
107 174 2
34 40 1
4 189 1
14 42 1
117 216 1
200 243 1
96 138 1
138 217 6
89 188 9
69 78 1
61 224 4
224 238 2
147 159 1
20 42 1
42 164 4
70 139 1
14 22 5
80 229 1
32 213 1
41 188 2
211 212 1
252 262 1
55 63 1
233 255 3
50 179 2
116 167 1
158 255 2
52 158 3
69 141 2
40 246 2
142 232 4
230 256 5
7 142 10
151 226 2
181 236 12
39 49 5
42 147 1
116 249 5
210 228 2
94 113 1
18 94 1
4 190 1
61 97 11
74 82 1
102 129 1
48 127 3
1 234 9
94 244 1
72 203 1
249 256 4
244 248 1
212 213 3
132 207 1
228 231 4
143 223 4
7 112 3
75 226 6
22 77 1
25 237 2
39 215 1
41 232 2
256 261 4
152 250 1
36 88 1
31 90 1
53 102 1
136 241 1
169 182 1
13 196 1
37 55 2
42 161 5
138 235 2
87 189 1
100 152 6
255 261 3
68 157 3
80 213 1
78 212 2
25 230 4
43 232 2
106 170 1
20 138 2
92 246 1
7 203 1
60 247 2
148 166 4
143 157 1
3 138 2
151 257 1
129 234 6
147 147 1
242 249 1
114 152 1
35 177 10
63 79 2
167 242 1
78 238 1
45 260 1
100 259 1
10 51 2
139 205 4
25 114 2
65 244 2
39 225 4
230 243 3
82 224 1
72 196 1
168 261 1
182 203 1
129 162 1
101 171 2
186 218 1
225 226 1
132 254 5
34 132 1
232 238 3
213 254 3
75 232 6
130 161 2
15 15 1
138 216 2
24 114 2
127 238 3
123 236 1
82 124 2
91 100 6
86 177 2
191 226 1
24 194 1
7 222 1
143 169 1
13 24 3
137 152 1
70 100 1
119 140 1
145 209 5
166 200 1
75 135 1
69 237 1
208 243 1
4 220 1
26 165 5
165 231 1
7 113 2
186 257 1
74 88 2
34 170 1
88 212 1
12 52 1
137 244 10
56 164 2
14 90 1
109 132 4
93 100 2
166 209 1
1 40 1
12 45 2
29 132 3
70 73 1
106 209 1
132 221 2
92 95 6
54 132 2
71 141 3
106 237 1
66 261 11
136 151 1
208 249 1
1 141 3
116 186 5
243 249 1
37 181 1
170 248 1
212 212 3
213 250 3
3 250 2
1 209 1
66 228 1
67 113 1
137 193 2
191 231 1
97 161 3
19 140 1
244 247 2
137 222 1
122 138 2
108 132 3
53 145 1
142 159 1
74 145 2
17 244 1
164 255 4
78 157 1
186 220 1
29 246 1
43 70 1
82 137 1
164 223 1
41 241 1
37 61 4
36 61 2
185 238 1
151 255 1
84 145 1
163 194 1
79 243 1
120 163 1
4 48 6
87 256 1
90 159 1
106 155 1
130 233 2
68 247 3
74 92 1
76 231 5
13 112 2
141 174 1
12 88 5
124 236 1
92 98 2
161 248 2
68 243 4
231 255 7
12 263 3
90 166 8
22 141 1
78 200 1
20 237 1
6 186 1
137 185 1
68 70 2
179 180 1
47 234 1
179 230 2
40 114 1
36 186 2
50 216 1
106 188 3
130 262 1
209 256 1
48 153 1
7 134 2
41 158 2
28 215 1
1 67 1
200 232 1
88 195 4
143 260 1
86 241 1
112 231 3
238 247 3
1 76 1
100 181 3
152 163 3
112 255 3
233 243 2
127 166 4
24 129 1
74 241 2
4 260 1
24 261 3
63 137 1
82 233 1
24 209 1
88 228 2
171 244 1
88 166 1
122 131 2
88 189 2
113 116 3
48 241 1
129 239 2
81 100 1
25 255 1
124 124 4
85 238 1
33 48 5
134 141 3
85 88 1
91 97 2
196 226 1
140 217 2
25 39 2
15 129 1
181 210 3
121 213 1
95 234 2
82 229 4
1 125 4
20 92 1
66 229 5
13 92 2
25 79 4
13 33 8
62 140 1
12 140 2
10 138 7
79 258 1
85 100 1
180 237 1
135 213 1
148 238 4
52 236 1
71 237 1
149 262 1
114 213 1
19 82 2
88 222 1
72 197 1
177 244 2
25 191 2
18 51 1
159 262 3
37 231 1
134 170 2
48 119 2
228 228 2
65 89 5
196 203 3
100 225 1
7 232 1
122 186 1
236 255 3
146 249 2
52 148 1
170 244 4
193 237 4
157 249 1
93 233 3
127 236 1
60 237 1
34 181 1
33 39 1
14 209 5
55 90 1
100 216 1
65 145 1
36 233 1
82 261 1
112 140 6
70 246 1
3 161 2
22 178 3
22 210 1
35 91 2
102 161 1
63 89 1
65 225 2
174 236 1
17 225 6
34 100 2
75 181 3
143 252 1
29 100 1
14 25 1
129 173 3
162 168 2
55 170 1
1 75 1
181 246 4
107 260 2
149 231 3
56 100 2
26 123 2
143 208 1
155 170 2
6 138 1
10 144 1
243 243 4
100 112 2
152 168 2
141 194 3
78 136 2
17 36 1
163 193 2
92 92 4
108 186 1
19 122 6
143 148 3
161 181 4
202 237 1
202 231 1
24 158 5
88 95 1
40 186 2
4 165 1
123 138 2
193 211 1
42 191 1
19 64 1
170 193 3
89 165 11
15 90 1
43 216 1
20 48 3
139 219 3
17 234 2
65 238 4
95 122 1
14 39 2
122 182 1
131 135 1
82 121 3
74 258 1
20 50 1
20 141 1
40 237 3
148 243 1
211 228 1
166 261 1
96 263 1
78 185 1
33 174 1
49 232 2
121 236 1
107 190 1
170 256 4
142 178 1
157 256 1
133 226 2
25 262 1
35 88 1
52 90 8
129 258 1
151 169 1
12 116 2
21 231 5
10 216 2
121 122 1
202 236 1
159 237 1
215 218 3
159 224 1
43 167 1
17 70 3
61 164 2
54 237 1
4 200 2
181 209 2
135 205 2
223 231 1
3 236 3
186 225 4
69 208 2
228 239 1
234 243 2
167 194 1
147 185 3
25 137 2
39 62 1
26 261 2
138 194 2
10 93 1
205 215 4
80 87 3
130 226 2
132 235 3
163 228 2
7 255 3
138 153 1
59 132 1
48 171 1
196 233 2
137 190 1
151 208 1
25 142 4
14 161 1
162 177 1
216 222 1
10 226 1
63 140 1
41 220 2
161 194 1
112 226 4
7 70 1
10 92 1
85 181 4
20 75 1
68 121 1
10 140 1
130 218 5
63 76 4
97 164 2
211 219 2
17 68 2
69 152 1
78 166 1
67 132 1
92 226 1
146 203 1
126 213 1
50 193 1
50 175 1
171 252 1
145 255 2
70 262 1
37 37 7
209 222 1
88 165 2
61 106 2
56 229 3
82 96 1
228 233 2
170 219 1
39 61 13
34 97 2
159 229 1
42 169 1
167 186 1
89 151 1
41 125 1
166 232 1
186 202 3
16 230 1
66 263 6
62 107 3
259 260 1
11 100 1
151 259 3
12 224 2
231 247 1
44 134 1
45 74 6
106 141 2
40 97 2
33 43 4
33 158 1
35 35 7
236 242 2
80 230 2
50 97 3
175 179 1
34 163 1
79 179 2
165 210 2
13 255 3
40 141 3
113 181 3
160 238 1
61 211 1
7 246 4
158 195 1
22 108 1
209 255 2
26 65 1
189 209 1
100 220 2
79 220 2
143 145 1
10 237 1
144 157 1
90 133 1
52 209 1
20 238 1
129 198 1
89 113 2
88 146 2
4 230 3
95 141 7
143 226 2
39 70 1
35 140 2
137 210 1
48 196 3
92 261 1
76 197 5
95 220 1
14 35 1
71 71 3
74 83 1
97 225 5
163 232 1
66 246 2
173 228 1
82 180 1
213 243 1
23 229 1
168 169 3
237 256 3
205 218 9
39 72 9
37 144 2
70 170 1
42 121 1
119 238 1
14 26 2
82 90 1
243 246 1
107 226 8
65 226 1
78 228 1
237 243 2
61 80 1
39 48 1
17 249 1
163 225 2
137 225 1
144 179 1
157 226 3
195 227 1
164 177 1
34 231 3
130 223 1
4 37 1
78 164 2
145 151 3
125 157 1
36 148 1
17 262 2
82 209 2
34 186 2
89 164 1
95 233 2
80 134 1
25 246 3
45 193 1
134 216 1
191 238 1
31 262 1
32 74 1
5 233 1
12 24 4
82 163 1
112 260 1
69 148 2
13 228 3
19 215 1
121 205 2
97 246 1
113 223 1
140 228 1
107 152 1
25 71 7
14 48 1
48 146 3
35 115 1
34 161 2
93 125 1
177 230 1
152 229 1
93 166 1
90 243 1
93 231 1
8 132 2
112 234 2
130 143 2
177 177 3
61 177 7
61 90 6
31 162 1
144 189 2
121 230 1
79 190 3
129 261 1
138 150 1
215 243 1
45 54 1
4 263 6
157 230 3
127 151 3
137 177 3
130 145 1
82 130 1
56 95 1
198 224 1
15 186 1
1 190 1
75 193 1
196 229 1
48 95 2
95 226 1
37 143 2
140 157 2
197 209 1
196 261 1
147 235 1
228 237 1
74 246 1
37 230 1
143 212 1
140 200 1
7 79 1
7 164 6
41 211 1
94 247 1
142 223 2
226 239 4
11 188 3
72 177 1
74 226 2
89 255 1
119 163 1
20 235 1
39 216 3
185 242 3
41 119 2
74 127 3
166 168 2
169 216 1
226 238 4
12 40 2
230 257 1
50 66 3
33 86 1
31 263 1
61 91 4
40 144 2
7 36 1
107 181 5
155 218 1
36 129 1
119 168 2
207 230 1
169 235 1
235 235 6
242 248 1
78 243 1
163 256 2
4 147 1
88 200 1
4 25 1
112 230 3
92 130 3
43 247 1
24 65 1
43 200 2
86 138 1
51 213 1
163 181 1
49 211 1
68 256 2
70 234 1
68 242 1
209 238 3
223 243 1
49 161 3
42 209 1
153 238 1
113 260 2
65 80 1
162 195 1
65 195 1
69 81 2
41 169 1
137 228 1
142 220 3
32 223 3
76 138 1
60 166 1
114 188 1
42 148 3
48 112 3
61 113 1
215 215 6
28 261 1
129 186 3
74 146 2
196 234 1
4 235 3
92 129 2
61 108 1
36 177 1
146 164 3
91 91 4
200 262 3
215 226 1
13 127 1
4 152 1
4 225 1
198 232 1
81 166 1
17 236 1
233 256 2
49 237 1
129 145 1
66 256 2
90 198 1
33 50 3
80 262 1
47 48 1
197 232 1
26 163 1
41 126 1
50 248 1
142 227 1
41 247 2
164 188 1
116 145 1
158 244 2
40 146 1
148 151 3
26 229 1
50 195 1
48 175 1
34 162 1
254 261 1
74 224 1
144 151 1
114 116 1
158 256 2
236 260 1
82 203 1
43 119 1
138 257 2
40 229 2
137 254 1
60 169 1
18 35 1
9 48 1
42 88 1
89 225 4
116 148 4
43 69 1
71 181 2
119 244 1
47 116 2
83 113 1
18 244 1
89 148 1
133 237 1
50 56 1
18 90 1
68 69 1
48 189 1
193 255 1
5 156 1
189 229 1
224 244 2
101 237 2
95 196 6
28 32 1
41 61 1
41 182 2
4 244 1
28 82 2
142 258 1
52 186 3
153 185 1
42 211 1
82 166 1
37 179 1
47 235 2
18 241 1
167 248 2
50 183 1
10 90 1
58 132 1
74 213 10
76 130 1
127 246 1
68 179 1
32 248 1
81 116 1
80 90 2
41 249 3
231 243 1
13 260 1
92 101 1
41 209 1
1 146 1
74 159 2
80 234 1
13 78 1
87 118 1
50 225 2
64 236 2
94 208 1
50 92 1
28 48 1
17 260 1
208 237 1
19 50 1
146 198 1
122 160 1
145 158 1
41 65 1
86 205 1
100 200 1
127 128 1
76 97 5
162 169 1
80 158 1
36 239 1
107 127 1
160 160 1
141 250 1
73 132 4
140 192 2
107 179 4
78 132 3
17 79 7
4 74 2
92 230 1
70 226 1
38 234 1
162 198 1
89 230 1
75 92 1
69 169 3
169 247 3
13 123 4
80 193 1
112 143 1
153 262 1
152 213 1
126 140 2
72 186 1
106 162 2
62 106 1
106 163 1
15 23 1
48 135 2
37 65 1
90 93 1
70 260 3
98 192 1
93 215 1
93 197 1
120 145 1
48 72 1
141 181 1
16 142 1
226 252 1
4 93 1
72 188 8
71 138 2
28 100 1
226 231 2
140 225 1
47 88 1
40 137 2
37 228 1
20 185 1
61 161 2
74 97 1
13 49 2
126 132 2
155 210 3
93 216 1
24 127 1
114 169 2
33 151 1
10 232 1
6 169 1
25 232 1
82 234 1
82 249 1
106 225 1
197 236 1
74 87 3
182 213 2
166 194 1
70 137 2
31 223 1
127 261 1
55 140 1
174 186 1
107 128 2
66 144 3
32 161 3
241 259 1
130 134 2
97 209 2
25 210 4
4 178 2
70 80 1
75 179 4
28 236 1
29 149 2
36 222 2
255 255 1
64 175 1
131 134 1
19 86 1
22 22 1
26 210 1
255 263 1
29 257 1
200 224 1
60 163 1
93 152 1
74 243 3
70 205 1
87 91 5
168 223 2
141 242 1
48 256 1
138 219 2
191 215 1
127 229 2
159 238 2
127 143 1
126 263 1
163 202 1
69 159 1
108 162 1
18 141 2
29 43 1
70 92 1
40 211 2
68 97 1
71 170 2
63 162 1
65 129 1
217 256 1
161 216 2
14 21 1
97 106 1
22 164 1
186 206 1
213 247 1
60 235 1
25 106 4
76 232 1
62 224 1
97 234 3
106 236 1
181 228 2
170 210 1
127 230 2
106 261 1
254 260 2
14 211 1
167 235 1
26 246 1
169 186 2
20 166 1
36 107 1
66 143 2
196 249 1
200 237 1
87 160 1
127 254 1
14 230 1
55 77 1
252 252 2
93 171 1
145 148 1
3 78 1
39 161 1
147 248 2
178 230 1
17 62 3
144 177 1
137 157 1
95 163 3
164 242 1
4 10 1
222 230 1
155 227 2
123 188 1
142 146 1
200 234 1
243 262 1
33 76 5
97 163 1
39 150 1
191 191 1
76 80 1
72 147 1
54 125 1
71 113 1
122 179 2
148 179 1
33 42 1
126 126 1
185 208 1
145 261 1
56 211 1
217 232 1
22 231 1
167 167 2
39 39 7
15 196 4
61 79 1
48 155 1
38 196 1
145 224 4
80 107 1
35 155 3
68 196 1
38 130 2
63 232 1
1 166 2
62 161 1
98 229 1
66 92 1
166 167 2
208 238 1
49 224 1
4 239 3
151 194 2
89 149 1
135 197 1
35 261 1
15 203 1
164 192 1
29 142 3
49 158 2
126 168 1
136 228 1
100 168 1
121 238 2
161 257 1
43 257 1
116 224 1
66 130 2
52 107 5
123 129 1
12 90 1
164 190 1
145 157 1
88 181 3
18 166 1
161 228 1
45 151 5
87 95 1
23 208 1
38 205 3
203 215 2
140 188 1
122 141 1
49 164 1
112 246 2
54 79 1
86 226 1
144 181 2
159 230 1
216 239 1
10 68 2
174 238 1
48 255 1
95 134 3
121 134 2
182 242 5
28 151 1
181 233 4
40 140 2
49 142 1
78 186 1
22 26 8
19 237 1
234 260 1
74 158 1
39 87 1
79 195 1
194 194 1
129 131 1
64 170 1
181 257 1
217 236 1
230 247 1
17 255 1
161 189 1
141 228 6
10 141 2
12 262 2
95 162 3
144 198 2
79 215 1
186 188 1
95 130 1
213 234 2
36 234 1
92 121 1
180 186 1
134 196 1
114 215 1
51 237 1
8 193 1
54 228 2
82 92 1
17 107 2
50 194 1
101 135 1
135 192 1
79 254 1
170 179 3
10 244 2
179 249 2
25 256 2
185 235 1
32 208 1
68 134 1
106 181 7
83 224 1
170 257 1
80 211 1
125 216 1
223 247 1
164 179 3
137 155 3
70 249 1
54 137 1
162 217 1
196 246 1
77 77 4
137 160 2
4 195 1
42 120 1
137 216 2
139 215 4
23 164 1
75 216 1
61 236 3
4 145 2
39 97 2
61 148 2
195 237 1
73 193 1
100 134 1
25 195 1
12 137 2
95 230 4
229 255 1
134 256 1
35 87 1
93 163 1
169 169 1
240 254 1
182 230 3
126 208 1
183 183 2
130 231 1
93 144 1
141 207 1
64 130 1
90 195 1
140 241 1
140 152 1
7 166 2
65 146 1
8 92 1
123 155 1
233 244 5
35 97 7
49 262 1
195 249 1
40 48 2
100 215 1
55 137 1
28 75 1
196 196 2
45 82 1
100 102 1
95 143 1
235 239 1
128 263 1
140 208 2
74 126 2
177 209 1
74 207 1
42 45 1
48 215 2
98 205 1
98 215 1
25 239 1
74 173 1
139 230 1
63 216 1
173 262 1
74 130 1
114 130 1
37 52 1
20 74 1
29 138 1
95 263 1
129 257 1
68 192 1
32 239 1
20 143 1
80 137 1
34 144 1
111 142 1
61 107 2
170 252 1
138 212 1
141 195 1
215 231 1
41 129 1
48 159 1
83 231 1
74 188 2
130 179 1
43 82 1
66 145 1
168 229 1
62 230 1
220 262 1
40 164 1
14 186 2
123 149 3
100 149 2
42 261 1
17 39 1
134 161 2
142 209 2
48 70 1
4 196 1
134 233 1
216 262 1
200 246 1
140 203 1
49 79 1
21 132 3
228 256 1
70 146 1
49 190 1
177 188 2
162 202 2
179 263 2
61 158 1
162 256 2
43 93 1
48 202 1
122 263 1
114 223 1
57 138 2
229 243 2
49 107 1
40 255 2
90 157 1
93 137 2
48 174 1
7 186 1
42 144 1
129 262 2
68 95 1
132 251 1
170 200 1
72 227 1
78 148 1
146 151 1
71 205 1
54 170 1
90 169 2
37 233 1
148 228 1
90 97 1
65 188 1
112 189 1
68 133 1
116 127 1
127 220 2
224 260 1
71 229 1
140 210 5
37 116 1
4 246 5
181 193 1
4 143 2
75 169 1
236 241 2
146 234 1
43 194 2
186 242 1
124 163 1
49 249 1
90 193 2
10 148 1
136 203 1
164 257 2
93 143 1
140 242 1
72 236 1
89 163 1
116 137 1
32 247 1
113 198 1
227 230 1
66 137 2
82 116 1
148 149 1
170 189 2
130 209 1
90 255 1
40 148 1
202 230 1
52 255 1
35 225 1
216 226 2
129 137 2
41 174 1
124 216 3
42 65 2
226 256 1
47 247 1
31 74 1
159 254 1
78 235 2
205 205 1
61 151 1
89 257 3
107 189 1
170 247 1
249 257 1
60 262 1
153 244 2
20 47 1
56 92 2
53 225 1
112 179 1
255 262 1
40 79 1
49 236 1
41 250 1
151 188 1
68 235 2
179 234 2
41 112 1
142 202 1
119 212 1
242 242 6
74 183 1
223 260 2
119 239 1
80 232 1
80 125 1
74 260 1
107 169 2
151 247 3
18 186 1
4 7 1
168 247 1
222 222 1
152 242 1
140 197 1
130 236 1
158 202 1
260 263 1
3 42 1
47 74 2
26 34 1
90 92 1
222 238 1
124 198 1
188 254 1
60 69 1
147 209 1
130 261 1
20 254 1
1 12 1
169 212 1
47 220 1
97 167 1
4 179 1
17 17 5
62 68 1
48 257 1
62 90 1
92 260 1
90 185 1
151 260 1
74 147 1
97 224 1
74 211 1
25 51 1
17 71 2
14 89 3
61 188 6
80 246 1
19 197 2
63 63 3
239 258 1
215 263 1
196 202 1
60 212 1
82 196 2
217 261 1
89 91 14
155 222 2
210 210 1
33 112 1
209 216 1
10 205 5
188 244 1
191 218 1
15 45 1
89 234 1
54 231 1
45 145 2
100 207 2
181 190 1
24 249 1
157 232 1
68 91 2
166 202 1
135 252 1
174 212 1
241 243 1
61 76 6
220 234 1
1 45 1
229 244 2
188 231 1
86 160 1
129 231 1
10 238 1
91 113 1
76 137 1
186 241 1
54 74 1
37 89 1
92 203 1
87 247 1
55 102 1
49 209 1
82 134 1
76 209 1
118 145 1
107 202 1
74 235 3
54 162 1
134 164 1
25 189 1
41 55 1
168 263 2
9 208 1
140 189 1
168 208 1
77 233 1
41 69 4
39 180 1
74 231 2
107 193 2
4 65 1
97 100 1
168 262 2
45 149 1
13 130 2
75 185 1
16 140 1
33 256 2
119 237 1
73 215 1
93 261 2
68 136 1
202 223 1
181 249 2
41 45 1
148 198 1
36 157 1
129 218 1
21 61 1
76 91 2
185 254 3
75 259 1
142 217 1
170 242 1
205 213 1
34 158 1
119 225 1
140 240 1
14 40 1
28 161 1
1 232 1
148 157 2
168 170 1
155 163 1
77 155 1
75 235 2
64 135 1
49 66 1
248 250 2
155 177 1
77 82 3
47 140 1
216 219 1
177 223 1
254 254 1
136 231 2
62 189 1
162 165 2
13 23 2
107 134 1
87 260 1
40 170 1
53 144 1
39 222 1
39 155 7
43 165 1
74 95 1
130 148 1
14 261 1
88 115 1
16 191 1
167 247 1
155 157 1
49 257 1
83 151 1
164 256 1
43 61 1
76 107 4
101 258 1
9 15 1
100 146 1
133 133 1
78 144 1
89 141 2
10 95 1
68 106 2
67 222 1
4 34 1
20 129 1
52 143 1
116 193 1
54 234 1
140 178 1
17 37 5
83 223 1
161 169 1
65 74 1
42 226 2
137 182 2
74 89 2
205 216 4
147 163 1
95 142 1
122 205 1
161 218 1
126 141 1
55 181 1
94 225 1
39 165 1
189 234 1
29 222 1
43 146 2
137 195 3
16 205 1
29 76 1
4 36 1
35 193 1
10 196 1
130 234 1
136 186 1
9 92 1
13 41 1
196 260 1
14 216 1
43 95 1
75 80 1
175 226 1
161 242 1
161 200 2
36 140 1
81 203 1
225 261 1
47 151 1
181 239 1
75 124 1
33 135 1
159 167 1
38 218 1
16 171 2
17 91 2
77 97 1
197 262 1
81 195 1
209 225 1
43 217 1
39 124 1
87 225 1
72 165 3
65 190 2
218 219 1
76 124 1
190 246 1
214 231 1
155 155 1
97 190 1
95 161 3
167 231 1
129 170 4
119 166 2
14 140 4
51 235 2
17 140 3
170 260 1
26 161 6
81 130 1
141 257 2
200 263 1
36 90 1
20 262 1
188 225 1
38 198 1
124 218 1
65 174 1
69 100 2
12 166 2
164 194 1
75 121 1
34 74 1
77 225 2
85 188 2
180 228 1
213 242 3
61 170 2
93 236 1
97 195 1
51 121 1
216 258 2
22 68 1
52 113 1
72 158 2
107 168 4
158 228 1
243 248 1
45 259 4
138 147 1
101 203 1
151 159 1
40 234 1
26 148 1
61 230 1
69 236 1
53 100 1
32 262 1
202 229 1
167 234 1
194 212 1
34 217 1
97 239 1
45 153 1
95 198 1
43 112 1
33 106 1
55 231 1
14 137 1
52 164 1
86 145 1
28 130 1
28 157 1
229 245 1
197 229 1
112 233 1
78 183 1
129 207 1
87 243 2
72 87 5
31 43 1
133 145 1
144 226 1
231 259 1
24 243 1
185 250 1
10 75 1
141 182 1
142 179 1
34 87 1
7 185 1
189 236 1
150 190 1
230 250 2
69 143 1
93 102 1
80 114 1
31 186 1
37 211 1
160 231 1
65 227 1
36 163 2
97 232 2
68 174 1
74 179 1
71 87 1
175 239 1
203 230 1
133 225 1
35 246 1
128 241 1
91 140 1
48 225 1
42 87 2
54 164 1
65 179 1
25 166 1
49 157 1
200 249 1
191 258 1
239 260 4
35 72 8
136 195 1
95 239 1
34 107 1
88 152 1
151 167 1
208 236 1
189 232 1
33 143 1
170 185 1
252 260 1
16 38 1
52 211 1
12 226 1
90 213 1
52 244 1
162 228 1
88 255 1
66 232 1
120 263 1
129 130 1
72 91 4
89 124 1
90 106 1
231 258 1
54 158 1
12 132 1
86 139 1
235 263 1
197 230 1
20 90 1
12 138 1
13 106 1
235 254 2
129 192 1
10 88 1
48 62 1
168 244 4
52 166 1
34 226 1
25 61 3
163 243 1
107 136 1
239 257 1
54 107 1
71 137 1
35 188 2
48 89 2
100 247 1
129 238 1
129 171 1
47 243 1
68 89 2
138 190 1
4 174 1
17 166 1
164 196 1
87 177 1
242 254 1
61 163 1
87 168 1
64 92 2
71 216 1
139 218 1
146 160 1
60 167 1
241 247 1
77 107 1
35 77 1
175 205 1
119 248 1
35 234 1
123 165 3
46 119 1
92 234 1
97 177 2
168 215 1
29 232 1
62 91 1
98 139 1
35 39 2
51 242 7
76 170 1
17 129 1
25 72 1
108 228 1
61 222 3
53 196 1
134 197 5
11 74 1
18 263 1
191 249 1
42 232 2
188 263 1
61 213 1
75 89 1
159 242 1
129 159 1
123 123 3
71 76 5
19 218 1
29 48 1
37 123 1
37 77 2
88 202 1
45 78 1
7 28 1
61 190 1
131 236 1
50 78 1
78 244 1
26 227 1
29 210 2
69 167 1
247 254 1
95 177 1
82 215 1
140 213 1
82 149 1
7 171 1
47 81 1
32 174 2
32 234 1
56 261 1
80 100 1
29 123 1
37 260 1
213 244 1
227 227 1
82 197 3
71 196 1
129 215 1
35 85 1
22 227 1
131 175 2
136 146 1
188 189 1
35 149 1
198 225 4
198 198 2
220 235 1
59 224 1
197 260 1
19 116 6
76 155 3
133 209 1
52 195 4
17 25 3
36 39 1
63 181 1
72 225 1
53 121 1
20 113 4
149 222 1
14 62 3
39 91 8
91 149 1
225 235 1
152 241 2
174 213 3
93 139 1
131 215 1
179 256 1
11 11 4
51 247 3
50 119 1
148 168 1
45 226 1
32 81 5
94 169 6
137 259 1
55 61 1
85 85 1
33 89 1
186 250 1
71 152 1
23 107 1
51 169 8
61 72 7
41 259 2
51 148 1
14 55 1
70 171 1
171 213 1
14 210 2
62 72 2
49 71 2
121 201 1
26 133 2
168 224 1
137 159 2
77 195 1
46 90 1
18 69 1
32 166 1
72 85 1
188 216 1
177 243 1
76 205 2
10 222 3
171 171 3
17 232 1
49 225 4
51 259 1
78 247 1
182 235 1
181 238 1
62 71 5
85 91 4
36 213 1
137 248 1
160 188 1
177 219 1
185 230 1
160 205 1
51 74 1
76 85 1
107 178 1
35 117 1
102 130 3
177 216 2
167 174 2
14 61 2
65 106 2
47 240 2
49 89 3
47 50 2
141 188 3
159 163 3
17 170 2
60 185 3
133 135 1
198 222 1
174 235 1
254 259 2
51 183 1
49 188 1
80 225 4
91 225 2
193 256 2
152 220 1
222 225 2
91 189 2
37 80 3
17 80 2
17 257 2
170 198 2
137 180 2
17 213 2
61 261 3
97 217 2
72 97 2
49 165 2
129 151 2
152 249 4
10 219 2
137 147 2
95 157 2
121 192 6
76 196 2
36 75 4
71 143 2
164 165 2
72 77 3
155 236 2
50 55 2
192 218 2
76 213 13
225 257 2
16 101 2
161 188 5
69 164 2
51 244 2
174 185 2
122 215 2
37 117 2
196 236 2
45 92 2
65 222 2
33 155 3
91 123 3
35 165 2
197 258 2
75 102 2
91 165 2
91 133 2
191 192 2
124 252 2
21 65 2
63 166 2
95 215 2
191 203 2
121 139 2
133 170 2
62 261 2
39 76 13
174 259 2
22 43 2
33 35 3
179 260 3
90 196 2
51 69 2
106 191 5
119 242 2
182 185 2
3 212 2
39 140 2
49 75 2
216 218 5
62 89 2
3 169 2
142 165 3
225 234 2
17 261 2
124 140 2
88 250 2
113 225 3
64 162 2
61 258 2
122 250 2
51 248 6
9 122 4
11 140 2
129 254 2
37 189 2
35 106 2
159 186 2
35 141 2
33 123 2
151 248 2
71 106 2
71 85 2
139 139 6
124 137 2
131 196 3
178 178 2
140 147 2
43 188 2
87 127 2
50 217 2
56 137 2
205 219 2
35 113 2
193 229 2
35 76 7
86 262 2
15 140 2
131 140 2
91 261 2
140 171 2
169 238 2
50 130 2
62 121 2
51 229 2
91 231 2
78 259 2
159 194 2
83 126 2
62 227 2
35 244 2
124 160 2
102 131 4
7 168 2
45 165 2
48 182 2
14 218 2
15 121 2
39 195 2
78 246 2
140 173 2
225 236 2
54 123 2
113 159 2
69 117 2
35 49 3
17 89 2
42 90 4
66 76 2
76 82 2
123 196 2
141 185 2
21 148 2
56 56 2
72 75 2
90 260 2
63 197 4
92 196 2
14 49 2
36 76 3
171 226 2
53 92 2
26 61 3
32 259 2
76 106 2
72 106 2
9 137 2
225 263 2
89 181 3
119 169 2
87 259 2
89 108 2
25 80 2
76 87 2
72 233 2
35 161 4
80 209 2
51 174 3
81 174 4
124 155 2
181 227 2
55 216 2
37 215 2
134 226 2
9 56 2
33 188 2
89 177 2
78 137 2
39 112 2
19 205 2
37 39 2
37 97 2
69 136 2
31 168 2
88 91 2
74 225 2
177 194 2
89 209 2
160 177 2
33 37 3
74 195 2
77 145 2
186 235 4
60 194 2
42 108 2
139 203 2
70 218 2
3 51 3
45 254 2
242 259 2
216 225 2
37 225 5
179 239 2
183 233 2
49 177 2
198 223 2
90 212 2
61 166 3
11 26 2
77 167 2
95 218 2
122 219 2
38 225 2
39 205 2
51 243 2
77 177 3
46 167 2
122 192 2
147 182 2
77 217 2
133 210 2
171 222 2
42 86 2
91 238 2
41 47 2
136 244 2
89 97 5
117 235 2
37 62 3
28 166 2
94 146 2
74 248 2
3 39 2
42 250 4
95 236 2
28 225 2
188 257 3
225 228 2
116 232 2
167 208 3
66 150 2
55 143 2
61 144 2
83 177 2
89 210 3
35 89 4
32 119 2
20 168 2
35 227 2
10 197 3
122 134 2
37 72 2
49 76 4
32 244 2
15 64 2
145 166 1
26 143 1
76 131 1
123 178 1
154 235 1
20 94 1
212 242 2
139 197 2
50 235 1
37 78 1
62 76 1
67 107 1
28 73 1
75 205 1
140 222 1
25 222 2
21 123 3
61 122 1
31 159 1
45 119 1
9 107 1
51 250 5
36 80 4
33 62 2
128 163 1
165 208 1
69 177 1
134 235 4
9 205 4
196 197 1
136 247 1
29 67 1
79 216 2
174 183 1
20 169 1
77 231 1
102 197 1
14 106 1
72 164 1
49 163 1
89 155 2
35 71 1
45 228 1
24 82 1
107 212 1
3 126 1
18 174 1
10 125 1
160 170 1
89 168 1
189 239 1
165 233 1
24 159 1
120 209 1
36 178 1
22 155 1
155 229 1
191 205 3
25 117 1
169 250 1
7 249 1
181 222 2
76 203 1
127 234 1
136 263 1
41 51 4
223 225 1
77 181 4
228 236 1
89 178 1
119 177 1
45 188 1
10 19 1
188 238 1
37 209 1
78 90 2
74 250 1
72 151 1
47 238 2
53 129 2
42 242 2
38 77 1
90 205 1
15 124 1
9 70 1
52 76 1
139 244 1
95 193 2
63 224 1
76 89 2
41 70 1
7 74 3
174 262 1
85 263 1
121 191 1
101 191 1
195 234 1
107 216 1
21 76 1
141 235 1
62 137 1
78 162 1
91 181 1
195 209 1
77 215 2
107 160 1
107 177 1
40 239 1
43 219 1
26 55 1
39 123 1
32 186 1
72 149 1
148 177 1
56 113 2
21 228 1
95 249 1
26 29 1
182 263 1
102 160 1
102 137 1
65 177 1
69 242 1
107 222 3
61 75 1
102 196 1
39 227 1
9 171 1
167 213 1
72 181 1
188 222 1
19 225 1
28 224 1
124 129 1
48 192 1
102 125 1
32 169 2
14 225 1
21 137 1
126 231 1
124 196 1
7 101 1
94 151 1
9 192 1
93 160 1
14 182 1
39 89 1
25 203 1
76 228 1
18 42 1
76 149 1
43 222 1
121 130 3
26 256 1
35 65 1
124 175 1
151 235 1
89 231 1
219 261 1
62 190 2
101 223 1
62 177 1
36 130 1
60 60 1
69 235 1
167 168 1
18 164 1
136 242 1
159 169 1
237 250 1
179 219 1
113 203 1
33 197 1
3 174 2
15 74 1
10 71 1
17 33 1
78 169 1
169 248 1
11 22 1
119 167 1
38 56 1
18 259 1
139 193 1
80 168 1
49 263 1
18 220 1
97 254 1
17 181 3
17 77 1
24 56 1
74 212 1
25 37 1
259 259 2
174 248 4
77 222 1
26 67 1
51 116 1
71 164 1
47 168 1
81 220 1
71 190 1
19 41 1
28 53 1
76 218 1
196 217 1
51 92 1
51 96 1
193 215 1
182 241 1
76 148 1
42 51 1
39 228 1
173 202 1
10 102 1
76 238 1
92 171 1
171 263 1
167 244 1
74 131 1
10 35 1
134 236 1
197 216 2
92 131 1
42 131 1
61 77 1
188 205 1
42 78 1
74 94 1
10 74 1
212 216 1
7 216 1
71 155 1
16 122 1
26 71 1
136 213 1
69 225 1
134 219 1
3 32 1
79 92 1
51 185 1
95 200 2
51 238 1
51 142 1
203 218 1
9 180 1
80 195 1
19 191 1
146 195 1
65 72 1
71 90 3
92 170 1
15 16 1
69 246 1
225 233 1
10 191 1
117 215 2
229 256 2
94 140 1
15 101 1
45 208 1
94 162 1
119 213 1
17 65 1
141 203 1
62 257 1
165 225 1
61 140 2
85 90 1
53 192 1
165 236 1
91 143 1
85 155 1
71 140 2
3 208 1
3 182 1
97 216 1
35 181 1
82 139 1
13 91 1
91 210 1
71 225 1
7 215 1
137 167 1
25 247 1
53 232 1
9 64 1
68 215 1
53 229 1
130 219 4
48 220 1
141 259 1
24 94 1
61 198 1
76 86 1
162 182 1
173 179 1
49 218 1
72 234 3
188 203 1
119 231 1
71 72 1
14 231 1
225 231 1
61 165 1
203 208 1
22 230 1
121 219 1
55 151 1
47 137 2
63 213 1
117 130 1
160 198 1
92 137 1
76 219 1
189 222 1
149 180 1
68 216 1
69 146 1
154 220 1
17 76 2
35 37 1
235 259 1
33 80 1
75 197 1
98 151 1
135 219 1
28 218 1
86 197 1
22 71 1
39 130 1
90 188 1
62 232 2
181 225 1
89 246 1
73 121 1
130 191 1
55 108 1
141 225 1
195 210 1
49 162 1
78 213 1
35 61 2
151 254 2
32 41 1
35 70 1
16 86 1
45 61 1
68 165 2
215 252 1
22 170 1
146 166 1
165 188 1
33 91 1
76 164 1
100 218 1
71 232 1
3 186 1
18 191 1
61 228 1
51 203 1
32 75 1
210 213 1
39 177 2
222 226 1
211 256 1
10 168 1
47 169 2
25 225 2
115 140 1
159 213 1
77 210 1
36 198 1
153 162 1
14 162 1
11 181 1
89 161 1
208 213 2
47 242 1
65 91 1
231 260 1
9 131 1
38 101 1
26 90 1
89 123 1
36 237 1
28 70 1
53 82 1
39 236 1
188 233 1
95 102 1
81 242 2
149 165 1
39 65 1
39 218 1
142 157 1
80 216 1
62 165 1
77 165 1
72 90 1
68 78 1
191 198 1
222 257 1
35 195 1
203 244 1
37 76 2
155 226 1
225 239 1
238 254 1
197 225 1
74 136 1
241 244 1
10 86 1
70 112 1
51 159 1
51 87 1
25 63 1
61 63 1
4 72 1
41 212 1
60 78 2
197 252 1
133 165 1
37 213 1
152 235 1
17 130 1
62 181 2
60 68 1
42 89 1
116 147 1
191 213 1
32 216 1
32 51 1
175 219 1
76 237 1
43 260 1
62 231 1
51 81 1
218 249 1
28 171 1
69 107 1
70 231 1
37 236 1
97 198 1
148 159 1
173 216 1
88 242 1
142 195 1
39 229 1
24 95 1
14 19 1
76 150 1
140 216 1
80 231 1
17 141 1
85 249 1
70 192 1
41 218 1
149 155 1
10 26 1
39 139 1
203 219 1
60 242 1
39 86 1
37 90 1
220 236 1
70 141 1
63 77 1
212 236 2
85 97 1
69 161 1
55 226 1
242 250 1
26 178 1
88 179 1
22 261 1
21 237 1
81 263 1
98 98 1
153 254 1
51 78 1
47 200 1
61 189 1
80 244 1
225 244 1
7 16 1
95 126 1
19 121 1
42 113 1
106 246 1
47 254 1
74 209 1
188 209 1
3 242 1
22 61 1
41 89 1
76 95 1
21 26 1
234 254 1
26 149 1
108 178 1
89 237 1
213 263 1
7 73 1
47 78 1
232 247 1
39 210 1
19 101 1
98 219 1
39 261 1
11 39 1
79 102 1
35 62 1
28 177 1
162 181 1
68 241 1
117 135 1
63 101 1
9 38 1
106 106 1
188 228 1
39 141 1
36 225 1
42 224 1
15 142 1
219 226 1
39 75 1
