41 41 105
158 231 250
158 162 85
263 263 202
4 211 41
25 132 72
239 239 214
48 239 621
237 237 407
236 236 342
141 237 423
140 142 194
158 158 126
151 181 1
50 50 75
170 249 326
48 186 679
68 166 33
138 234 46
90 107 321
144 158 127
231 241 1
68 79 449
43 229 68
162 163 310
50 237 64
48 48 773
246 249 329
41 43 35
107 263 218
79 170 796
107 249 504
76 138 4
229 262 158
116 244 86
170 229 337
163 164 291
209 231 71
138 198 15
83 141 8
161 233 228
17 87 8
141 198 3
164 226 37
48 249 570
151 166 94
161 162 361
13 48 112
74 75 246
41 42 140
42 247 8
69 116 2
112 186 35
48 144 98
61 186 23
138 151 60
170 234 570
48 231 172
231 246 112
48 68 1087
68 246 375
68 90 361
79 234 742
148 148 261
148 164 217
164 164 201
232 234 66
148 151 24
230 260 39
32 132 7
137 162 216
161 239 200
82 100 8
217 256 11
90 137 102
145 145 83
140 140 103
161 177 2
151 236 67
135 138 24
47 138 3
124 132 32
50 239 114
7 138 114
43 138 27
170 209 38
142 238 579
116 236 17
143 143 106
41 166 133
24 75 39
138 249 52
230 238 271
48 230 890
39 132 51
186 230 842
138 242 4
138 223 81
70 138 45
162 236 296
37 79 59
132 257 25
151 170 17
142 237 608
137 262 64
132 170 181
132 230 184
230 239 494
170 256 24
164 230 734
262 262 55
132 219 128
28 132 91
143 239 286
117 132 15
138 237 73
151 238 287
68 68 358
186 249 382
48 237 285
140 239 90
79 229 359
14 236 2
138 142 74
68 141 119
138 179 51
31 252 1
93 248 1
114 232 84
141 186 143
202 229 15
140 229 260
50 68 251
75 142 90
10 132 221
163 237 313
142 163 481
142 261 21
164 238 91
137 229 240
141 236 426
90 138 58
45 148 83
75 138 47
100 164 229
233 233 65
132 239 111
48 158 264
66 134 1
166 238 138
142 239 777
238 239 508
236 239 375
114 233 116
61 138 47
41 236 80
142 170 226
68 107 289
137 137 65
74 164 34
74 263 180
164 170 438
116 138 43
132 203 48
79 137 663
137 170 266
138 236 113
100 163 245
4 209 17
132 141 119
132 142 116
113 239 82
48 143 407
113 132 76
249 262 61
43 238 130
113 186 183
158 229 51
113 166 17
140 263 304
132 181 137
75 132 67
48 132 174
100 230 522
234 263 169
50 161 153
129 129 28
79 132 121
230 249 380
79 162 425
142 186 190
142 142 246
100 125 30
237 239 213
161 261 50
141 234 180
107 132 109
140 234 92
68 237 88
79 79 765
41 74 115
52 138 16
114 132 49
230 246 283
45 107 44
7 230 109
68 236 98
48 87 89
48 137 139
48 246 577
116 143 28
37 138 35
79 246 200
90 229 95
114 246 117
144 186 110
79 114 781
74 114 17
142 220 17
90 236 76
141 142 401
68 249 627
28 138 17
132 164 124
127 132 19
107 138 74
65 100 8
90 144 117
137 186 212
65 249 28
146 163 20
42 236 29
162 238 85
230 237 349
211 262 24
161 161 282
186 233 144
48 50 448
137 249 164
132 258 39
246 262 27
41 142 129
144 163 54
188 228 1
181 228 9
49 97 45
161 163 366
162 164 369
170 186 450
186 246 247
13 132 61
230 231 181
79 148 1225
24 142 93
49 148 39
132 166 88
75 238 146
140 237 259
127 140 5
68 113 230
90 230 367
107 170 580
143 186 89
50 229 77
138 196 16
141 229 450
48 233 170
162 229 286
230 233 290
114 162 153
89 114 12
7 132 101
107 162 419
100 100 81
100 107 155
48 127 35
107 164 348
141 263 710
48 164 517
138 260 37
148 239 55
158 263 44
181 233 9
79 249 1132
163 234 254
50 186 208
186 263 122
75 236 189
75 263 258
107 123 3
100 161 314
17 138 36
43 142 229
142 263 247
56 263 11
48 262 104
161 166 34
79 138 92
143 262 24
262 263 235
132 236 88
164 229 243
142 162 335
114 249 432
132 226 75
186 236 136
163 163 180
161 164 487
137 230 184
141 239 203
68 132 126
25 25 9
25 35 1
113 230 200
232 255 21
158 164 146
137 161 168
129 132 71
68 144 139
87 246 59
143 238 193
237 262 204
138 238 102
40 132 58
164 237 150
100 236 74
163 186 322
95 132 109
132 229 92
163 230 668
140 164 105
236 238 330
144 249 366
107 262 103
79 87 252
79 231 415
142 232 21
138 170 116
79 186 518
68 170 273
75 186 49
75 233 20
112 138 48
90 234 354
125 158 99
65 79 33
79 225 28
87 125 31
50 238 88
142 262 221
229 236 190
229 230 395
61 161 10
87 249 185
88 231 66
79 230 433
89 181 8
141 163 258
144 170 139
41 138 41
107 246 127
17 17 12
148 261 67
65 87 10
87 158 77
79 164 492
43 262 63
166 186 29
116 166 83
163 229 237
179 260 3
144 230 159
48 142 841
132 248 8
238 238 146
48 100 372
170 230 564
90 170 227
230 230 416
43 163 104
114 186 244
113 114 233
138 232 18
79 107 1003
132 261 47
140 167 6
132 244 41
107 255 48
160 255 1
132 200 12
50 163 154
48 211 67
179 238 6
164 233 193
48 163 568
163 166 28
238 244 84
148 249 564
48 162 515
142 230 587
163 246 128
217 246 1
80 246 11
132 249 84
49 132 98
79 182 2
61 79 49
162 230 760
100 229 124
107 234 429
132 197 88
231 234 270
79 100 180
20 100 1
40 161 23
164 255 31
125 255 22
114 164 231
132 162 123
82 132 65
79 125 135
125 179 3
193 193 56
161 186 442
107 137 295
75 262 59
224 224 12
148 233 141
132 137 39
141 209 26
100 170 291
65 132 63
138 263 112
239 263 270
142 229 307
141 164 193
164 231 123
43 233 21
141 151 59
138 188 25
168 194 1
169 247 2
94 241 1
90 141 82
163 233 100
107 163 157
132 255 121
90 132 76
132 180 17
132 148 85
142 236 588
116 163 29
129 161 25
234 234 224
114 224 52
107 237 206
161 234 443
74 166 56
140 226 16
75 140 88
70 230 5
163 232 15
125 148 99
36 148 24
107 144 204
74 140 50
132 138 62
163 192 2
138 148 43
114 148 448
74 170 52
43 244 12
47 244 1
239 249 167
68 158 302
158 249 388
138 202 12
12 234 1
88 232 20
148 232 143
70 129 4
164 236 161
132 196 36
90 90 116
77 77 2
186 229 221
48 170 404
48 261 60
7 141 81
173 179 1
43 75 48
7 223 44
161 170 443
238 263 171
142 246 156
83 132 16
142 152 15
17 132 71
140 262 256
90 100 160
230 261 81
161 230 722
144 144 67
50 141 47
161 237 463
137 142 80
164 249 298
48 90 505
48 116 126
127 151 10
238 262 72
37 231 6
164 246 191
133 141 3
138 186 48
79 90 473
79 179 23
141 226 36
24 116 22
151 151 43
138 166 45
164 263 144
144 231 227
45 230 21
80 142 4
229 249 145
49 249 35
260 260 10
138 141 101
24 249 22
42 230 83
138 262 93
119 231 1
143 234 104
107 230 326
33 186 17
189 231 28
107 161 337
137 234 237
114 138 35
132 233 69
158 170 139
162 263 280
141 233 205
163 238 162
61 88 8
138 246 19
144 166 6
132 191 27
56 132 53
36 132 55
48 54 7
114 230 247
13 211 52
142 231 81
229 260 12
211 233 20
140 166 8
24 238 120
13 230 117
237 238 161
92 138 26
68 232 34
43 143 58
50 232 9
74 100 23
88 144 25
74 186 23
237 256 7
158 246 176
229 238 59
107 236 139
48 79 420
163 231 98
72 132 23
72 188 2
132 151 61
142 249 187
69 144 5
166 231 8
56 100 2
25 90 15
144 211 173
4 144 69
132 263 100
82 260 12
62 132 40
89 133 2
102 132 16
43 226 10
90 146 6
132 225 65
7 186 35
132 238 102
238 243 47
75 152 14
7 100 21
75 166 40
142 158 99
50 246 181
24 132 25
40 138 24
79 211 341
48 236 195
68 142 280
164 239 106
107 244 21
138 152 13
68 234 509
68 238 169
138 243 31
129 140 12
142 243 81
90 261 26
186 239 139
132 143 67
68 256 14
164 209 32
72 138 3
74 74 105
138 230 206
37 132 88
100 158 70
170 263 223
100 238 62
143 151 90
7 226 36
138 143 58
87 138 59
132 188 68
100 141 98
145 262 1
142 161 443
142 179 15
112 132 97
107 114 404
42 132 42
48 148 178
41 48 141
229 234 209
236 263 321
143 170 67
74 236 101
148 161 128
95 226 11
164 186 248
42 142 83
42 42 95
132 171 20
145 230 81
79 189 37
97 148 58
137 148 242
40 234 21
43 79 56
41 230 123
79 232 245
42 234 29
43 162 84
142 151 223
116 142 72
42 68 41
239 246 103
211 263 29
93 132 131
93 262 3
132 237 73
75 90 17
64 162 5
4 68 28
107 186 381
142 234 194
42 166 42
163 261 22
163 170 238
82 238 1
200 249 5
41 159 2
132 158 34
42 48 116
43 236 204
100 138 52
249 249 265
100 244 30
79 262 143
113 229 80
107 113 291
48 234 417
229 233 213
100 260 7
114 114 154
231 232 76
162 226 40
132 133 21
137 140 84
113 234 296
193 263 3
107 142 171
158 161 114
79 113 483
50 233 36
231 239 54
90 211 110
97 138 25
144 161 121
107 141 257
87 186 84
129 234 12
49 68 42
79 228 14
18 138 5
33 132 84
158 239 68
87 209 23
68 88 31
114 144 215
132 210 23
42 138 54
48 243 141
18 244 3
230 243 69
4 79 294
166 166 89
90 249 617
42 246 35
71 132 27
90 186 278
209 230 43
130 132 101
132 205 52
138 255 52
236 249 127
163 262 100
107 229 293
20 209 2
79 88 71
87 107 111
48 114 237
162 170 416
68 114 293
141 262 224
107 233 254
7 82 9
50 230 323
143 161 117
159 263 9
4 129 4
230 263 260
21 186 2
162 237 400
144 246 75
142 143 292
143 236 65
43 263 96
13 107 48
100 186 241
75 164 47
138 239 92
229 229 100
113 162 114
114 142 115
75 161 94
114 170 308
41 100 36
50 79 95
87 132 78
144 148 309
79 146 14
68 138 75
132 163 122
43 74 24
211 230 108
90 231 228
237 263 331
100 261 29
68 262 49
70 132 43
119 236 10
162 246 88
113 256 27
116 152 28
106 138 5
17 79 57
132 144 47
233 239 46
158 224 17
83 148 2
217 217 12
225 225 8
138 145 65
163 236 241
50 151 34
234 236 160
119 136 1
143 230 239
42 75 56
75 141 115
211 236 36
43 43 87
41 170 21
35 132 29
143 229 60
16 138 12
137 138 37
162 224 63
24 43 22
132 231 88
88 170 40
107 148 467
56 140 4
48 257 6
113 161 181
79 142 188
143 244 22
132 234 76
170 224 70
49 144 12
48 145 50
36 144 9
116 186 40
65 138 25
68 100 254
132 150 17
132 135 20
170 255 25
74 141 78
48 138 130
79 209 110
114 234 408
151 161 85
129 138 118
79 80 86
144 227 3
80 230 20
140 148 66
45 144 43
132 216 179
132 256 84
13 79 92
132 218 61
141 238 113
107 239 95
132 246 38
236 246 50
243 249 28
116 234 19
79 239 132
50 82 1
162 239 130
195 234 1
79 141 287
234 249 603
114 143 44
36 249 14
42 148 13
95 138 48
92 236 3
79 112 79
48 49 22
138 140 96
141 177 1
141 162 384
125 231 127
132 260 32
132 132 298
90 114 297
141 170 280
75 79 81
209 249 67
246 263 48
131 132 20
100 234 194
90 163 137
234 246 207
164 257 7
42 74 78
41 247 3
79 238 95
107 232 63
68 164 329
170 170 241
9 132 7
166 230 55
170 231 163
37 146 3
68 263 91
50 162 109
24 239 94
13 142 47
125 263 11
148 170 276
116 151 31
125 230 60
17 68 6
261 263 22
224 230 62
97 145 3
158 234 223
24 143 30
41 132 53
132 139 30
113 142 143
75 234 44
50 140 25
125 161 29
132 145 120
48 113 173
79 144 447
13 231 174
211 261 56
80 132 77
13 13 39
186 232 41
43 237 159
89 132 78
106 132 17
162 186 323
113 164 221
88 234 37
48 209 24
186 261 55
45 232 26
236 237 720
68 125 81
142 166 148
166 213 2
79 233 321
43 249 60
88 137 32
88 114 40
73 161 3
181 249 75
95 97 2
68 161 282
140 186 94
148 158 198
181 230 56
7 48 100
100 243 26
143 237 98
82 229 29
75 239 72
126 159 1
102 263 4
100 233 103
90 237 75
50 164 136
100 148 80
48 161 605
186 234 422
233 234 156
82 230 7
49 138 21
68 186 422
146 186 11
13 158 87
186 186 94
41 234 55
162 233 147
132 167 7
163 239 248
68 163 220
13 186 56
78 132 9
138 164 91
79 243 16
129 230 32
45 209 15
48 166 79
68 97 16
48 238 434
48 229 327
141 223 24
65 144 21
41 163 47
87 162 72
140 141 252
48 74 89
144 162 70
113 148 228
129 170 5
16 83 1
87 261 50
4 148 193
138 229 93
114 137 153
161 231 131
164 240 12
7 173 4
75 114 20
87 225 6
48 151 188
136 263 2
25 138 35
138 233 64
63 132 43
41 68 88
186 231 160
161 238 152
151 230 140
90 188 6
234 237 177
140 233 87
78 238 7
74 168 29
170 246 146
41 151 99
145 161 70
42 163 54
43 141 82
142 164 209
144 234 182
41 162 36
48 244 167
162 249 227
114 179 5
50 170 77
164 234 438
140 247 5
231 236 85
50 138 48
183 236 3
82 82 9
162 234 334
242 242 1
62 138 15
132 165 42
51 163 1
76 132 78
234 262 97
75 148 20
50 74 14
68 211 107
138 227 1
24 236 27
68 230 584
144 233 49
127 141 9
100 114 102
75 235 12
158 233 53
141 161 358
132 146 26
45 114 46
29 230 3
170 233 218
75 147 1
107 151 37
7 43 8
116 132 39
33 138 27
132 262 77
226 229 39
90 142 137
48 223 34
100 116 20
125 209 18
211 249 287
132 140 63
125 138 18
186 226 23
144 232 60
140 161 154
113 231 196
140 249 64
143 263 53
138 159 6
68 162 226
90 158 217
189 230 16
75 230 91
69 249 1
145 229 53
132 189 64
97 249 56
74 151 37
74 159 17
166 237 39
50 234 106
54 163 2
100 157 4
7 233 18
7 161 99
90 244 33
24 41 49
74 248 3
88 186 29
100 249 159
113 249 340
233 263 137
151 263 50
158 186 177
114 161 154
230 234 485
42 186 33
116 140 11
166 239 121
61 170 10
113 163 115
231 249 609
100 132 58
163 258 6
226 231 8
60 163 1
24 50 10
234 239 136
90 127 4
13 50 33
24 246 12
7 163 82
50 90 122
87 129 2
140 236 190
236 262 220
229 261 9
43 198 6
179 223 12
7 148 27
79 158 330
68 116 50
48 107 250
37 100 8
132 160 20
161 209 27
74 162 52
32 229 1
138 181 56
140 261 10
116 239 70
61 132 140
13 138 33
42 141 14
186 237 106
234 261 70
138 175 6
138 247 8
68 231 206
145 162 96
202 263 2
79 140 146
132 178 12
54 142 4
88 138 14
232 249 101
161 198 8
148 256 146
132 134 56
80 80 11
255 255 29
37 148 31
145 170 55
7 146 46
141 246 50
125 144 67
40 137 7
74 249 23
170 237 192
90 161 202
4 263 24
186 211 61
142 202 7
43 144 16
88 141 26
56 82 2
75 116 41
106 114 7
41 107 23
7 79 53
107 247 2
87 230 104
132 209 36
90 233 76
166 229 8
129 262 3
80 263 10
113 113 84
138 203 7
114 189 32
100 162 231
138 256 48
50 132 54
13 88 50
140 238 62
114 243 9
68 87 88
70 237 2
17 225 5
45 48 20
90 182 3
21 100 1
75 243 2
161 224 75
106 249 8
141 144 50
90 190 1
123 132 28
68 239 153
45 236 7
75 237 127
188 188 7
132 259 9
7 24 4
82 138 22
7 193 19
146 146 14
7 107 42
80 231 18
61 231 28
143 243 16
70 234 3
137 233 191
223 234 25
142 233 93
116 238 86
41 238 96
137 164 206
75 137 34
114 158 232
43 48 188
73 138 10
33 209 13
132 211 45
107 211 127
148 231 321
130 244 1
41 244 18
90 164 237
75 75 146
125 238 18
113 141 85
50 142 167
141 249 141
102 138 8
137 261 19
69 75 8
138 183 2
157 163 12
74 163 33
33 79 61
64 132 12
114 163 130
7 263 24
161 181 37
74 107 37
43 166 25
4 138 26
43 230 226
67 142 3
224 249 61
249 261 119
33 261 9
177 186 5
90 148 178
79 161 388
132 224 28
87 181 31
17 48 7
224 239 10
142 224 28
140 231 39
69 186 11
147 162 1
13 87 89
113 158 159
231 261 133
113 224 47
134 138 13
95 230 39
130 234 3
77 132 14
43 164 67
4 170 52
4 232 38
161 246 108
90 97 15
148 211 252
141 230 318
138 210 4
132 223 65
166 194 1
113 170 204
161 262 155
89 263 4
114 236 88
45 255 2
50 249 152
87 144 91
68 229 122
170 232 39
163 263 177
141 158 64
24 74 28
148 262 75
79 263 278
144 263 36
138 231 60
90 224 55
226 263 20
56 65 3
249 256 75
4 132 32
142 223 27
151 163 84
75 162 111
161 211 69
127 194 1
216 248 1
148 195 5
231 260 2
170 238 68
186 244 45
161 229 346
40 249 33
62 70 1
113 209 38
100 140 68
113 185 2
216 256 1
66 144 19
61 167 1
113 233 65
148 162 134
4 186 54
41 127 4
107 143 56
4 107 89
85 132 17
100 146 11
97 132 63
229 263 312
87 114 116
25 188 7
79 145 33
114 194 1
74 194 8
68 148 201
75 151 62
7 142 34
114 261 75
148 234 334
43 151 57
161 223 33
113 263 60
101 132 9
13 165 7
138 189 35
148 230 181
65 97 42
48 141 256
45 161 15
95 141 15
161 236 344
142 244 98
79 236 117
137 237 65
13 249 184
113 144 176
138 228 8
68 137 105
197 223 1
164 166 10
112 229 15
158 211 137
48 226 47
125 249 165
142 144 56
125 228 6
80 112 18
7 80 5
229 247 6
79 143 61
138 211 26
144 179 10
100 263 65
100 113 75
48 140 134
246 256 4
17 234 19
151 235 2
87 211 73
41 232 4
66 132 24
234 238 114
79 261 113
45 233 7
74 244 10
42 151 33
50 158 87
75 228 3
18 153 1
138 244 33
211 225 5
170 236 168
88 249 44
138 162 128
132 179 30
138 195 5
114 223 11
88 158 27
159 238 3
48 88 35
52 61 4
143 164 61
7 249 37
140 170 125
148 263 96
151 186 43
80 114 31
132 157 24
25 249 42
41 237 46
50 88 15
74 237 67
230 236 316
140 200 2
138 185 4
36 138 26
61 143 1
87 148 176
93 238 4
146 161 30
223 243 2
41 75 93
129 151 1
224 234 81
132 252 25
1 170 1
179 226 4
160 161 3
198 236 1
42 263 25
92 170 6
100 166 11
75 87 6
45 61 3
140 243 18
90 238 60
25 48 21
137 223 5
113 226 8
129 229 23
233 249 122
41 113 28
45 137 11
92 132 52
167 170 1
151 244 31
116 168 6
140 232 15
132 208 13
144 164 127
65 142 6
52 132 37
138 144 27
112 164 29
161 263 234
95 95 9
170 261 43
244 253 1
13 68 82
75 249 18
141 141 298
226 238 5
196 229 7
24 164 15
87 100 40
186 262 66
25 161 38
132 198 46
132 232 44
231 256 21
79 237 155
51 138 5
4 164 49
124 138 4
4 224 17
38 132 20
43 232 7
192 236 1
48 129 28
89 231 20
151 152 16
46 132 4
14 230 17
90 246 251
163 226 40
132 177 29
186 243 27
42 93 2
223 236 13
229 237 301
61 76 2
137 255 7
42 255 4
161 249 244
143 249 84
93 246 1
87 166 4
43 82 3
13 65 2
148 236 63
93 142 2
148 186 192
159 186 3
13 45 13
170 225 7
45 138 11
4 113 75
22 138 7
261 261 37
79 163 218
138 146 26
79 181 104
36 234 17
113 129 10
17 188 12
54 132 10
234 255 66
144 262 30
168 242 1
49 87 26
45 260 1
75 229 58
45 162 17
209 256 13
132 243 42
239 262 123
42 168 12
92 230 5
145 177 1
113 116 14
137 141 161
17 148 40
114 239 81
33 144 32
138 212 4
90 151 23
114 145 23
137 224 52
42 239 54
164 243 11
138 138 62
189 256 2
113 143 46
80 148 71
162 244 17
100 239 76
15 132 9
87 232 52
137 263 122
140 230 149
125 186 75
246 246 116
125 163 21
125 125 22
13 144 58
43 158 21
127 238 16
132 161 112
74 229 29
132 192 12
90 162 160
145 233 23
7 145 31
151 239 278
125 211 63
125 236 14
37 234 18
137 157 2
48 189 10
65 89 1
220 238 9
107 107 209
144 261 60
14 87 8
138 201 4
100 211 35
148 163 83
113 244 23
50 113 40
97 229 7
87 161 114
14 132 41
114 151 26
4 249 134
232 246 14
160 160 3
73 132 6
7 7 99
107 261 48
87 164 77
161 255 32
48 235 7
211 234 170
24 163 23
141 168 18
91 132 33
166 236 58
144 236 51
107 224 84
140 159 4
233 236 64
54 238 1
13 43 5
13 125 36
236 247 2
90 140 39
7 87 14
140 162 189
49 90 17
100 220 3
116 144 8
179 211 4
125 234 82
113 236 87
107 228 11
107 140 128
113 237 114
256 256 23
225 256 4
87 224 14
51 132 5
164 256 22
114 226 13
143 246 77
92 211 1
231 257 12
13 229 23
83 239 2
116 243 10
244 244 37
229 243 8
173 233 2
142 148 60
145 148 20
118 138 1
43 234 73
237 249 151
100 231 60
50 143 92
74 238 52
107 158 158
114 263 112
116 230 71
13 148 52
232 263 17
45 263 8
4 230 54
66 249 28
100 262 47
147 239 1
144 257 8
90 113 228
25 43 5
95 161 33
42 249 30
45 158 24
80 138 42
140 252 1
66 79 27
17 113 11
243 244 23
137 236 52
112 163 30
211 243 4
238 249 96
24 48 62
74 161 78
68 261 52
41 140 36
226 249 14
45 231 46
162 262 138
100 256 11
229 239 93
87 90 40
100 144 43
113 232 44
138 174 2
161 179 34
4 162 42
87 231 217
136 239 1
231 231 172
151 231 21
17 249 22
47 230 3
62 163 3
87 233 38
90 255 24
146 211 1
97 225 16
43 116 18
88 164 36
151 220 2
25 113 20
137 256 16
141 232 13
74 239 54
43 239 129
170 239 107
88 90 21
238 246 72
7 170 56
58 138 3
151 229 26
159 169 1
21 132 12
42 161 51
48 212 2
129 261 4
61 140 6
162 162 161
75 246 20
74 142 60
97 233 8
97 125 16
22 234 5
36 80 6
74 144 9
97 113 23
7 234 53
142 146 15
112 137 11
244 263 22
74 138 26
4 114 86
151 262 26
100 143 58
223 233 20
33 114 35
33 133 2
143 233 19
100 206 1
143 158 36
25 195 8
42 144 9
113 246 93
41 249 47
162 212 1
97 211 10
138 168 7
232 233 27
50 137 31
13 114 92
181 231 56
100 217 1
238 247 4
107 129 16
61 234 19
162 209 34
43 161 151
163 185 2
132 215 62
37 150 1
138 197 10
129 162 25
88 236 18
43 211 13
42 244 25
114 237 92
80 223 2
141 196 10
33 161 40
43 132 34
13 36 2
74 262 30
13 164 46
7 162 82
87 263 35
90 239 102
13 161 73
148 246 88
132 202 15
41 239 99
163 249 214
152 166 49
170 262 110
93 211 2
45 186 17
152 238 34
152 152 8
166 167 6
100 232 22
158 163 98
141 211 40
63 113 1
48 260 17
83 263 3
158 230 173
237 246 56
19 132 10
45 88 11
170 257 5
90 226 9
65 186 7
14 249 14
158 236 54
161 244 28
75 170 42
201 230 1
4 229 26
88 256 7
4 234 72
24 161 21
28 90 1
142 211 46
159 162 2
163 228 2
170 244 21
42 82 2
45 79 99
42 90 19
100 237 94
141 165 2
67 249 3
89 230 19
107 231 187
211 231 198
146 170 8
87 137 43
211 238 24
52 249 22
114 256 49
146 179 20
116 141 21
231 237 73
148 260 8
134 142 3
24 166 44
144 238 39
42 164 25
78 138 4
114 229 119
79 147 2
24 42 11
181 261 13
12 62 1
158 238 38
37 90 13
43 140 54
97 234 32
114 231 323
4 137 63
211 224 12
148 255 117
87 234 136
231 254 1
148 188 15
249 255 67
132 242 2
75 145 4
79 151 39
145 249 25
13 233 25
13 209 28
13 113 56
33 229 16
42 140 11
107 112 26
50 236 34
41 152 25
168 236 13
41 186 28
13 261 36
13 66 8
186 254 15
148 224 71
141 241 3
100 246 171
132 228 21
148 181 65
158 181 17
65 113 16
141 231 66
42 237 38
50 148 38
41 116 54
116 119 4
170 211 71
80 145 7
163 211 57
25 68 20
24 90 13
41 164 29
59 141 1
88 198 2
140 209 19
225 249 22
48 200 6
140 213 5
227 246 2
233 237 81
243 246 11
25 159 1
147 159 1
48 112 33
162 166 17
88 209 30
88 125 16
158 232 34
65 163 7
243 243 18
33 189 5
65 231 28
88 261 34
47 100 2
37 189 2
74 230 53
180 234 1
25 114 24
37 186 10
113 211 128
132 185 6
97 189 8
65 107 15
182 230 2
119 152 2
152 244 38
22 87 5
15 161 3
151 246 45
132 175 11
87 147 6
146 162 38
123 233 2
25 181 32
40 113 13
32 48 1
162 256 12
97 97 28
127 220 3
212 229 1
162 211 40
170 243 6
145 158 7
95 140 6
141 260 24
91 230 5
114 140 62
100 152 5
43 170 59
7 247 1
107 226 15
163 209 14
138 250 2
20 41 1
179 249 9
65 165 1
79 224 129
4 161 42
49 49 11
144 237 48
125 237 14
42 107 24
4 158 30
115 144 1
249 263 121
42 100 29
143 211 23
50 129 3
87 237 16
88 263 9
138 161 85
48 263 207
168 263 22
142 256 12
112 112 18
256 262 4
132 155 33
114 157 3
141 250 3
138 220 14
41 213 3
80 113 17
164 179 24
48 130 6
61 148 37
140 241 2
97 181 37
114 129 16
50 262 17
135 237 5
231 238 38
140 163 130
1 132 7
230 262 145
65 91 2
137 216 2
162 223 37
88 132 19
162 231 103
212 234 5
220 239 5
100 226 11
45 261 17
17 97 13
17 61 7
43 114 40
114 211 149
129 260 18
211 255 24
209 224 8
33 90 18
63 137 1
40 79 30
75 119 5
223 231 15
114 212 2
137 244 14
37 164 12
97 228 2
148 166 12
42 143 20
42 116 48
114 160 2
49 79 53
188 189 4
80 164 5
41 143 31
24 69 1
90 243 20
48 168 18
83 144 6
223 223 10
43 186 68
164 262 88
140 197 2
75 88 26
226 230 68
125 132 25
145 237 44
152 243 6
90 166 12
114 227 6
33 227 6
48 61 16
40 114 12
87 163 48
131 138 9
74 137 19
36 97 6
69 244 5
4 236 10
114 141 119
125 188 9
48 75 91
100 142 121
144 256 41
37 107 16
164 244 22
113 138 38
48 224 40
89 225 1
127 138 4
25 170 23
196 232 1
87 87 43
100 189 4
246 258 2
68 189 7
33 65 5
196 262 1
43 50 27
41 114 20
107 209 45
92 100 3
166 244 52
65 209 7
52 234 14
68 193 1
50 226 10
93 230 5
49 100 13
45 68 25
97 188 2
45 140 18
45 249 47
89 234 12
229 231 56
145 163 29
80 97 3
64 263 1
246 255 15
145 226 22
17 137 3
17 125 5
74 233 17
36 107 22
25 65 14
4 13 8
66 114 25
17 66 2
36 48 11
10 45 1
112 230 35
95 162 41
116 116 32
61 107 23
133 181 6
107 238 68
48 125 55
140 158 19
166 234 24
68 74 26
100 127 7
112 211 16
26 45 2
132 222 13
90 116 22
80 170 13
37 161 9
133 249 9
170 220 1
125 137 19
80 88 4
94 159 1
188 231 7
186 238 92
88 140 12
50 107 69
142 189 12
230 244 71
126 141 3
141 145 40
232 256 26
170 210 2
68 143 105
43 195 1
33 249 74
45 234 31
79 106 15
7 144 17
9 138 8
133 164 3
89 189 3
79 255 136
36 137 2
226 226 28
22 170 3
231 262 22
33 87 17
145 234 43
142 200 9
202 236 3
7 231 11
13 224 16
18 132 10
230 255 64
42 213 2
137 217 12
68 198 6
13 238 14
158 225 5
89 138 15
131 141 9
74 88 4
49 113 20
151 234 44
243 263 17
136 144 1
24 68 30
112 146 4
169 186 4
162 255 21
162 232 29
75 100 45
33 52 7
90 165 5
11 161 1
100 224 22
48 56 7
137 158 65
137 188 3
43 243 12
220 244 2
90 167 1
50 152 11
42 250 1
150 230 2
186 223 7
45 113 23
230 256 26
228 236 12
143 247 20
65 233 5
114 209 67
145 164 58
148 225 32
181 186 36
45 87 37
13 100 29
114 181 64
148 190 4
198 261 2
79 178 1
93 148 3
167 237 1
132 227 12
48 89 9
220 243 3
236 255 7
68 75 29
82 164 13
148 237 61
82 144 7
239 244 53
90 232 25
113 228 7
141 143 72
137 232 28
4 231 44
164 211 86
162 179 19
116 164 11
90 225 12
89 246 5
138 192 5
198 263 3
137 209 23
87 188 10
41 137 10
43 179 7
24 244 20
181 239 10
209 246 25
4 141 16
74 116 17
50 91 1
88 117 5
235 235 1
143 148 25
4 100 28
113 181 39
100 177 1
114 125 82
132 240 1
132 149 21
25 233 5
88 255 9
145 186 32
100 196 10
244 262 20
68 181 28
138 261 37
4 48 51
186 235 7
43 127 3
80 186 15
209 209 16
249 260 5
130 130 4
66 170 6
4 168 2
90 241 4
106 170 2
33 148 44
24 152 20
74 90 26
74 246 14
132 241 12
50 75 25
88 230 28
132 186 67
134 230 6
86 132 28
75 247 4
69 69 6
92 186 4
189 234 16
207 209 1
90 228 5
80 107 19
32 186 1
211 237 48
112 148 71
68 127 10
132 217 12
231 255 31
211 239 31
138 226 41
68 244 48
66 158 7
231 233 44
62 79 10
76 100 1
186 193 3
14 48 12
124 236 1
188 230 10
97 186 17
97 239 6
113 125 49
69 132 13
232 232 22
100 137 109
93 113 4
129 141 33
33 33 15
45 132 18
164 223 18
141 242 1
75 169 3
158 260 5
193 255 2
24 243 9
75 107 37
223 229 25
13 143 15
61 113 10
137 163 76
161 256 28
129 226 18
37 230 32
106 106 5
173 231 2
65 202 1
25 230 27
234 243 10
45 217 1
42 169 1
7 164 64
13 90 60
50 211 28
163 198 7
36 255 8
50 225 3
79 168 8
113 137 106
36 113 7
132 173 23
125 246 33
40 162 13
90 143 59
65 170 22
148 209 86
33 48 27
80 237 2
26 231 1
35 138 2
114 244 16
33 181 16
230 232 53
24 230 50
159 174 1
25 40 8
89 188 2
89 97 10
7 113 32
148 198 9
240 244 1
162 220 6
220 220 2
63 138 2
100 174 1
114 173 2
41 50 27
166 263 25
136 137 10
13 137 17
79 257 8
80 229 6
140 146 14
4 74 2
158 237 55
83 226 9
13 236 14
88 211 18
224 229 28
255 256 53
61 233 5
7 90 20
113 159 2
234 257 5
106 113 4
107 193 1
24 151 46
163 179 41
116 170 17
37 37 5
141 193 5
68 98 1
74 79 53
25 141 7
148 229 95
112 161 28
129 237 43
13 145 3
125 141 11
112 249 50
230 235 5
236 260 7
188 232 2
95 163 21
125 261 23
17 107 26
13 246 55
114 238 54
50 198 1
9 161 2
41 141 36
79 129 28
79 94 1
198 229 5
79 260 4
65 148 27
56 170 3
140 246 22
233 246 34
37 113 13
181 181 57
181 256 7
82 263 9
43 68 50
52 186 5
33 211 22
148 244 15
213 229 1
193 237 7
50 100 126
7 50 10
55 163 4
125 229 18
231 263 59
4 4 23
41 87 6
4 125 13
48 250 4
24 138 14
26 87 3
141 148 114
90 209 24
125 232 32
24 79 25
148 243 10
198 262 2
160 162 11
237 261 14
236 256 5
158 261 39
45 97 10
181 189 18
144 181 30
17 181 6
223 230 46
74 243 5
42 137 13
127 230 16
116 249 31
138 219 2
54 211 4
164 232 33
33 231 45
62 107 4
186 188 5
151 162 42
87 236 15
141 228 2
190 231 1
79 256 118
50 112 13
127 231 6
127 153 1
67 138 3
141 224 20
52 66 2
162 198 3
226 255 7
33 239 7
177 209 4
140 143 36
67 261 2
162 202 16
181 238 5
151 249 45
137 145 25
186 228 7
45 256 3
164 200 3
66 230 16
239 243 37
137 144 73
97 137 8
24 229 13
143 163 152
45 50 5
13 263 26
74 143 18
137 196 5
161 227 4
79 83 3
127 261 4
158 202 3
100 198 1
4 75 17
13 141 35
65 90 8
179 230 42
45 54 2
181 188 8
7 143 4
25 263 4
45 49 6
112 114 33
112 256 24
142 209 22
119 263 2
173 237 2
142 255 20
134 237 1
260 263 17
163 202 6
224 263 20
75 211 5
112 162 25
165 261 3
7 239 16
119 132 9
200 239 5
87 239 26
159 167 1
255 263 8
112 255 65
3 90 1
50 166 18
220 236 7
106 228 2
33 97 15
88 229 20
161 202 8
33 237 18
66 257 2
113 243 20
90 223 9
229 246 45
102 164 6
7 229 65
16 132 23
48 256 16
113 145 11
151 233 9
7 237 73
161 226 53
13 170 40
106 144 4
14 79 21
233 261 21
141 248 4
33 230 54
24 100 8
68 106 2
152 237 8
52 79 17
48 146 12
75 146 7
47 74 2
137 179 7
48 62 5
62 158 2
4 88 16
4 233 24
36 238 2
138 167 6
40 144 21
48 258 3
113 261 45
79 97 58
134 170 4
36 231 17
87 113 66
113 255 38
25 143 2
68 243 31
138 193 8
135 140 3
4 41 2
88 196 12
195 249 4
161 232 33
152 229 4
97 107 20
61 164 8
152 239 27
145 202 3
211 246 59
61 92 1
141 179 19
91 181 2
196 196 3
74 234 42
50 231 54
125 170 44
246 261 37
127 234 7
137 166 8
130 163 3
181 246 18
75 173 6
179 263 5
100 223 15
163 244 50
232 261 17
13 232 10
116 161 30
50 87 23
97 161 19
224 246 12
25 79 34
13 237 16
87 95 7
196 231 3
43 125 5
68 233 85
4 261 17
33 162 28
65 181 10
157 231 1
91 100 1
137 211 37
42 58 1
4 140 17
91 114 1
25 142 17
143 231 36
11 107 1
153 238 1
202 230 18
11 50 3
138 257 9
129 142 23
17 230 18
166 174 8
126 230 1
181 211 27
87 142 26
45 65 7
75 168 16
100 160 3
244 246 18
66 113 14
151 164 34
114 217 3
90 196 1
166 205 1
148 150 1
114 262 39
40 54 4
94 231 3
181 234 58
40 229 4
152 231 4
112 144 37
18 50 2
77 107 1
107 223 16
40 164 9
113 241 2
45 127 1
239 255 7
49 230 20
68 224 37
48 60 2
167 212 1
15 138 11
243 262 4
220 263 3
188 256 4
50 144 23
91 234 1
61 144 9
87 159 1
48 52 12
228 230 9
168 230 5
141 235 2
33 158 12
33 140 12
40 158 9
113 188 7
179 202 1
88 228 5
50 261 9
7 68 33
61 162 6
211 229 43
88 262 12
173 230 3
93 100 2
228 228 4
202 237 7
68 85 1
7 238 3
137 246 58
181 263 6
97 255 9
132 220 11
4 151 3
209 261 15
90 168 1
186 224 60
138 157 8
49 89 8
137 210 1
244 249 23
66 146 1
170 226 21
41 233 10
76 216 2
4 90 50
142 145 28
209 237 16
75 163 55
179 233 9
42 125 5
78 230 3
70 142 1
42 158 7
24 186 16
107 179 11
229 255 19
42 43 27
42 69 3
144 209 39
87 262 23
29 114 4
7 179 44
48 111 1
141 213 8
144 146 9
24 170 8
34 113 1
41 79 48
164 224 55
90 263 61
75 158 12
22 48 1
88 88 15
4 45 10
121 163 2
114 255 52
63 79 2
151 158 16
142 226 17
79 152 4
98 138 10
140 181 9
181 227 7
152 249 8
93 229 3
107 181 33
17 211 11
85 234 3
97 261 6
144 224 22
13 116 2
24 200 1
241 243 2
166 246 17
50 189 4
170 179 9
39 138 2
72 79 1
145 263 11
138 225 19
50 212 1
113 140 39
179 237 15
239 261 14
13 262 13
127 236 4
256 263 11
125 142 33
179 193 8
163 223 23
208 213 1
62 232 1
74 113 14
100 159 4
158 209 27
71 117 1
68 145 18
209 255 5
79 95 5
48 232 29
202 249 4
68 209 31
13 162 48
218 237 3
79 116 33
56 173 2
43 148 23
125 164 49
146 241 1
146 220 1
220 230 8
52 189 3
255 261 8
33 246 11
33 244 2
33 233 6
45 125 15
68 129 19
17 93 1
34 138 1
158 196 1
137 243 5
244 247 6
52 164 11
33 88 13
17 231 13
43 97 1
54 68 6
125 256 7
70 70 2
164 261 42
7 140 14
112 170 19
129 163 22
140 144 38
80 125 6
146 164 18
138 218 3
74 209 8
89 232 3
141 146 32
144 151 14
41 246 30
100 209 13
14 161 12
186 225 10
50 244 26
168 237 14
69 74 6
79 188 19
125 130 1
19 231 4
94 170 2
94 169 1
143 144 27
50 125 16
168 239 3
50 159 5
88 233 13
163 256 16
114 188 8
50 243 7
49 170 11
65 246 6
41 263 55
13 234 77
63 90 1
68 133 2
7 246 15
69 164 2
144 152 5
95 234 18
14 143 2
65 234 29
17 45 5
90 240 1
170 182 2
66 68 7
230 258 1
79 157 6
232 237 15
125 239 16
89 239 3
164 260 16
169 233 1
31 254 1
17 170 12
79 155 3
43 231 27
138 216 6
97 230 25
43 113 32
166 235 2
82 162 24
152 164 7
224 237 23
166 249 21
137 151 9
121 132 22
74 169 5
209 232 26
14 158 3
36 79 25
17 164 7
75 231 13
100 235 1
48 69 8
232 262 9
68 200 4
209 234 45
52 88 9
90 129 3
12 148 2
25 148 43
43 224 4
152 158 3
4 246 16
78 152 1
130 233 2
163 260 30
45 80 1
25 186 16
13 62 1
107 125 52
138 224 24
66 209 4
216 216 2
107 217 6
48 228 5
79 159 4
48 181 41
129 246 1
186 255 23
68 119 1
229 244 6
75 226 3
100 254 1
18 174 1
45 164 17
40 48 13
96 138 2
8 238 1
144 239 39
48 82 27
49 225 11
79 133 9
68 223 6
17 65 16
161 243 16
80 144 33
88 248 4
211 232 41
90 112 11
4 87 32
67 230 5
43 246 23
10 226 4
228 239 4
48 179 25
146 229 21
116 232 2
125 181 18
36 256 11
74 132 33
42 233 6
4 179 2
106 162 5
25 97 17
148 228 12
144 189 16
137 239 29
100 151 32
90 198 4
24 114 13
10 231 2
49 186 13
33 234 44
82 202 2
161 168 15
140 224 16
116 233 3
152 186 16
68 151 61
61 230 18
198 238 5
132 195 5
80 239 2
220 234 2
90 169 1
88 224 11
35 100 3
90 242 1
144 188 3
186 241 5
68 226 18
158 256 17
24 158 17
132 193 14
90 145 14
138 200 17
33 113 28
223 249 19
82 170 8
132 235 12
49 255 8
136 241 2
93 233 2
68 140 47
130 141 1
7 151 8
100 130 2
24 107 15
11 162 1
13 163 32
98 162 1
66 138 17
80 256 31
58 132 3
237 244 34
112 189 7
213 213 4
232 260 4
160 170 6
143 152 11
141 220 3
134 229 3
82 145 8
145 225 1
145 246 14
107 198 5
43 107 36
145 196 3
162 260 24
14 234 10
82 95 4
209 229 11
75 224 2
40 107 12
159 237 1
79 166 13
129 145 12
94 185 1
22 142 1
137 238 22
61 255 4
82 134 1
113 238 59
239 241 4
4 52 1
41 161 48
25 211 15
144 255 37
98 132 13
125 162 18
24 162 24
114 257 8
145 260 9
7 129 30
17 24 1
100 255 14
50 145 6
211 211 55
224 262 9
90 256 16
127 263 11
43 255 6
33 40 18
87 229 53
37 205 1
10 211 1
7 260 17
17 144 24
129 148 16
74 231 10
90 106 6
53 138 15
158 262 23
45 90 16
42 226 12
88 148 52
70 79 1
42 261 7
66 161 13
45 75 5
7 45 1
25 234 29
41 262 13
33 125 18
33 45 13
162 258 1
146 160 3
224 261 9
48 202 4
76 225 6
25 164 14
52 114 11
209 262 9
82 196 3
66 137 1
14 68 5
60 236 2
143 162 74
125 223 3
141 244 28
7 236 20
13 247 1
95 145 12
14 114 6
87 140 27
157 262 8
36 49 1
33 142 37
233 258 1
14 170 12
116 148 8
13 239 20
33 236 6
116 145 1
35 163 2
62 164 1
233 238 19
193 226 3
61 225 12
148 235 1
40 87 10
65 263 3
158 188 4
148 238 35
82 161 12
41 243 9
140 145 8
232 238 6
87 141 30
138 158 23
49 181 7
188 249 19
143 209 8
61 112 1
33 202 2
113 151 32
24 263 15
37 125 11
129 263 30
16 263 1
74 152 20
74 167 4
40 142 8
45 170 20
125 262 14
83 161 9
42 159 4
102 229 2
198 256 4
95 260 2
114 166 13
112 233 6
43 145 6
185 238 1
25 49 8
186 256 10
239 256 6
158 255 24
233 262 46
224 226 2
79 136 2
42 238 54
75 209 5
160 230 5
205 231 1
56 239 2
88 188 4
100 129 8
48 248 8
140 179 4
88 107 30
95 229 16
129 233 2
65 66 8
33 137 8
224 243 1
54 79 6
68 220 6
13 254 1
181 237 13
67 90 3
158 180 1
238 255 5
193 249 2
33 141 4
50 97 3
13 140 16
130 146 4
114 168 4
152 230 10
80 90 19
52 161 11
226 234 28
4 80 7
173 263 7
88 237 10
174 249 1
131 161 2
87 170 105
45 181 19
49 232 10
82 226 9
138 163 102
193 229 4
90 125 74
14 140 2
52 231 20
40 232 5
21 25 1
47 246 1
79 89 24
112 113 22
50 255 2
107 166 17
107 116 11
50 114 74
4 239 16
75 95 1
107 147 1
226 260 21
146 260 7
226 246 3
65 75 2
33 262 5
89 107 7
48 173 7
33 89 2
114 200 2
140 256 7
140 211 20
24 140 5
152 236 7
97 133 2
229 258 2
7 152 1
138 208 6
56 229 2
143 166 39
100 126 3
71 188 3
7 83 5
158 166 15
75 212 3
95 146 11
20 74 3
10 141 1
72 90 3
64 230 1
162 193 2
164 195 5
13 133 3
107 196 3
164 235 1
7 114 27
92 162 1
95 100 11
15 162 2
54 114 7
78 137 1
158 244 9
148 179 9
100 112 10
14 211 6
106 107 5
66 261 4
246 250 1
175 230 2
48 259 3
24 148 14
164 181 26
7 112 5
42 79 31
65 237 3
225 246 3
25 87 14
40 231 17
74 148 15
148 257 11
116 231 6
39 211 1
14 229 5
238 254 1
133 142 8
13 166 1
41 45 2
45 142 11
162 247 5
100 173 2
116 120 2
148 258 4
22 100 2
148 152 3
69 142 3
33 164 18
20 132 4
50 263 39
68 92 1
4 33 2
162 196 2
83 162 7
238 259 2
235 246 6
83 100 1
144 243 5
119 127 1
71 89 4
52 170 4
141 173 10
173 173 4
18 142 2
88 112 3
147 263 4
82 146 13
83 164 3
33 68 16
151 168 8
37 80 7
24 220 4
138 213 4
54 125 2
144 223 3
79 198 8
122 140 8
189 255 4
80 249 46
141 157 1
52 97 2
52 225 2
196 237 8
90 262 25
52 158 6
8 202 2
129 197 1
211 256 34
97 246 7
11 129 1
52 217 1
19 259 1
225 233 1
138 165 11
237 243 13
229 259 2
137 260 5
61 62 3
88 100 9
132 213 9
45 45 13
68 80 12
65 114 17
66 89 1
54 231 8
25 52 9
33 66 9
93 226 1
90 181 25
76 144 1
14 148 9
181 225 4
152 163 15
49 211 7
95 170 15
43 254 1
233 255 11
17 255 8
125 257 3
92 229 4
186 247 1
170 198 6
130 196 1
130 205 2
97 232 6
117 191 2
45 229 15
95 237 21
36 170 2
186 196 4
56 230 6
232 252 1
107 145 29
17 90 6
145 216 3
141 202 4
25 237 8
158 223 15
33 100 9
66 238 2
168 234 3
225 263 1
50 179 5
50 209 6
72 148 1
69 100 4
141 152 11
226 233 11
97 163 6
144 229 37
107 256 44
40 181 17
64 237 4
177 189 1
87 127 4
82 129 16
43 100 40
25 116 1
13 189 4
241 246 2
235 241 1
28 162 7
97 114 27
212 237 4
140 151 21
69 168 2
114 116 21
133 144 2
79 252 1
33 238 3
74 255 1
146 263 6
170 260 10
25 107 21
52 181 16
181 229 7
179 179 12
89 249 13
146 230 37
87 238 15
17 114 16
80 100 10
28 256 1
24 234 16
4 256 6
129 157 1
49 158 14
4 163 24
100 102 2
141 243 15
83 260 9
48 220 17
202 239 2
80 255 24
107 146 10
25 231 28
132 201 12
132 245 2
112 237 7
188 246 4
177 181 4
164 227 5
41 119 1
87 97 7
80 143 1
88 239 7
129 236 5
135 162 4
95 246 4
82 141 7
16 239 1
19 64 7
49 65 26
68 188 7
4 181 5
194 244 2
50 223 4
188 211 9
42 114 9
24 141 11
52 144 11
137 231 65
36 125 7
114 260 11
25 125 5
142 193 3
41 193 4
141 255 7
4 130 2
41 90 27
68 147 1
115 135 1
48 174 2
133 231 3
148 212 3
39 220 5
39 188 1
4 255 10
158 243 5
95 239 1
41 200 3
83 230 8
37 225 5
168 186 4
107 243 12
14 263 2
45 238 7
17 89 1
61 211 9
163 217 1
14 231 8
52 236 4
36 141 6
223 224 1
88 162 36
164 213 2
25 198 1
17 145 4
68 168 1
114 198 8
45 141 14
194 236 1
95 135 3
223 263 8
231 244 12
133 158 2
74 254 1
119 261 2
163 224 20
10 161 2
137 228 2
165 231 3
13 93 2
119 119 3
116 223 1
166 255 2
198 255 4
37 45 5
24 87 4
60 138 3
198 249 5
100 210 2
52 112 2
189 224 2
43 129 6
138 252 15
68 255 24
209 239 9
148 165 2
74 173 1
129 164 17
17 80 2
196 233 2
28 28 2
43 171 2
170 212 1
173 260 3
61 61 15
48 196 3
141 208 1
224 236 8
48 80 16
88 142 7
113 225 6
145 173 1
145 146 14
114 124 1
132 172 1
137 143 13
107 127 7
48 97 27
75 113 16
125 226 1
66 231 24
66 246 2
47 119 1
234 256 35
42 47 3
4 194 6
37 256 14
66 143 1
48 213 2
24 125 1
41 189 2
189 249 26
75 144 10
80 98 1
157 185 1
145 211 5
209 233 11
238 260 5
7 137 15
90 257 7
173 234 2
229 256 9
17 162 8
48 255 22
49 125 9
82 114 7
209 263 11
41 181 2
20 186 4
130 237 2
83 146 4
107 188 22
7 75 4
48 95 13
237 260 13
79 223 20
132 169 9
160 226 2
83 145 2
56 138 12
41 223 5
179 186 8
167 168 1
56 107 3
140 260 7
65 224 2
74 158 10
29 144 1
25 236 4
101 226 1
140 157 7
112 145 13
79 244 22
89 257 2
17 141 1
68 112 15
189 189 8
45 159 1
138 209 18
42 113 11
186 202 3
90 152 9
7 196 2
25 227 1
145 231 7
28 238 1
22 132 20
79 160 1
129 173 7
198 234 7
138 171 13
82 216 2
69 230 7
56 163 6
179 229 12
28 232 1
121 164 2
41 148 21
209 257 2
69 231 1
14 237 11
163 243 20
42 243 7
113 190 5
10 148 1
37 48 11
50 228 2
68 83 5
60 100 1
89 100 9
22 114 4
127 144 5
233 244 3
143 188 1
90 189 10
21 138 3
197 237 12
113 179 15
48 190 3
26 132 15
60 142 3
66 181 3
113 262 33
42 50 16
48 83 13
53 132 14
145 152 2
112 129 1
116 237 10
114 131 1
45 100 8
152 246 6
4 143 12
186 220 6
47 132 3
114 225 12
82 137 2
79 102 1
82 249 2
145 223 13
88 113 20
14 113 8
126 263 2
4 238 7
163 189 5
106 263 1
97 170 10
246 260 2
225 234 7
90 248 1
67 233 1
89 89 5
224 233 28
40 65 3
227 230 4
50 133 1
43 152 4
115 244 1
4 142 16
235 239 1
82 148 6
48 195 3
97 193 8
45 129 1
49 193 1
144 225 8
33 143 2
211 226 5
88 181 14
97 231 25
213 230 4
17 256 8
132 152 13
141 166 15
95 148 6
48 147 1
129 168 1
50 116 16
13 42 9
56 249 3
95 196 6
97 209 7
12 48 2
42 262 9
138 254 6
144 173 2
37 97 4
160 229 5
188 262 1
138 149 6
42 209 4
42 51 12
62 114 6
13 95 2
40 100 3
145 193 9
47 249 1
36 225 4
17 246 5
65 225 4
93 261 3
186 198 4
65 161 16
120 138 2
56 223 1
75 260 2
132 247 9
41 229 14
68 152 12
24 262 7
60 132 2
41 144 11
48 177 2
7 255 4
82 173 5
37 263 3
112 243 1
46 138 1
138 217 12
132 168 9
61 249 21
228 234 7
132 250 4
147 229 5
164 259 2
202 211 2
42 211 5
48 188 8
70 137 1
142 157 3
70 170 2
68 260 4
138 173 6
146 226 10
151 237 47
35 203 1
87 255 18
14 25 6
10 138 11
119 244 1
162 165 2
141 200 7
158 169 1
157 230 5
82 234 9
68 216 2
116 246 24
163 247 1
41 215 1
36 230 4
100 123 2
93 237 4
142 181 30
40 148 20
60 166 1
69 163 11
93 93 4
45 151 4
42 162 15
61 189 5
116 159 6
43 181 5
246 257 4
123 224 1
34 249 2
13 243 3
181 260 1
122 132 7
129 186 8
80 198 3
148 223 15
25 137 10
140 250 16
37 229 2
144 228 6
170 195 1
181 236 8
42 152 20
74 82 1
45 227 1
25 229 7
189 190 2
195 231 2
65 162 9
127 152 6
52 237 3
50 224 5
17 232 7
100 145 20
17 100 20
87 88 37
170 215 1
12 79 4
12 249 3
72 137 3
236 244 12
28 161 5
43 188 2
127 170 2
32 233 1
24 144 3
146 193 14
152 262 2
219 238 2
48 152 36
75 129 2
17 235 1
69 170 2
28 140 2
7 209 8
28 148 2
75 167 2
127 200 3
186 189 10
65 137 4
66 148 15
92 233 2
82 163 5
137 212 13
17 209 2
72 140 1
33 163 22
223 262 4
162 182 3
152 263 7
107 189 20
170 189 3
39 148 1
244 248 3
71 181 1
17 49 14
55 161 2
209 260 1
50 168 3
7 74 4
23 249 1
188 202 1
78 168 2
61 68 11
228 233 8
45 211 16
124 170 1
24 70 1
186 209 20
62 229 1
18 74 8
173 226 3
49 236 1
75 127 6
106 231 8
236 248 1
61 97 22
169 249 2
49 76 2
114 235 1
116 229 5
164 168 3
126 132 5
224 238 6
10 87 4
125 140 3
12 211 6
66 211 6
43 90 33
21 79 1
137 168 4
162 243 11
120 200 1
49 261 7
162 181 25
181 255 9
48 78 1
97 256 7
241 248 1
112 234 34
137 189 2
39 68 13
25 163 6
7 261 5
223 237 21
65 65 11
48 66 11
226 237 23
65 230 21
65 112 3
88 165 3
152 234 8
114 165 2
130 138 11
69 90 4
161 189 10
161 225 5
143 261 8
49 256 9
42 231 8
75 220 3
89 142 7
238 261 12
14 163 3
209 211 36
80 211 18
112 125 6
197 255 1
181 209 5
165 189 1
76 181 2
55 132 9
25 261 5
90 254 2
18 230 4
89 148 17
78 125 1
121 138 8
89 164 9
132 147 2
95 209 1
52 163 4
171 186 1
69 237 5
3 138 4
3 3 1
56 148 5
49 231 28
79 242 1
125 165 6
157 224 1
170 223 27
14 100 9
9 170 2
91 170 2
36 100 4
41 254 1
51 136 7
256 261 6
14 141 2
7 88 11
78 174 1
141 174 2
25 45 5
25 33 19
133 230 2
132 254 7
82 237 26
140 223 8
108 132 3
229 232 14
180 249 1
136 138 2
49 161 12
113 215 1
41 211 7
157 260 4
235 263 2
123 137 1
61 137 3
112 226 5
62 148 14
151 261 5
48 247 10
138 235 3
101 101 1
107 133 5
42 193 2
112 198 2
89 151 1
69 161 6
82 87 4
28 41 1
127 161 14
149 233 2
54 138 4
146 202 6
29 132 22
66 186 6
107 152 3
13 257 4
79 82 7
132 190 2
10 262 3
114 130 1
18 163 1
66 234 18
100 133 2
211 244 4
168 247 1
37 181 3
87 167 1
37 163 2
138 241 5
132 212 7
85 249 1
112 140 5
24 49 1
17 142 8
70 179 1
25 189 13
87 150 2
113 248 1
11 79 1
50 181 4
204 231 1
50 61 4
28 246 1
170 213 3
61 142 6
166 232 3
39 142 2
49 107 16
127 166 7
62 90 5
61 80 6
161 220 5
16 230 5
85 149 1
116 263 11
6 132 1
125 233 13
40 233 2
151 243 15
66 229 5
92 129 3
148 177 2
132 206 4
148 189 24
97 144 19
146 181 1
18 262 2
138 169 2
21 144 1
33 107 33
143 181 3
90 177 3
21 239 2
166 220 5
37 170 12
56 231 3
87 112 6
159 262 2
25 228 2
208 208 1
65 261 4
126 168 1
200 230 6
24 24 8
209 236 14
28 234 3
153 234 3
119 249 2
33 170 14
114 152 4
35 90 1
143 146 3
137 181 7
61 100 8
90 260 8
148 226 10
168 262 11
26 164 1
33 195 5
161 182 1
50 241 2
90 179 6
43 87 11
13 151 6
95 121 1
36 232 3
131 229 1
129 144 4
32 113 1
114 195 1
122 138 3
48 210 1
218 218 1
13 97 5
112 141 8
95 249 9
13 54 2
186 208 2
12 224 2
142 260 9
127 233 3
82 83 3
1 1 5
133 234 7
48 77 1
54 234 3
26 123 1
88 246 15
45 163 7
179 239 4
16 170 1
14 233 1
158 226 10
85 189 1
36 68 11
89 186 5
13 181 12
170 202 8
41 125 5
88 133 2
158 179 3
42 87 3
261 262 14
7 125 2
87 160 1
100 181 13
37 114 14
20 162 2
80 234 22
112 246 10
164 189 12
25 50 3
220 231 2
12 261 8
68 202 5
200 231 2
12 27 1
162 200 3
45 224 7
161 260 19
62 125 3
63 161 1
65 88 7
235 238 4
66 162 9
45 237 6
128 249 2
126 138 4
87 143 15
161 259 1
48 171 3
21 237 2
68 180 1
164 196 5
48 98 3
225 230 10
88 260 15
33 43 6
100 168 5
88 243 1
55 164 1
43 223 4
193 246 4
157 249 2
70 163 3
198 231 4
234 244 23
66 163 6
89 233 3
10 263 6
66 239 3
40 246 7
113 257 4
216 236 1
61 114 18
25 209 10
209 238 5
43 261 6
82 186 6
137 226 5
144 244 9
48 85 2
36 142 6
87 116 5
25 162 18
185 233 3
40 186 9
42 45 3
83 237 9
213 238 1
144 212 1
228 249 14
75 143 20
11 87 1
20 68 2
114 185 1
125 189 4
132 159 6
106 148 9
24 237 19
40 211 7
25 100 8
160 164 2
43 167 1
13 226 1
112 225 2
106 145 1
130 197 3
75 130 2
29 211 1
62 88 3
189 261 11
134 161 5
76 86 2
85 181 2
164 225 6
186 260 8
162 189 14
166 243 16
13 33 15
9 230 2
87 145 12
119 230 2
195 211 4
41 198 1
36 261 2
78 209 1
67 132 4
107 149 1
37 193 2
138 150 3
178 234 2
65 211 14
214 233 4
50 89 3
80 162 8
93 137 2
205 230 2
189 236 3
10 232 1
33 232 10
33 54 5
45 246 7
2 56 1
148 157 3
65 141 3
25 144 24
45 146 1
13 25 9
226 261 2
17 229 3
171 236 2
36 87 3
140 188 3
129 231 6
228 231 9
132 182 8
95 142 19
195 233 1
112 261 6
23 138 1
186 217 1
100 200 5
186 257 6
65 257 1
85 148 2
135 163 2
151 211 5
254 254 2
87 243 15
37 238 2
145 179 14
138 258 9
152 162 4
95 263 2
69 241 1
106 230 8
61 261 1
65 226 1
113 223 6
48 178 1
161 200 4
13 17 4
17 226 2
88 238 8
163 255 10
162 261 23
143 256 1
127 163 6
141 212 1
97 100 10
134 234 3
211 217 2
42 229 8
147 148 1
56 141 3
181 195 3
237 255 11
68 102 5
220 261 1
49 142 12
54 237 2
208 263 1
61 181 21
161 188 5
26 61 3
106 211 4
125 244 4
54 65 1
18 100 1
18 113 3
48 193 3
22 37 1
115 132 3
100 136 3
148 169 6
152 169 2
108 164 1
66 100 8
152 220 5
116 153 2
144 206 1
141 147 2
127 244 9
129 137 8
170 181 28
14 43 1
228 256 2
56 137 7
125 224 8
51 51 1
13 41 3
95 261 8
80 232 9
84 164 1
83 134 1
209 226 3
28 262 1
90 133 1
66 232 3
14 261 6
87 256 13
133 140 1
74 213 4
82 140 6
151 256 2
113 250 1
79 217 6
52 68 3
10 158 1
113 200 2
127 142 21
113 182 2
61 90 15
22 261 2
65 232 8
134 162 5
66 97 10
146 168 1
13 225 3
223 246 6
73 186 1
87 106 6
145 255 7
161 193 6
48 106 7
37 162 8
161 258 1
142 213 2
68 169 1
87 189 5
71 138 4
52 100 8
158 177 2
49 217 3
188 233 5
127 243 6
200 236 2
65 164 11
32 236 1
114 248 2
37 188 2
137 198 2
112 263 11
50 247 3
41 158 11
102 256 1
163 181 13
43 106 1
82 233 3
177 234 1
78 141 1
161 254 3
80 137 9
17 158 6
47 168 1
56 260 1
37 144 10
138 160 6
75 223 5
115 216 1
148 217 7
80 87 4
89 170 2
41 208 1
107 177 1
52 162 8
138 154 2
40 170 9
16 90 2
162 180 1
113 146 6
86 138 7
54 255 3
151 258 1
51 168 3
113 152 5
163 227 4
107 258 5
177 255 3
147 166 1
40 230 18
223 261 5
87 91 2
49 114 23
146 233 6
260 261 2
91 138 6
22 79 2
79 258 3
40 90 4
213 234 2
36 61 1
45 66 5
88 163 10
209 225 3
17 37 10
17 217 18
112 217 2
14 90 7
147 237 2
236 261 11
78 143 1
13 82 1
231 243 7
11 186 1
225 237 5
88 179 3
41 147 2
88 161 19
79 213 1
124 234 4
138 177 4
107 260 6
182 262 4
157 157 3
14 14 7
56 232 1
188 261 8
233 250 1
92 249 1
89 177 1
129 238 4
95 113 6
66 90 6
75 194 2
89 162 2
80 140 2
40 116 1
127 239 9
17 261 3
121 261 1
35 108 1
164 188 9
4 237 12
43 137 10
92 142 1
211 223 3
48 70 1
135 226 1
26 256 1
223 238 3
87 168 2
137 172 1
87 195 2
125 143 15
116 162 10
69 79 2
231 235 1
36 226 2
175 234 2
79 200 1
136 166 1
138 190 3
1 237 1
159 246 1
25 216 2
228 246 5
62 234 7
119 234 1
13 75 2
69 137 2
62 186 4
87 223 6
24 211 1
171 224 1
157 162 4
143 232 7
164 178 1
65 195 3
40 257 1
25 61 16
54 249 5
52 107 4
20 78 2
220 237 1
80 261 4
126 152 1
62 113 2
25 246 5
226 262 6
68 159 1
169 263 2
68 195 2
75 97 2
42 127 7
85 144 1
48 65 19
40 227 1
162 257 2
24 25 3
170 188 2
164 250 1
97 158 9
74 134 1
113 127 6
112 231 14
137 207 1
49 234 34
45 239 4
189 235 1
133 211 2
61 133 1
179 261 3
146 237 13
24 247 2
14 107 12
68 89 9
40 228 1
31 246 1
49 229 3
19 162 3
56 164 2
107 200 1
209 223 3
129 239 3
25 88 11
166 261 1
100 179 4
183 237 1
37 65 4
170 216 6
132 154 3
169 246 2
36 112 5
127 162 1
107 212 7
226 239 8
75 261 5
88 151 6
123 261 1
72 234 2
61 188 4
120 132 1
255 257 2
10 261 2
48 126 3
72 216 1
83 129 4
149 170 3
208 236 2
68 225 8
71 230 1
141 185 3
129 143 3
42 120 1
43 146 1
151 223 2
25 39 1
22 186 1
106 234 10
33 188 2
112 232 3
149 163 1
173 238 2
121 239 1
61 263 4
135 164 4
17 237 3
147 249 1
232 239 6
146 158 2
112 181 6
40 52 3
40 61 5
92 141 2
63 237 2
190 249 5
106 141 2
41 177 1
48 197 3
145 256 2
143 235 1
10 258 1
114 159 1
87 151 2
141 160 6
12 113 1
82 246 1
49 189 10
68 165 2
87 123 3
7 211 11
70 226 1
27 68 1
40 68 12
75 208 2
65 255 5
40 112 1
74 145 4
80 209 5
258 263 1
34 97 8
114 220 2
143 213 1
35 48 2
140 240 1
146 255 4
140 174 2
165 229 2
153 161 2
123 237 1
13 49 4
79 195 6
88 95 5
64 161 1
83 138 9
61 163 8
72 231 2
72 222 2
12 107 1
107 120 2
75 136 1
54 170 2
81 230 3
90 153 1
101 223 1
164 242 2
114 146 6
97 162 7
62 87 1
55 246 1
68 235 1
161 245 1
138 155 2
49 246 10
14 186 9
62 65 1
49 166 2
158 167 1
80 158 4
157 237 2
13 228 5
48 157 7
112 157 2
14 246 2
126 261 3
179 234 11
79 85 1
75 248 2
51 212 1
43 56 1
163 250 2
17 161 10
188 239 3
66 142 4
79 93 2
49 164 16
239 242 2
190 230 2
97 164 9
90 173 2
37 211 6
69 151 1
26 100 1
119 138 5
112 158 7
40 237 6
37 260 1
40 50 2
48 165 3
208 243 1
212 236 7
61 66 1
10 230 5
61 256 3
4 226 2
48 169 1
49 228 2
16 186 2
138 215 3
85 138 3
174 239 1
137 173 1
13 152 1
151 232 3
145 236 7
34 132 1
127 136 1
138 248 2
18 238 1
52 113 13
162 168 10
177 211 4
186 195 6
174 234 1
100 257 3
32 234 2
217 255 3
171 211 1
97 141 5
36 114 6
97 142 16
146 223 14
41 65 2
140 220 1
12 158 1
62 68 3
189 257 3
164 175 1
80 141 2
93 138 3
112 239 9
61 87 15
112 209 3
132 136 11
68 157 4
95 231 2
116 261 3
76 141 1
141 216 2
88 208 1
68 228 5
4 94 1
53 263 1
4 37 2
28 145 3
48 133 3
75 202 1
176 186 1
4 262 4
31 237 1
25 89 7
74 232 6
159 168 2
11 138 3
36 211 7
211 257 2
74 97 2
68 95 4
14 138 11
37 249 19
142 190 3
80 163 11
152 168 4
140 198 2
141 182 2
235 249 1
65 125 4
147 230 1
25 243 2
65 158 7
146 236 3
13 195 1
47 237 1
80 161 13
142 247 1
88 149 2
14 164 8
83 255 2
127 249 8
62 249 7
196 230 8
177 231 2
116 255 2
247 247 3
66 237 2
45 145 2
100 193 3
41 168 6
45 225 1
7 158 8
100 202 4
115 230 1
79 226 21
7 92 3
95 124 1
124 252 1
162 259 4
108 249 1
18 161 1
79 92 2
42 170 24
233 235 1
39 219 1
121 231 1
90 155 1
66 87 3
63 170 1
37 239 2
65 116 1
158 189 3
8 8 2
143 145 3
49 233 5
80 233 4
8 186 1
48 216 5
113 149 1
40 49 3
193 225 1
140 189 2
69 107 1
129 211 2
39 100 4
32 152 1
162 173 4
85 231 5
123 148 1
112 142 16
17 238 2
188 243 2
13 255 12
143 226 5
35 148 1
33 36 1
143 252 1
208 234 2
113 189 17
141 189 1
133 138 6
48 241 2
66 189 2
224 232 7
189 237 2
88 157 3
17 143 2
10 215 1
106 239 1
25 76 1
97 237 3
48 222 1
98 170 2
134 141 1
25 66 5
41 88 4
237 257 1
50 95 3
89 113 7
7 97 1
198 230 9
45 190 2
22 231 3
11 132 14
170 227 1
53 164 1
49 162 1
50 136 2
17 236 1
61 226 1
24 113 7
88 143 4
121 234 1
212 249 1
225 244 1
48 156 1
125 145 1
26 67 1
79 174 2
71 148 2
36 233 2
122 246 1
37 255 11
89 236 1
230 259 3
14 255 2
25 238 2
48 128 2
141 181 3
95 130 2
74 220 1
181 257 5
45 189 2
216 239 1
18 90 1
127 262 4
129 232 3
37 87 2
7 14 1
112 250 1
53 250 1
106 189 2
228 229 4
66 125 3
41 81 1
53 53 1
95 164 9
45 112 2
70 186 2
227 228 1
227 255 2
49 237 4
87 152 1
69 236 5
198 217 1
164 198 3
36 89 2
61 239 3
112 160 1
49 141 3
252 261 1
13 52 4
14 33 1
87 228 2
81 168 1
79 165 6
69 152 2
48 93 2
7 13 2
6 6 2
116 262 6
4 43 5
22 107 1
82 107 3
45 52 6
208 252 1
11 48 1
68 173 4
77 144 1
18 88 1
130 161 2
49 66 3
143 179 1
91 225 2
4 66 2
13 61 1
108 263 1
7 106 1
7 262 8
198 246 3
160 186 4
247 263 4
35 144 1
33 106 2
90 95 8
40 106 1
113 167 1
148 247 1
82 261 3
225 231 8
65 68 9
137 241 2
75 232 8
177 249 2
158 198 2
12 33 2
178 231 1
54 112 1
14 239 1
26 107 1
209 244 1
148 248 3
133 186 3
81 81 1
93 170 3
43 201 1
93 145 2
144 145 12
141 159 3
79 210 2
56 68 2
86 86 1
67 89 1
16 141 2
47 231 1
24 145 1
25 54 2
91 249 1
170 228 4
66 129 1
145 192 1
226 256 2
43 131 1
25 158 10
74 247 4
98 113 1
91 189 1
79 190 3
236 242 2
33 50 6
168 229 2
142 183 2
35 61 1
35 246 1
137 146 5
33 223 1
74 212 5
28 141 2
235 237 3
14 144 7
169 169 2
78 146 1
13 71 1
22 229 2
119 151 1
127 137 2
40 239 2
107 168 2
127 224 2
49 137 2
36 162 8
14 162 5
69 162 3
48 225 9
69 232 1
87 244 6
32 100 1
4 217 1
164 202 2
182 236 3
236 241 1
146 215 1
127 228 1
34 140 1
48 119 2
167 167 1
4 49 3
56 202 7
249 258 1
66 88 2
68 179 5
85 255 1
142 198 4
140 168 3
145 189 2
142 178 2
157 170 4
24 137 5
148 216 2
141 188 2
75 241 2
166 248 2
21 48 1
228 237 5
69 248 1
51 142 1
61 158 8
80 258 1
159 261 1
78 136 1
18 233 1
13 39 2
202 233 2
79 254 2
7 65 2
66 233 3
138 182 2
83 236 2
119 169 1
137 202 4
138 178 5
112 238 2
17 112 3
4 42 2
61 152 2
157 229 2
182 239 1
26 163 1
148 173 5
143 224 4
37 137 2
94 141 1
50 67 2
114 228 7
72 186 6
136 247 1
41 261 7
142 225 2
143 227 1
224 231 13
158 257 3
147 261 1
129 167 1
159 236 2
157 164 3
36 37 2
148 196 2
1 163 1
114 119 1
49 106 1
89 205 1
49 263 2
80 83 1
192 226 1
37 61 5
160 256 1
123 186 3
249 257 7
217 260 2
75 174 3
7 40 1
151 255 2
106 236 1
14 224 1
213 233 1
35 140 3
219 230 1
48 218 1
141 261 9
119 237 2
95 129 1
45 192 1
40 40 3
55 137 1
61 125 4
25 151 1
113 212 9
66 164 4
193 202 3
74 181 2
180 246 1
141 167 2
170 173 2
166 233 3
106 158 4
196 263 1
13 244 6
157 186 1
168 238 2
4 25 3
50 256 4
63 225 1
153 220 2
45 262 9
107 121 1
79 202 4
76 203 1
107 185 2
82 90 3
84 132 1
51 174 8
166 170 7
40 45 5
133 228 1
62 230 4
1 231 2
240 256 1
17 166 1
146 209 1
145 239 5
13 89 3
11 230 4
49 224 1
85 114 3
127 179 1
158 160 1
52 148 18
89 141 2
12 13 5
75 157 1
75 197 2
48 198 5
37 232 3
170 196 6
40 189 2
19 142 1
48 117 1
134 211 1
90 128 1
82 142 4
14 151 2
124 144 1
127 232 1
85 164 2
162 228 2
49 143 2
106 142 5
42 259 2
64 209 3
82 89 1
14 31 1
60 161 2
50 52 3
14 227 1
146 148 5
65 229 3
179 236 4
82 117 1
157 256 3
136 220 1
142 167 1
52 230 8
40 195 12
216 232 1
52 140 3
151 189 2
66 80 2
54 256 1
164 215 3
114 222 1
181 262 3
92 238 1
133 163 1
158 182 1
143 223 3
79 212 1
29 107 1
48 71 1
98 146 1
106 125 1
14 142 6
36 186 7
161 195 2
61 117 1
32 51 1
167 196 1
25 232 5
133 148 2
97 238 3
94 138 2
174 263 2
25 37 2
75 82 2
174 200 1
52 239 1
54 164 2
61 246 9
94 234 1
69 247 2
38 166 1
92 121 1
202 242 1
142 257 3
18 237 1
107 128 1
107 242 3
10 186 2
141 227 1
55 107 1
80 225 3
148 202 1
126 237 1
147 234 1
66 107 6
164 201 1
106 186 3
189 211 9
95 143 3
212 233 1
215 252 1
234 241 3
130 231 3
52 142 4
52 195 2
225 232 3
17 239 1
5 132 1
4 223 3
83 196 2
100 228 4
24 223 2
219 244 2
146 249 6
83 193 2
43 45 1
79 127 8
26 111 1
102 237 2
43 80 2
168 244 2
157 179 2
130 229 2
10 229 1
127 237 3
49 177 1
49 151 2
88 189 8
25 255 7
19 138 6
55 230 2
101 138 2
116 129 1
168 254 9
120 143 1
119 142 2
62 231 7
106 246 3
250 263 3
223 239 3
88 97 3
162 169 1
87 226 2
223 255 4
107 136 2
25 63 1
166 168 5
37 177 1
127 127 4
35 181 1
48 55 2
144 157 1
84 234 2
93 236 2
4 112 2
163 177 1
39 236 1
70 262 1
87 193 1
25 145 2
76 79 2
41 97 1
10 43 2
186 259 2
135 142 2
174 174 1
19 101 1
9 68 1
197 216 1
142 149 2
116 250 2
250 250 1
66 193 1
7 25 1
79 126 1
163 197 3
88 220 3
260 262 2
37 41 1
24 120 1
79 173 2
197 197 2
95 186 6
17 177 2
157 192 1
93 161 4
69 167 1
37 237 2
68 182 1
69 138 13
100 155 2
137 254 1
248 261 1
26 228 1
83 140 1
92 260 1
42 205 5
102 230 4
215 231 2
74 223 3
157 161 4
56 162 1
140 259 1
127 148 5
10 113 1
79 196 2
198 237 4
127 246 3
116 209 2
134 238 2
87 179 1
7 225 3
56 244 1
116 126 5
239 260 2
120 166 1
146 196 3
130 162 3
35 165 1
82 193 5
140 248 1
130 193 2
28 146 3
67 107 2
131 146 1
227 233 1
87 165 2
36 65 1
95 193 5
152 161 8
193 196 4
95 114 4
17 263 3
150 234 1
241 241 1
123 125 1
191 191 4
74 211 5
186 201 2
45 226 3
113 198 2
13 200 1
116 127 6
138 259 2
186 190 2
39 233 5
129 193 3
52 87 7
28 143 1
70 141 1
247 254 1
14 181 3
41 220 2
130 232 1
34 65 3
28 193 2
217 262 1
80 216 1
236 243 11
47 140 22
140 169 1
137 152 1
247 262 3
127 229 2
148 159 1
163 195 1
40 256 1
136 148 1
135 161 2
4 61 3
81 132 1
78 244 2
83 170 4
83 234 3
145 209 4
1 48 1
1 138 2
3 234 2
75 185 3
217 261 1
90 227 2
87 220 2
89 224 1
42 167 3
61 237 3
76 129 1
50 227 8
127 158 1
114 193 2
131 196 1
25 75 1
164 165 1
162 183 1
89 163 2
4 12 1
138 191 4
131 193 1
134 193 1
146 173 1
170 197 7
145 181 2
86 216 1
8 223 1
142 188 4
137 257 2
127 241 2
159 234 1
166 173 1
95 211 1
54 144 3
125 225 5
22 22 3
11 261 3
219 239 1
79 135 2
93 164 3
129 146 13
28 129 2
40 209 3
10 234 3
197 230 1
90 122 1
4 159 1
43 189 1
123 209 3
94 168 1
63 102 1
52 52 3
234 260 8
12 186 2
18 215 1
28 224 1
170 247 2
25 133 2
75 93 2
69 238 4
69 169 2
170 185 4
83 83 3
166 209 1
100 165 6
98 161 1
169 170 1
87 257 1
52 255 1
49 124 1
144 195 1
52 90 8
127 211 2
165 263 1
12 61 1
33 263 5
22 113 2
82 236 2
165 233 2
129 244 3
14 37 1
155 162 1
67 170 2
80 151 1
28 237 2
250 262 1
48 92 1
14 88 5
45 172 2
89 209 2
98 142 1
121 246 1
65 238 1
21 88 2
200 200 1
127 128 1
42 88 2
56 129 1
49 239 2
182 246 1
108 209 1
140 193 3
75 244 8
124 216 1
74 119 3
134 233 3
135 170 4
150 162 1
119 233 1
55 138 4
228 263 5
48 94 1
69 158 2
127 164 6
114 127 9
21 22 1
54 186 2
13 14 5
41 231 10
157 226 3
189 246 2
81 234 1
92 107 2
28 43 2
97 224 1
75 78 2
174 259 1
52 261 3
68 213 1
93 144 1
113 133 3
129 223 4
114 133 6
65 262 3
68 241 4
82 198 2
89 237 3
215 262 2
193 260 1
164 228 4
236 250 2
87 258 1
64 138 6
32 138 1
45 74 1
193 230 4
146 197 1
29 237 1
83 229 3
134 236 2
148 167 1
40 261 2
12 231 7
140 244 7
211 228 2
89 125 2
54 209 3
16 223 1
130 216 1
12 90 2
223 226 4
89 261 3
140 255 2
142 196 1
106 164 4
45 152 2
152 233 1
12 230 3
69 140 1
130 263 1
36 237 2
168 169 2
124 162 1
166 262 13
93 152 1
181 232 3
224 255 2
82 239 4
45 243 1
233 256 8
9 229 1
17 76 4
163 196 3
33 256 1
125 243 4
152 182 1
87 196 1
36 145 3
60 126 1
78 235 1
125 151 4
225 229 2
22 165 1
93 107 3
142 250 1
47 79 1
167 235 1
79 227 2
169 239 1
186 192 2
88 127 2
40 236 1
17 25 8
36 164 8
29 158 1
142 147 1
182 229 1
40 125 5
133 226 1
45 143 3
185 229 2
170 250 5
40 163 6
162 241 1
17 186 11
91 148 1
141 256 2
42 235 3
24 226 2
143 168 1
74 182 2
101 170 1
20 127 1
48 135 2
43 112 3
161 228 5
188 225 4
73 92 1
163 216 3
62 144 6
13 196 1
107 225 3
120 164 1
37 68 4
161 196 6
119 143 1
142 182 1
37 88 9
181 190 1
161 185 2
76 91 1
80 193 1
230 241 3
163 168 2
192 231 1
20 138 1
102 233 2
61 229 1
101 209 4
37 158 2
132 183 6
150 150 1
50 127 3
50 83 3
28 48 2
164 197 3
196 249 1
47 151 1
57 230 1
78 163 1
92 161 2
127 143 5
12 125 2
140 178 1
61 198 1
113 227 2
10 233 1
141 247 3
52 211 1
64 68 1
164 185 1
4 189 3
82 158 2
97 112 3
25 140 1
79 193 2
52 262 2
210 234 1
35 68 1
74 179 1
74 125 2
61 65 8
74 235 4
185 213 2
142 165 1
51 162 1
80 129 1
52 256 1
18 186 5
106 181 6
77 177 1
62 211 3
33 185 1
13 74 1
129 212 2
189 225 1
65 189 2
69 234 2
131 170 1
237 254 3
56 146 5
56 98 1
142 259 1
90 235 2
142 228 2
126 142 1
51 161 1
98 98 1
137 185 1
112 121 2
107 257 4
20 163 1
148 215 1
72 72 1
83 114 1
123 234 2
175 233 1
25 257 2
140 202 5
48 109 1
79 247 1
236 257 3
147 161 1
183 231 1
234 248 2
73 141 1
166 223 4
200 237 1
68 69 1
188 234 5
75 193 1
161 201 5
35 79 2
73 100 1
237 252 2
64 226 1
24 188 1
91 161 3
95 107 8
146 261 3
57 132 3
162 175 1
224 256 2
1 161 1
67 164 3
178 237 1
182 263 2
134 134 2
134 263 2
193 254 1
17 74 1
37 49 1
25 166 1
125 166 2
41 69 2
49 257 1
171 237 2
106 261 3
80 217 1
166 188 2
40 88 5
159 239 1
50 188 2
21 33 1
36 209 1
56 113 2
163 208 2
140 217 1
26 230 2
80 157 3
39 97 1
25 177 2
49 75 2
123 164 3
165 249 5
108 231 2
134 137 3
49 61 8
177 225 3
91 233 3
39 226 2
42 145 3
194 239 1
97 195 1
7 33 2
107 157 2
140 235 2
65 134 1
114 126 1
161 208 3
49 88 8
193 239 2
151 216 1
135 244 1
132 156 1
145 238 1
62 141 1
161 173 2
95 137 4
123 138 3
65 236 1
144 258 1
107 190 2
134 151 1
89 158 8
17 223 1
81 162 1
107 202 2
42 232 6
42 128 1
7 61 2
48 134 3
45 116 2
68 208 1
13 40 3
82 143 2
66 140 2
144 159 1
179 209 5
179 246 2
233 260 3
52 246 3
41 209 4
28 79 1
13 188 4
107 240 1
254 263 1
82 160 1
79 91 1
202 226 1
92 246 1
106 209 1
22 249 2
107 160 1
54 145 1
146 256 1
25 262 2
3 24 5
80 189 2
28 231 2
9 234 3
24 231 2
43 93 1
25 256 3
90 258 1
138 221 1
43 260 3
49 145 1
49 163 4
37 160 1
177 230 3
144 218 1
9 162 1
55 65 1
43 61 2
56 95 2
17 233 3
78 246 2
62 161 5
161 242 2
117 163 1
28 166 2
50 130 1
100 134 1
60 75 2
55 79 2
54 230 2
12 143 1
65 168 1
130 230 1
141 225 3
74 93 2
208 230 2
10 42 1
244 261 2
93 166 1
18 143 1
170 177 2
107 135 1
145 261 3
75 134 1
87 146 2
13 121 1
113 260 2
41 130 1
195 230 3
97 140 2
129 179 5
54 87 3
213 263 2
129 249 6
28 229 3
112 262 1
11 142 1
75 112 1
100 169 1
48 219 1
68 183 1
84 230 1
197 263 1
4 50 4
52 209 1
190 234 1
18 239 1
162 215 1
202 234 2
157 211 2
152 200 2
151 242 3
164 208 1
78 151 1
72 225 1
1 230 1
13 157 1
25 121 1
198 239 1
188 255 1
4 36 1
22 144 1
74 250 1
213 250 1
73 142 1
4 97 1
243 261 2
75 191 1
61 72 3
21 230 1
211 227 3
41 95 1
7 181 4
213 244 5
100 219 1
36 229 5
179 262 3
69 263 4
33 61 2
74 78 1
116 235 1
130 135 1
48 108 1
41 224 1
143 257 1
119 246 2
142 168 4
40 151 1
50 117 1
164 217 2
170 217 2
46 231 1
28 230 7
235 244 4
81 208 1
67 234 2
151 179 2
83 232 1
22 230 3
151 200 3
189 233 1
43 160 1
35 249 1
188 195 1
120 239 1
141 254 2
208 237 2
60 162 1
61 232 2
45 198 1
36 198 1
181 210 1
223 256 1
130 186 3
129 255 4
200 263 1
177 229 1
17 189 4
43 209 1
107 130 1
10 164 1
100 192 1
25 80 2
62 233 1
92 254 1
29 138 1
168 231 3
113 220 1
149 255 1
61 209 3
36 163 3
211 241 1
132 221 2
66 66 3
215 215 3
76 87 1
164 248 1
60 168 1
36 152 1
234 247 2
225 255 4
36 217 1
94 209 1
232 258 1
68 71 1
76 114 1
87 157 2
46 75 1
168 168 3
58 163 1
16 45 1
100 216 2
83 249 2
60 107 2
43 196 1
42 181 2
128 138 3
39 43 1
36 190 1
10 10 2
82 112 1
74 147 1
158 228 2
119 158 1
113 202 2
165 186 1
165 234 2
37 50 2
38 38 1
142 219 1
26 113 1
230 248 2
161 207 1
64 186 1
121 170 2
203 230 1
22 148 3
102 163 1
166 219 3
147 147 1
93 232 3
119 254 1
119 243 1
28 163 2
89 90 5
92 148 1
134 216 1
217 225 2
41 255 1
100 212 3
152 209 1
144 208 1
242 262 1
13 198 1
47 75 1
65 140 3
95 144 4
33 49 2
4 40 1
235 243 2
153 244 1
9 186 2
119 140 2
93 263 1
227 234 1
24 233 4
51 234 3
186 213 1
70 229 1
40 255 3
50 220 3
173 186 1
10 75 1
93 127 1
4 24 2
158 245 1
14 137 2
18 236 1
94 148 1
33 255 3
21 142 2
138 240 1
185 236 1
7 53 1
87 222 21
37 167 1
169 262 1
70 100 2
68 146 7
191 201 1
133 143 1
177 232 7
126 236 2
25 244 1
232 247 1
123 229 4
74 200 1
123 161 2
93 143 2
4 106 1
116 254 1
25 106 2
17 163 1
37 195 1
54 148 4
71 256 1
7 256 2
54 162 1
4 198 1
39 234 4
50 126 1
87 247 1
37 217 3
42 97 1
54 229 1
14 66 2
65 228 1
127 168 1
30 132 2
133 170 2
39 186 1
14 195 1
143 228 1
70 114 2
162 177 2
97 257 3
155 211 1
232 236 4
48 120 1
68 227 2
60 243 1
40 141 1
55 247 1
32 166 1
232 244 4
171 230 4
18 249 2
109 132 2
80 130 2
4 7 4
227 256 1
35 39 2
68 82 1
257 257 4
74 76 1
152 247 1
12 181 1
219 219 1
89 95 1
72 237 1
138 153 1
68 176 1
93 249 1
60 78 1
198 211 2
186 227 2
18 235 1
98 234 1
45 228 1
62 255 2
37 76 3
76 76 3
31 186 1
42 248 1
78 237 1
74 261 3
63 72 1
226 236 6
148 193 1
130 166 1
80 260 2
140 152 3
130 137 1
157 234 1
148 213 2
143 171 1
119 166 1
43 95 1
162 190 1
140 149 1
28 170 3
159 159 3
76 89 2
100 182 2
92 234 2
213 236 3
160 173 1
76 234 1
97 177 5
93 244 2
17 36 1
45 179 1
17 52 1
151 165 1
49 80 3
71 189 1
143 185 1
91 155 1
85 186 2
16 16 1
51 237 4
12 144 2
80 226 1
83 211 1
93 140 2
189 229 2
135 236 1
39 52 1
74 183 1
202 202 3
170 174 1
157 158 1
237 247 2
41 167 1
125 168 1
73 234 2
234 252 1
82 113 1
11 22 1
76 107 1
123 162 1
158 200 1
146 246 2
174 244 1
79 197 3
40 226 1
146 234 8
144 217 1
144 198 2
75 200 1
33 129 1
36 157 1
48 123 2
212 230 2
121 186 11
40 97 5
181 208 1
54 158 3
208 218 1
36 246 2
129 241 1
166 224 2
10 238 1
10 218 1
50 119 1
56 209 1
142 177 2
33 80 2
137 190 1
182 186 1
129 256 2
33 37 1
48 187 1
129 196 1
3 186 2
126 161 1
138 180 2
125 213 1
41 89 1
135 186 2
90 160 1
41 240 1
62 100 2
181 224 2
77 188 1
147 244 1
198 198 3
165 165 2
164 173 3
42 146 1
163 194 2
142 173 1
28 113 1
112 260 1
147 231 1
100 180 1
112 244 1
144 226 1
225 261 3
42 119 2
80 257 1
74 224 1
13 130 1
235 247 1
134 223 1
37 233 1
21 231 2
235 236 2
33 112 2
170 175 1
155 231 2
126 164 1
34 79 1
34 256 2
220 247 1
47 116 1
146 239 2
217 249 2
163 257 5
37 142 3
93 186 2
83 186 2
181 243 2
56 196 1
134 148 1
130 148 1
141 259 1
63 261 2
28 164 1
89 91 1
177 261 1
177 177 1
24 93 1
10 236 2
162 216 1
43 220 1
36 36 2
238 241 1
13 37 1
13 134 1
131 186 1
75 215 1
56 79 2
63 63 1
87 108 1
81 138 1
7 257 2
95 134 1
36 161 6
216 230 2
1 142 1
48 153 1
32 262 1
45 188 2
17 198 1
106 190 1
65 256 5
143 193 1
35 37 1
14 238 1
179 192 1
174 241 1
77 230 1
138 205 3
200 209 1
151 213 1
70 82 1
40 260 1
100 241 2
166 211 1
230 247 2
12 50 2
82 244 1
185 254 1
76 261 1
3 140 2
62 80 1
148 168 1
86 234 2
11 210 1
62 62 3
7 70 1
12 163 1
90 220 2
63 258 1
205 236 1
67 68 1
94 162 1
114 258 1
163 220 4
71 91 1
116 169 2
35 177 1
64 79 1
83 163 5
22 137 1
130 145 1
91 140 13
153 230 1
26 138 5
162 197 2
162 174 1
89 168 1
61 195 1
113 165 1
69 262 1
131 197 1
85 100 1
66 95 1
39 75 2
87 260 1
203 203 1
240 259 1
4 17 1
146 216 2
237 258 1
142 160 1
7 56 2
48 58 1
100 106 2
75 126 1
164 219 2
153 166 2
137 160 2
26 225 1
28 233 1
106 150 1
219 237 1
114 134 2
22 233 2
21 162 3
135 230 5
159 244 1
145 157 1
135 229 1
35 231 1
25 62 2
14 26 1
49 165 1
47 137 1
52 137 1
159 166 1
208 239 1
117 230 1
53 203 1
3 151 2
42 153 1
89 144 1
94 232 2
161 235 2
171 234 1
82 102 1
189 232 1
69 166 4
227 261 1
164 258 2
41 235 1
78 142 1
149 234 1
41 94 1
25 190 1
52 141 1
62 246 4
61 190 1
16 161 1
132 174 3
33 226 1
107 241 1
79 235 1
97 198 1
68 257 3
43 177 1
56 83 2
136 244 1
7 136 1
89 211 3
54 107 3
145 243 1
130 215 2
155 229 1
28 50 1
13 16 1
50 153 1
88 200 1
225 262 1
65 95 2
71 232 1
151 248 1
87 202 1
162 245 1
133 137 1
98 164 2
139 170 1
149 149 1
98 144 1
128 239 1
143 220 2
124 230 1
71 246 1
39 168 1
185 262 1
96 164 1
82 125 1
62 137 2
25 239 3
10 107 2
186 197 1
114 190 3
49 112 1
26 140 1
146 262 1
48 136 1
7 34 1
97 220 1
21 164 1
12 114 1
163 188 1
68 242 1
179 231 1
78 170 2
62 181 5
106 255 2
119 239 1
239 247 1
100 188 3
39 41 1
100 197 2
230 250 1
78 234 1
188 217 1
146 231 1
158 190 1
136 140 2
16 261 1
169 244 2
93 121 1
210 241 1
52 65 1
39 49 1
79 241 1
170 208 1
47 94 1
93 141 1
241 244 1
119 159 1
97 244 1
161 250 1
248 263 3
50 260 1
137 251 1
10 97 1
45 62 1
88 244 4
33 224 1
26 186 1
25 85 2
14 228 1
136 169 1
11 114 2
13 47 1
61 177 2
13 210 2
107 195 2
62 188 2
26 50 1
69 229 1
40 75 2
97 168 1
48 160 1
54 263 1
3 168 2
198 209 1
14 125 2
88 123 1
48 227 2
97 262 2
66 255 3
43 133 1
158 216 1
74 174 1
69 141 4
32 163 2
149 230 2
37 145 1
40 66 1
10 48 1
53 141 1
56 161 1
186 242 2
123 151 1
216 234 2
113 123 2
55 249 3
139 229 1
36 239 1
9 114 1
134 146 1
165 237 1
131 163 11
88 168 2
160 237 2
229 235 10
22 161 1
131 131 1
40 80 2
16 196 1
52 188 1
115 170 1
22 211 1
215 237 1
113 130 4
114 149 1
214 231 1
112 166 1
202 231 2
200 238 3
32 143 2
39 50 2
152 235 1
138 207 2
177 233 1
193 216 1
174 238 2
155 209 1
155 161 1
200 244 1
21 181 1
13 80 1
54 97 2
21 68 1
82 209 2
114 202 2
116 158 2
82 223 2
4 65 4
7 38 1
28 134 1
116 167 1
224 258 1
13 179 1
143 147 1
114 121 1
56 114 1
140 177 1
152 241 1
20 236 1
124 155 1
76 77 2
70 88 1
9 70 1
113 174 1
191 230 1
20 59 1
222 234 1
119 161 1
239 251 1
24 127 1
50 106 1
62 140 2
161 180 1
95 96 1
189 209 1
127 186 6
32 148 1
118 158 1
143 159 1
98 231 1
24 182 1
50 202 1
69 143 1
133 189 1
39 164 1
124 158 1
144 193 1
31 151 1
18 234 4
169 230 2
82 151 1
36 90 2
162 208 2
160 198 1
185 186 1
78 79 1
31 141 1
210 246 1
4 95 1
24 60 2
24 159 1
106 229 1
81 161 1
195 246 3
202 261 2
133 257 2
183 230 1
36 66 1
31 138 1
190 255 1
37 261 2
233 243 1
43 52 1
72 228 1
68 78 1
97 263 2
133 209 1
17 191 1
74 126 4
173 229 2
13 29 1
114 221 1
7 157 1
143 250 1
74 80 1
119 141 1
120 263 1
159 231 1
29 164 1
143 255 2
97 134 2
8 148 1
1 186 1
145 151 2
114 175 1
225 226 6
163 235 1
191 234 1
5 13 1
48 76 2
80 236 1
83 262 1
7 42 2
64 65 1
3 132 2
7 95 1
129 198 1
168 246 1
119 262 1
79 124 1
66 263 1
78 107 1
79 177 2
167 230 1
12 170 1
6 209 1
125 220 1
7 17 2
109 234 1
159 164 4
88 257 1
12 138 1
190 236 1
85 141 1
157 263 1
185 263 1
163 241 1
100 213 1
49 108 1
114 214 1
45 89 1
134 249 1
37 112 2
82 250 1
64 164 1
73 237 1
68 252 1
114 196 1
25 117 1
85 161 1
163 193 1
16 142 1
18 130 2
34 144 1
144 260 1
186 200 2
186 218 1
88 223 1
92 144 1
164 216 1
76 230 3
66 215 1
137 180 1
135 261 1
167 181 1
134 164 1
116 136 1
34 148 2
65 200 1
16 68 3
126 137 1
130 236 1
22 158 1
28 82 2
49 188 2
10 170 2
54 181 1
75 256 1
40 43 1
13 206 1
67 113 3
106 224 1
66 225 1
164 241 2
102 209 1
21 249 1
13 220 1
133 256 1
85 246 2
76 231 1
18 263 1
37 151 1
184 237 1
24 102 1
12 246 2
77 236 6
120 162 1
255 262 1
202 260 2
118 148 1
41 121 1
15 255 1
129 158 1
102 148 1
142 210 2
41 47 1
179 228 1
181 244 1
28 114 2
49 238 1
12 137 2
112 223 2
74 196 1
39 230 3
80 173 1
3 230 1
82 179 1
144 242 1
132 153 2
29 45 1
108 238 1
161 217 1
151 193 2
136 238 2
50 196 1
7 243 1
17 88 1
4 145 1
12 40 1
119 186 1
140 242 1
62 224 1
146 247 1
166 179 1
136 234 1
7 227 1
111 163 1
65 145 1
107 176 1
54 88 1
168 170 3
151 260 2
243 247 1
46 164 1
126 229 1
3 4 1
7 252 1
45 166 1
71 205 2
29 186 2
145 224 1
83 202 1
89 238 1
107 220 2
113 193 1
97 167 1
22 40 1
17 140 3
197 236 2
54 100 1
50 174 1
126 212 1
126 252 1
49 62 1
143 173 4
87 207 1
87 117 1
64 148 1
230 257 6
52 125 1
71 80 1
173 246 1
20 174 1
127 255 1
14 65 1
160 163 2
43 58 1
121 236 1
81 254 1
51 76 1
76 113 1
24 88 2
22 50 2
137 245 1
140 196 1
149 211 1
145 232 1
93 209 1
10 100 1
56 237 2
161 165 2
58 168 1
49 71 1
125 129 1
12 68 1
21 165 1
80 224 3
87 248 1
126 163 1
97 119 1
11 249 1
183 249 1
4 243 2
107 134 1
11 25 1
80 160 1
43 88 2
248 262 1
133 133 4
174 186 2
116 137 1
61 77 1
62 97 4
173 236 1
67 100 1
70 173 1
158 173 1
126 226 1
47 213 1
50 250 1
72 263 1
80 93 1
12 189 1
126 147 1
26 162 2
182 234 1
74 187 1
24 215 1
70 121 1
102 114 1
20 152 1
176 176 1
56 233 1
193 211 2
133 261 1
223 248 1
48 215 1
68 149 2
18 141 3
26 79 1
87 134 1
163 178 1
80 177 1
79 201 1
69 233 1
89 161 2
67 80 1
49 209 2
20 87 1
159 230 1
209 247 1
159 163 1
75 125 1
29 161 1
171 249 1
89 140 2
98 163 1
162 191 1
152 170 2
149 231 1
210 231 1
61 141 1
136 200 1
39 249 1
34 211 1
198 257 1
25 112 1
78 232 1
225 258 3
131 164 34
160 234 2
136 142 1
116 247 2
121 162 1
122 229 1
8 164 2
144 190 1
85 237 1
97 143 1
67 211 2
114 177 1
193 231 1
71 88 1
85 85 1
143 196 1
47 262 1
11 88 1
113 135 1
113 134 1
130 224 1
138 222 1
87 136 1
158 193 2
141 153 1
74 198 1
82 197 1
60 230 1
56 234 2
3 242 2
87 210 1
162 252 1
31 236 1
127 209 1
137 175 1
95 236 1
42 49 1
169 229 1
208 244 1
158 168 1
108 261 1
164 254 1
158 220 1
72 100 1
162 188 1
77 138 1
133 161 2
8 145 1
102 142 1
122 233 1
86 229 1
94 230 1
12 151 1
68 185 1
125 215 1
24 97 1
241 262 1
6 163 1
116 220 1
102 170 4
85 125 1
148 208 1
38 138 1
27 162 1
29 142 2
144 149 1
88 146 2
42 179 1
161 216 1
161 257 1
74 193 2
88 129 2
121 143 1
10 239 1
133 217 1
58 233 1
121 158 1
151 182 1
244 250 1
53 142 1
66 260 1
40 188 1
68 130 1
87 200 1
113 195 1
34 48 1
80 152 1
40 143 1
124 145 1
10 249 2
112 143 1
68 76 1
75 250 1
158 195 1
68 72 1
95 233 1
219 231 1
68 207 1
14 209 1
220 233 1
70 125 1
70 161 1
42 78 2
37 246 2
20 48 1
211 214 1
217 232 1
156 164 1
101 161 1
78 148 1
26 217 5
137 225 1
163 259 2
77 79 1
125 206 1
66 243 1
54 113 1
71 236 1
217 263 1
77 217 1
69 114 1
51 164 1
25 223 1
60 263 1
66 75 1
26 237 1
88 111 1
49 140 1
61 166 1
102 162 2
11 229 1
158 217 1
50 80 1
148 200 1
50 72 1
188 193 1
53 162 1
63 255 1
72 136 1
126 186 1
207 207 1
230 242 1
36 181 2
33 34 1
164 171 1
50 54 1
68 135 1
13 91 1
162 225 1
43 259 1
47 148 1
173 209 2
36 258 1
67 239 1
100 185 1
182 209 2
164 182 1
75 81 4
70 75 1
135 209 1
197 260 1
162 207 1
197 233 1
168 233 1
54 90 1
149 162 1
79 216 2
40 238 1
112 228 1
94 114 1
88 226 2
67 141 1
26 170 1
112 236 1
193 209 1
208 254 1
182 254 1
28 142 1
92 173 1
229 257 1
42 71 1
42 224 2
160 236 1
4 228 1
194 238 1
45 257 2
208 261 1
90 247 1
221 231 1
218 230 1
100 115 1
83 261 1
52 263 1
24 168 1
64 246 1
40 63 1
138 147 1
162 219 1
100 147 1
155 230 1
33 120 1
68 217 1
211 260 1
163 190 1
79 134 1
7 121 1
126 140 1
36 88 1
149 261 1
42 134 1
70 107 1
191 249 1
76 186 1
48 149 2
3 261 1
12 52 1
161 190 1
97 106 1
72 161 1
7 198 1
211 254 1
88 155 1
47 159 1
74 208 2
147 164 2
168 241 3
166 181 1
25 28 1
165 211 1
81 263 1
159 229 1
102 141 1
90 102 1
65 177 2
76 148 3
48 185 1
143 200 1
134 145 1
65 133 1
196 234 1
17 95 1
227 231 1
85 261 1
85 150 1
149 161 1
49 227 1
151 167 1
195 228 1
223 225 1
11 49 1
68 73 1
33 41 1
133 162 1
101 237 1
149 249 1
87 217 1
136 164 1
208 249 1
4 35 1
33 228 1
4 207 1
32 68 1
180 230 1
223 260 1
145 197 1
134 140 1
42 220 1
29 88 1
163 174 1
158 165 1
120 234 1
58 234 1
107 174 1
165 230 1
170 178 1
10 142 1
85 158 1
124 165 1
16 234 1
71 186 2
17 43 1
120 163 1
88 217 1
133 224 1
87 89 1
35 86 3
35 85 1
21 163 1
83 137 1
134 143 1
42 136 1
66 188 1
24 261 1
171 226 1
36 224 1
72 164 1
223 244 1
17 224 1
47 162 1
75 159 1
257 261 1
88 89 1
179 212 1
49 223 1
47 161 1
118 211 1
232 243 1
200 224 1
106 161 1
137 240 1
107 227 1
63 209 1
167 169 1
238 256 1
88 195 1
146 213 2
65 74 1
23 230 1
229 252 1
138 139 1
66 236 1
18 107 1
41 64 1
144 167 1
143 208 1
107 213 1
25 67 1
148 210 1
37 141 1
26 229 1
113 196 1
134 163 1
63 121 1
71 113 1
95 158 1
128 170 1
13 24 1
14 232 1
188 236 1
163 210 1
98 236 1
189 263 1
37 173 1
220 229 1
52 233 1
87 227 1
9 158 1
100 195 1
56 158 1
53 100 1
147 247 1
51 236 1
102 137 1
93 234 1
140 173 1
75 179 1
7 232 1
50 160 1
14 41 2
85 89 1
5 123 1
209 228 1
68 94 1
33 151 1
83 158 1
6 114 1
90 213 3
161 219 1
37 56 1
170 242 1
50 146 1
161 191 1
159 170 1
50 66 1
19 129 1
111 138 1
140 147 1
227 238 1
20 42 1
67 161 1
74 130 1
88 225 1
37 89 1
65 80 1
170 193 1
102 194 1
7 52 1
18 170 1
77 181 1
221 226 1
215 224 1
112 224 1
33 257 1
181 198 2
75 94 1
161 213 1
47 47 1
237 241 1
98 226 1
116 125 1
72 215 1
244 255 1
173 239 1
53 225 3
159 232 1
100 225 1
12 88 1
7 41 1
217 229 1
220 249 1
17 193 2
32 230 2
24 232 1
3 162 1
120 161 1
24 119 1
36 75 1
81 241 1
10 61 1
22 123 1
224 225 1
159 179 1
74 81 1
10 16 2
159 185 1
25 53 1
41 222 1
215 228 1
193 219 2
34 39 4
55 210 1
168 215 2
131 230 6
101 205 5
76 123 6
71 177 1
140 219 7
91 143 1
51 140 21
86 186 10
100 215 1
62 190 2
51 238 1
186 215 7
89 166 1
56 61 1
119 185 1
77 237 12
246 254 7
61 69 1
61 222 1
78 161 1
61 74 2
56 157 1
122 215 1
47 48 10
51 243 1
41 76 1
41 55 1
56 215 5
237 259 5
47 235 2
55 100 1
3 205 1
129 135 1
213 243 1
71 75 1
7 165 1
166 215 1
68 215 11
37 254 1
177 191 1
25 122 1
50 115 1
35 50 2
39 231 2
51 113 1
92 130 1
26 227 5
82 228 1
80 119 1
71 90 1
72 195 1
117 195 1
51 79 4
45 122 16
32 219 2
16 218 7
39 74 2
37 130 1
213 246 1
41 54 1
130 242 1
56 76 3
71 226 1
48 182 3
26 26 2
76 149 3
22 61 1
174 184 1
166 254 6
177 246 1
3 75 1
56 78 1
72 230 2
76 244 2
63 213 3
76 140 2
85 235 2
236 254 2
198 233 2
22 65 2
63 77 2
26 89 3
107 191 3
140 216 12
14 52 4
78 242 2
117 186 3
91 92 9
126 254 5
85 256 3
86 163 2
75 188 2
151 226 2
61 106 9
218 248 2
43 247 3
19 230 2
76 106 8
9 252 4
122 230 4
32 169 2
169 208 3
181 191 2
32 159 3
218 219 2
18 242 2
15 56 6
130 183 2
14 198 2
228 257 2
157 177 2
168 185 2
81 242 4
161 215 2
42 197 2
35 164 2
78 128 2
90 208 2
14 216 3
136 230 2
47 182 2
61 216 2
86 90 6
10 144 2
188 210 3
72 246 3
37 62 2
177 212 2
92 174 2
41 51 2
10 114 2
64 88 2
205 220 2
91 157 3
135 211 2
26 165 2
97 219 2
39 216 2
49 216 1
101 216 1
16 64 2
157 217 2
17 35 5
153 242 1
28 37 1
49 242 2
26 52 2
61 241 2
32 92 2
39 242 2
21 21 2
151 212 2
45 131 2
42 242 2
86 170 2
148 220 2
77 216 1
26 135 1
89 242 1
242 254 1
210 238 1
19 38 1
35 242 3
91 141 1
61 155 1
85 196 1
142 216 1
81 129 1
86 142 1
35 71 1
17 165 1
17 216 1
136 185 2
90 136 3
66 86 1
137 193 1
196 261 1
136 224 3
76 191 1
193 236 1
212 235 1
69 185 1
136 174 1
162 235 3
159 241 1
50 76 1
130 218 2
236 259 3
155 189 1
21 225 1
144 248 1
25 51 1
117 151 1
22 124 1
70 112 1
71 225 3
55 185 1
20 76 1
22 238 1
29 80 1
85 230 1
87 235 1
174 213 1
136 232 1
37 91 1
62 174 1
121 197 1
11 11 1
214 235 1
66 187 1
188 242 1
185 208 1
32 35 1
65 102 3
71 74 2
157 246 1
9 197 1
76 246 1
116 194 1
188 237 1
35 76 2
74 203 1
60 68 1
202 223 1
75 242 1
213 235 1
51 107 2
156 186 1
44 48 1
50 182 1
86 254 1
196 243 1
26 211 1
74 178 1
9 163 1
205 219 1
38 230 1
197 198 1
192 205 1
91 203 1
170 218 1
91 97 1
39 48 1
234 259 1
71 72 1
91 142 1
79 218 1
26 35 2
55 123 1
11 123 1
51 100 1
171 196 1
121 171 1
77 256 1
32 50 1
78 226 2
56 89 1
10 95 1
68 122 1
137 191 1
65 191 1
77 116 1
142 218 1
75 177 2
80 219 1
122 186 1
129 185 1
143 182 1
47 226 1
77 205 1
16 163 1
9 17 1
51 114 1
76 133 1
42 260 1
116 213 1
131 142 1
167 215 1
85 143 1
72 76 1
71 190 1
76 78 1
136 167 1
39 61 1
72 131 1
72 85 1
39 42 1
131 139 1
83 89 1
130 225 1
18 148 1
81 143 1
41 242 1
35 216 1
35 191 1
81 247 1
