97 132 21
230 231 245
141 202 4
68 170 509
143 239 1239
79 113 430
107 186 629
138 140 130
145 145 229
142 239 1849
193 193 222
41 263 63
145 226 28
132 139 25
162 263 364
132 233 88
74 169 2
114 238 9
236 238 1376
100 238 82
90 230 241
45 238 14
68 138 186
164 261 81
132 170 219
125 261 40
141 229 841
132 140 54
132 161 237
132 162 186
142 263 228
132 215 93
215 219 1
163 164 427
237 263 1007
100 148 31
141 186 279
107 234 636
230 233 215
163 230 599
68 132 104
146 233 11
162 164 585
39 219 1
132 157 48
186 226 11
48 68 898
48 170 362
142 186 301
48 75 69
229 263 426
141 262 686
226 260 28
50 186 353
209 230 32
143 143 320
138 170 375
170 186 1164
107 161 438
236 237 5152
141 161 715
161 163 1095
83 226 3
132 132 331
238 263 311
209 238 4
164 233 264
144 170 116
138 234 168
186 211 215
129 129 32
162 170 1188
166 238 552
132 225 30
230 236 380
33 237 18
138 238 110
48 66 5
90 231 296
161 234 1060
151 238 903
238 239 2209
230 238 197
164 239 108
134 138 12
113 143 31
229 237 1070
75 100 32
161 170 1176
163 239 648
79 263 57
141 162 974
24 238 330
158 162 72
33 138 26
15 140 5
141 263 1162
151 262 37
48 163 575
95 138 30
138 151 60
107 229 305
140 262 841
166 262 38
132 238 46
13 125 121
50 88 15
1 68 19
48 162 388
13 231 486
158 211 120
138 260 74
79 170 365
163 262 155
142 161 759
43 151 176
151 239 827
13 230 352
68 162 387
239 239 856
142 238 1253
135 138 20
13 238 28
132 181 52
236 263 1622
48 138 319
41 166 151
41 151 149
48 90 264
137 249 95
75 142 148
143 230 277
144 186 185
151 151 189
151 162 68
148 236 18
43 164 192
43 43 402
68 141 80
142 237 1216
234 237 363
164 164 212
1 164 11
68 158 265
90 246 511
211 249 187
132 175 7
140 239 370
162 249 125
90 162 181
137 170 559
4 90 27
164 224 40
132 262 46
236 236 2547
140 238 265
148 233 49
50 246 360
50 239 213
165 188 7
229 229 277
141 237 1772
211 261 67
211 211 54
43 144 24
158 161 122
75 262 282
143 186 135
90 163 164
43 161 811
143 237 438
141 246 59
100 246 542
42 236 50
107 141 178
163 229 407
142 170 304
41 42 174
263 263 428
74 224 2
79 229 138
79 144 196
114 186 146
50 234 99
170 239 150
43 239 635
138 162 649
48 158 106
141 170 427
90 132 47
142 151 379
132 211 27
68 163 392
151 161 85
132 163 167
161 164 1084
142 163 907
79 141 93
41 74 180
142 162 560
68 239 188
75 246 24
48 142 815
43 237 899
113 164 256
148 161 98
161 186 1618
186 230 1804
148 239 16
142 142 585
166 239 335
166 246 23
79 246 95
144 249 144
90 144 107
236 262 1496
107 137 490
170 263 172
74 236 305
100 163 594
209 232 18
163 246 408
50 163 323
163 163 234
161 237 2024
162 186 1100
113 141 60
116 161 5
100 170 646
164 237 403
43 48 348
68 234 800
237 249 85
43 75 157
140 249 37
87 107 132
107 138 136
137 186 353
75 238 371
113 144 220
170 236 479
12 107 5
107 238 52
137 162 399
13 170 144
186 236 327
75 263 593
68 143 179
170 224 110
7 260 14
7 226 36
107 226 9
237 239 901
107 170 1116
107 140 188
142 244 47
48 262 46
163 234 315
132 258 22
13 48 218
125 186 190
262 263 748
140 141 928
13 142 52
138 189 8
162 229 770
162 237 2010
107 230 142
132 164 201
239 263 324
48 50 567
40 65 5
124 132 29
79 186 310
88 158 18
42 244 23
43 88 20
43 142 659
114 138 34
107 162 587
48 246 757
138 262 132
137 140 162
114 161 126
144 161 144
75 236 918
161 162 1096
13 13 82
144 211 93
140 234 163
25 138 25
140 163 315
148 163 31
50 137 17
48 239 476
48 87 42
50 143 257
177 225 2
1 132 8
41 159 3
42 48 13
186 246 765
140 209 49
41 238 183
233 238 42
79 79 254
7 143 2
141 142 423
1 186 15
79 249 259
79 137 329
61 224 2
90 161 289
141 143 146
68 186 504
114 234 332
140 263 776
140 237 1532
1 229 4
48 107 141
163 236 960
132 246 55
42 138 41
24 43 64
114 224 24
74 75 458
87 140 90
140 170 400
141 236 1920
234 236 225
90 158 280
48 230 694
4 4 7
4 114 25
114 164 96
90 164 356
236 249 64
170 229 597
113 170 455
79 138 82
186 239 199
90 234 576
93 132 397
170 246 369
43 141 299
50 236 110
161 230 839
170 170 469
211 224 12
68 237 208
33 140 29
79 233 161
138 141 123
142 229 201
38 131 2
229 234 244
114 211 106
148 255 14
113 224 51
164 234 723
231 256 7
164 186 557
238 238 666
74 114 1
114 231 217
148 186 115
138 157 8
113 249 414
68 148 61
100 161 867
209 224 5
82 238 1
48 186 677
144 231 229
138 232 15
148 232 37
226 237 34
246 246 305
132 137 31
13 263 27
233 237 309
88 114 12
160 186 3
28 132 136
68 263 44
164 170 684
138 164 405
13 68 227
43 143 250
163 263 134
48 161 888
50 138 66
237 237 2069
24 42 24
43 230 507
42 237 18
233 233 124
229 262 370
7 179 41
43 238 510
79 80 4
144 229 26
132 234 96
100 237 287
48 237 360
41 127 2
50 237 119
142 143 979
107 224 122
45 224 21
88 224 14
162 236 1532
141 141 609
12 226 1
107 113 407
68 113 302
140 236 1409
125 132 27
164 230 469
12 170 9
12 230 53
100 233 222
107 233 329
186 229 261
162 223 8
238 244 79
41 41 119
113 237 126
107 262 99
45 161 34
161 262 428
90 262 21
113 148 98
43 137 31
162 224 60
113 230 163
113 158 267
186 238 90
90 170 359
75 237 394
164 231 155
74 262 138
132 150 13
43 236 996
138 237 259
45 186 61
132 263 52
138 223 166
90 107 323
170 234 1160
129 138 304
138 230 1078
162 230 662
4 17 1
48 164 273
132 208 3
137 141 196
75 229 66
100 229 160
209 249 14
137 229 310
95 237 5
88 161 105
50 50 140
144 158 92
68 68 489
68 90 659
90 186 494
68 79 157
7 68 9
52 181 4
95 132 44
137 236 102
13 158 172
211 231 280
237 262 798
164 249 151
138 255 39
233 263 206
43 263 298
158 249 230
41 138 43
142 230 719
31 238 3
43 249 32
170 231 259
90 90 212
186 233 448
100 142 240
188 229 1
132 239 63
138 163 449
43 233 57
246 249 253
144 234 213
143 246 244
48 145 10
236 239 1477
125 133 1
181 237 3
186 249 335
56 233 3
79 142 43
229 236 668
114 233 32
138 161 845
161 238 289
143 263 106
74 238 130
246 263 53
13 161 275
142 246 274
161 249 189
158 186 185
229 230 203
18 230 2
68 161 568
50 249 37
132 158 39
75 151 191
43 148 20
12 48 49
116 132 12
7 129 13
45 65 16
43 186 310
100 113 106
107 256 9
13 232 17
162 262 441
1 163 43
200 239 8
117 132 6
152 261 3
129 132 36
138 160 12
41 140 33
48 143 445
132 230 364
144 224 9
13 249 109
4 237 6
48 113 84
116 244 50
142 166 236
43 170 213
231 249 440
13 233 66
151 163 115
143 163 494
100 230 785
174 182 1
161 261 128
1 230 56
107 148 126
79 211 155
132 205 28
107 144 135
113 234 657
170 209 50
162 261 106
74 151 113
113 246 200
130 232 1
140 162 923
143 238 698
193 226 13
12 162 13
70 138 112
163 170 591
67 125 1
125 246 117
140 186 280
88 144 28
107 158 76
138 186 171
157 260 2
65 231 35
43 100 215
15 138 6
138 225 9
113 186 361
113 161 238
43 132 47
116 239 28
48 190 1
79 132 71
24 166 122
87 229 35
231 263 39
262 262 183
226 239 3
142 249 41
48 132 186
211 229 31
43 211 21
43 163 504
125 211 61
75 75 360
43 229 147
163 231 136
24 143 56
163 186 790
79 237 63
48 141 137
79 262 42
68 100 300
42 68 10
50 113 45
138 231 111
26 137 3
116 138 21
116 166 53
1 107 5
79 239 27
132 260 32
45 162 30
48 236 283
234 238 64
12 90 4
87 148 54
138 239 173
137 233 308
162 163 773
138 195 6
70 230 9
107 237 290
144 163 70
88 148 35
68 230 599
163 261 77
107 209 37
224 234 105
68 107 316
152 239 29
50 142 311
164 229 226
90 137 111
151 236 395
186 263 95
186 262 96
113 113 229
61 137 5
79 234 517
24 236 87
186 224 61
158 246 255
88 233 63
48 48 593
161 239 503
48 234 274
100 263 54
92 138 38
166 236 171
48 249 121
170 237 800
13 90 134
164 226 9
229 233 454
4 261 11
87 231 279
125 158 115
132 237 87
45 100 23
43 45 8
224 230 13
151 186 43
80 138 25
12 164 10
50 164 112
4 113 43
52 65 7
140 142 375
48 233 149
50 68 332
163 233 198
129 226 11
24 151 135
151 230 74
236 244 56
166 244 80
78 116 2
186 237 567
138 249 34
100 137 148
144 230 112
48 144 48
170 261 86
161 231 274
113 231 347
141 233 502
50 229 43
230 239 371
76 132 56
137 230 84
132 226 83
145 170 19
107 142 85
12 45 4
161 236 1603
13 163 139
68 261 100
186 223 3
43 158 40
33 66 26
144 261 61
68 164 412
113 114 263
65 181 8
142 211 37
45 132 8
211 230 118
151 166 428
48 125 48
143 231 48
87 211 52
164 246 404
231 261 348
236 261 21
82 260 15
226 233 6
41 143 22
39 138 8
74 263 306
140 211 39
231 239 37
142 262 174
161 246 504
50 262 27
146 246 8
24 239 208
182 250 2
140 229 838
68 246 781
107 164 365
138 142 154
48 226 13
138 263 122
173 232 1
48 88 36
114 249 195
233 239 61
74 141 86
161 229 760
13 164 152
125 144 85
161 211 160
12 234 9
12 79 7
74 239 84
100 132 124
137 138 59
125 234 230
87 186 144
141 226 30
186 234 1036
114 148 65
68 231 327
33 255 7
132 203 32
41 237 47
162 234 689
36 144 2
90 100 300
87 232 29
90 238 52
138 138 234
56 138 13
65 170 20
48 100 369
41 75 154
141 163 404
80 231 1
23 135 8
48 116 26
41 142 79
142 236 988
142 164 170
4 186 30
100 226 3
12 100 19
40 262 2
50 170 139
41 100 12
230 261 155
107 236 181
138 145 58
88 186 90
162 211 106
114 170 151
138 243 22
18 138 2
161 233 447
162 162 526
41 239 101
143 236 417
43 246 122
74 244 17
55 238 1
27 132 2
43 68 143
90 255 3
138 181 35
234 246 553
1 237 11
125 231 275
45 231 73
41 170 16
7 48 4
234 261 76
26 132 11
45 237 18
237 238 605
170 262 179
13 150 1
54 138 1
13 50 76
107 114 236
42 74 99
230 237 420
116 186 10
244 249 4
132 191 19
141 239 367
80 129 1
148 148 47
107 163 139
229 260 5
170 230 622
140 233 431
79 198 1
234 249 677
87 263 43
87 87 60
4 148 40
88 230 82
88 107 65
88 137 55
13 114 70
231 234 473
87 164 79
33 65 17
88 132 21
158 238 22
138 244 42
143 233 42
229 239 133
138 236 214
132 216 84
87 230 65
56 179 1
90 239 62
100 249 117
41 249 4
25 229 3
233 236 198
162 246 412
177 230 3
88 100 51
138 179 36
230 246 844
40 106 2
143 166 103
142 231 53
140 161 603
107 143 27
143 161 255
170 211 133
132 219 61
45 48 29
87 132 45
90 148 48
48 263 72
243 246 2
17 66 3
37 231 6
152 236 10
45 239 10
132 151 28
132 186 110
13 162 193
24 68 12
24 74 42
144 209 24
100 239 115
226 255 6
125 249 169
163 237 1051
138 229 179
82 138 37
41 43 89
66 186 8
25 95 1
24 48 37
50 162 161
113 261 64
137 234 322
113 262 51
1 48 27
74 138 38
13 87 171
12 186 22
148 234 121
68 87 80
45 88 35
90 209 18
75 158 10
79 151 13
138 246 117
138 233 190
114 137 90
113 229 71
141 164 150
132 141 75
13 186 251
7 100 2
211 237 72
186 231 437
93 161 9
7 138 98
137 263 94
161 226 20
132 138 223
1 151 7
100 162 536
125 238 10
138 148 61
50 125 20
106 138 7
142 226 10
114 246 99
234 262 108
129 140 5
4 161 16
132 210 14
186 261 171
66 68 8
87 209 39
88 90 37
151 170 32
107 107 281
161 263 263
79 148 246
89 138 12
43 162 403
100 213 1
75 166 76
71 138 7
1 79 10
114 144 93
48 79 74
52 132 10
138 143 61
48 238 273
37 256 2
138 205 8
90 141 47
1 233 12
48 151 106
209 243 2
39 76 5
148 230 67
87 113 64
114 143 19
141 232 9
224 261 9
12 161 19
33 239 3
24 140 34
13 229 34
158 231 325
48 231 165
234 239 114
138 146 40
102 132 7
148 211 76
42 132 15
91 132 20
137 237 155
79 236 63
232 232 15
137 151 21
100 138 282
125 163 56
90 249 521
43 74 46
211 256 6
87 138 119
74 132 17
137 137 105
114 209 21
162 238 224
40 148 3
112 132 28
138 211 35
13 45 41
45 211 16
234 234 320
236 246 146
34 138 3
100 236 183
4 79 94
7 132 32
7 7 84
13 237 73
88 162 114
148 231 101
7 137 11
130 132 134
164 262 72
79 107 529
230 230 316
125 161 83
1 158 11
88 142 18
161 209 32
144 164 95
37 132 23
4 231 22
79 161 175
79 143 18
73 138 3
127 138 14
79 261 52
249 249 176
13 144 55
13 261 86
148 170 80
43 262 162
144 237 58
162 233 355
88 170 105
88 164 69
50 238 132
37 162 4
37 74 4
132 231 55
33 161 21
138 252 19
100 141 136
179 179 6
158 237 62
113 255 7
4 164 13
4 132 15
82 234 2
113 260 2
82 173 4
74 168 24
116 234 5
79 162 204
48 211 72
100 211 66
88 237 48
13 246 284
37 97 2
13 239 76
65 100 4
70 132 21
138 226 42
234 256 13
43 140 258
12 239 5
41 79 11
142 234 149
56 97 1
233 262 202
90 113 360
50 161 276
10 132 124
164 236 295
48 209 13
138 166 55
141 238 247
140 140 352
231 231 426
143 226 3
66 88 7
75 140 198
75 89 1
148 162 77
45 261 34
141 230 174
50 230 487
151 244 40
88 116 1
90 151 16
100 262 46
100 186 406
68 142 297
90 261 39
83 260 3
87 162 162
88 166 2
233 261 43
43 138 118
61 87 2
97 170 3
140 144 32
144 148 92
143 151 193
230 234 377
100 144 65
12 158 9
75 186 78
166 237 109
164 260 3
90 138 69
143 262 53
52 233 2
74 162 24
113 138 69
24 186 7
142 148 9
144 246 56
75 107 25
226 226 60
87 114 43
24 142 102
137 262 90
80 141 1
133 256 2
79 238 19
40 138 7
151 249 8
151 246 66
244 244 28
170 256 10
114 263 18
114 149 1
137 142 62
68 144 106
127 244 8
49 217 3
43 232 2
132 197 37
75 239 164
43 107 60
50 90 123
151 263 93
48 232 14
237 246 224
68 125 155
13 234 218
158 234 292
147 161 1
97 138 22
140 224 41
65 261 11
48 229 142
38 138 5
132 229 77
164 211 103
88 163 49
90 198 2
138 257 6
131 186 1
209 229 18
143 170 119
48 137 83
137 232 41
50 100 206
114 125 87
132 232 11
186 225 7
137 161 250
233 234 220
211 234 249
230 263 69
1 261 5
49 170 5
68 249 399
61 138 27
13 137 44
48 78 2
75 243 5
230 260 3
48 261 73
87 142 13
237 261 41
79 114 257
170 238 121
113 140 95
87 151 4
75 170 69
148 229 24
7 237 19
79 226 4
66 144 8
107 249 216
114 140 34
100 107 213
163 226 16
79 125 80
79 90 180
88 146 3
232 262 5
24 33 1
43 152 7
158 230 108
148 249 77
90 114 172
89 231 1
75 230 42
116 152 35
113 152 2
179 223 14
1 209 1
170 249 253
132 255 38
132 182 5
141 144 31
88 231 142
56 173 2
24 41 66
169 169 2
132 188 33
13 138 120
146 179 20
148 181 6
40 97 1
230 249 145
42 186 13
12 237 6
13 100 161
68 137 118
26 226 1
137 163 107
67 137 2
74 74 146
261 261 49
66 261 12
13 107 69
74 116 12
24 132 14
234 263 67
92 132 37
144 233 36
209 211 19
68 215 4
143 164 81
140 232 21
138 256 29
121 260 3
162 239 343
239 246 209
40 132 10
45 164 27
146 226 21
13 211 119
142 144 30
37 186 4
70 179 5
66 230 12
100 234 432
12 68 16
97 148 8
25 114 2
140 160 6
1 161 35
138 188 20
138 224 18
256 256 5
68 236 141
73 261 1
61 132 51
1 43 5
170 233 406
45 233 22
43 113 41
87 137 100
140 164 135
238 249 22
50 119 2
163 244 19
68 129 2
137 260 5
211 246 116
132 249 26
125 230 67
93 164 5
132 146 16
235 260 1
167 233 1
50 166 36
107 231 162
25 140 4
129 186 3
112 138 23
148 164 61
129 260 9
88 246 61
161 232 18
28 164 3
127 238 9
49 97 25
79 97 7
161 161 690
65 107 10
114 132 30
43 215 2
179 193 25
75 141 219
56 132 83
209 246 12
116 220 1
132 243 13
87 161 138
79 232 61
41 186 23
88 261 38
88 249 15
220 220 7
43 200 2
68 262 33
1 263 5
63 80 1
113 211 239
132 142 75
260 260 21
75 163 89
75 138 58
125 170 95
114 162 82
33 54 4
24 137 6
41 48 44
75 132 38
41 93 1
79 157 2
232 234 30
63 132 16
166 260 1
100 100 119
142 158 48
113 236 94
17 144 2
138 144 45
132 256 34
83 100 1
132 153 2
143 179 1
45 230 39
132 198 16
17 29 1
170 226 29
138 202 3
230 243 4
24 138 23
13 132 48
43 209 8
42 42 90
132 189 19
113 162 215
89 132 33
216 226 4
216 230 2
132 244 14
90 125 138
107 145 8
125 138 51
72 138 6
48 140 138
132 178 3
88 138 68
138 200 4
66 209 6
22 22 2
79 230 88
78 132 4
39 113 2
42 166 54
151 237 170
140 246 49
226 228 1
144 236 45
7 223 35
1 1 30
33 263 8
25 195 7
107 132 80
132 202 13
66 246 9
90 237 130
157 233 2
249 262 11
14 132 20
170 232 36
141 231 49
237 244 22
186 209 35
166 166 165
68 229 80
95 95 7
49 68 7
45 79 49
132 133 4
42 116 31
132 200 6
132 166 41
180 260 1
226 229 15
181 236 4
43 87 16
158 163 76
138 158 49
169 244 2
33 33 20
132 148 48
75 162 133
107 263 104
113 137 169
107 246 192
79 224 64
93 145 2
209 261 28
79 87 103
229 238 64
207 207 20
50 141 51
116 238 61
209 233 23
163 238 319
66 87 17
17 132 32
113 142 50
74 237 84
161 244 25
42 151 47
65 144 7
211 233 36
71 132 17
158 236 33
140 261 38
132 213 6
132 145 68
116 158 2
33 113 17
24 262 22
65 138 44
90 263 14
25 231 19
87 170 125
45 45 14
132 224 13
100 164 331
217 236 4
162 231 218
163 166 62
50 231 94
75 233 35
101 162 1
229 261 39
40 189 2
114 237 56
181 231 4
82 132 79
69 143 2
79 231 136
87 125 41
12 231 26
45 125 17
223 223 35
75 231 10
75 161 128
82 231 4
90 229 72
152 230 5
45 163 17
45 148 32
132 257 7
50 151 72
159 236 3
4 145 2
52 87 9
162 247 3
4 13 13
175 175 2
140 166 68
68 114 143
50 148 20
138 209 33
74 247 5
144 258 1
132 160 10
24 244 17
56 82 2
114 158 116
12 209 3
68 217 1
232 249 17
138 198 10
146 229 21
152 244 22
49 132 21
75 137 38
90 211 152
12 65 2
75 234 40
52 158 4
80 132 44
125 148 42
163 209 14
141 151 67
75 224 7
114 232 14
107 211 133
138 197 8
186 186 150
33 52 47
164 209 20
97 97 17
140 244 21
137 164 228
158 170 106
36 132 21
87 144 95
226 230 12
144 144 44
116 262 4
158 244 2
89 164 1
236 256 9
87 237 58
25 217 2
74 229 47
146 254 1
13 140 91
43 50 79
49 249 3
90 189 1
107 243 7
90 145 5
12 113 11
140 151 83
75 143 70
231 233 60
97 188 2
152 166 112
229 231 80
146 193 22
41 90 10
79 158 77
138 168 17
12 24 1
90 233 75
41 152 44
143 229 60
232 233 15
211 236 39
138 261 115
136 238 2
230 262 53
148 262 11
79 88 48
164 244 3
161 166 56
45 170 47
1 162 35
45 232 28
231 246 373
141 211 33
24 163 31
143 249 15
45 138 19
224 233 42
166 234 13
144 232 40
7 130 1
243 244 24
79 145 19
48 92 2
233 249 53
224 263 15
9 138 5
80 87 1
246 261 104
146 260 11
72 132 20
144 188 1
142 152 12
144 226 3
88 211 22
215 233 1
163 211 96
13 143 39
24 75 36
75 116 20
42 243 2
90 140 49
125 229 22
66 229 4
233 246 82
116 151 34
50 263 26
158 158 95
87 100 40
68 238 126
140 143 148
137 190 1
62 190 1
239 261 15
45 87 66
40 239 2
68 140 101
137 238 47
137 209 24
114 160 2
47 138 4
41 50 11
195 228 4
33 211 11
42 140 17
209 263 10
224 229 23
88 125 20
146 236 14
75 164 36
166 231 12
79 140 99
4 88 8
113 232 27
87 234 81
132 223 47
87 262 69
87 224 20
227 228 12
97 195 1
152 241 4
87 236 27
74 243 7
33 87 18
74 164 11
43 231 35
24 90 5
90 236 79
98 138 5
148 158 28
79 164 160
45 49 1
68 233 119
88 229 23
13 148 39
132 165 16
45 68 34
114 230 64
48 148 41
88 236 47
33 231 40
66 164 10
158 263 7
162 209 43
107 130 3
224 231 27
100 200 4
100 140 140
87 246 109
36 138 11
233 256 3
144 262 17
179 226 13
41 236 96
209 231 70
4 233 21
76 76 14
74 148 6
45 249 22
239 262 215
12 238 9
1 246 15
162 256 6
144 239 16
135 163 2
142 224 16
13 236 53
113 125 181
79 100 68
232 260 1
114 141 26
66 162 14
238 246 130
140 193 6
87 90 49
87 261 85
132 236 83
100 231 176
125 262 16
82 140 1
157 223 1
88 238 10
107 151 16
97 226 2
66 163 14
209 236 16
229 246 75
37 179 1
45 263 4
231 236 71
87 221 1
88 262 23
66 125 3
168 246 2
42 238 34
1 234 11
43 90 47
66 161 14
25 49 6
75 145 8
141 209 16
19 132 9
42 75 80
88 149 1
249 261 65
45 140 16
43 166 89
169 263 6
53 138 12
73 102 1
3 236 8
137 148 62
34 35 1
141 234 135
65 88 12
87 249 45
100 158 70
52 231 7
148 209 28
170 217 7
143 234 72
232 246 7
4 158 9
107 232 52
113 226 4
138 171 16
68 211 126
65 158 4
228 262 1
129 237 3
163 249 89
17 217 5
112 112 5
132 143 34
41 132 24
45 144 26
151 229 23
138 196 11
43 125 13
113 163 111
36 170 2
50 75 29
140 230 127
100 159 1
90 142 93
100 125 50
79 163 54
238 262 167
50 211 24
178 234 1
100 146 6
113 263 17
13 262 33
116 116 32
113 132 39
65 148 10
97 162 3
33 114 5
239 249 44
224 224 12
90 244 24
42 90 7
45 229 23
137 239 30
151 242 1
148 263 19
231 237 103
72 234 2
170 196 4
202 233 2
43 261 38
66 113 9
38 132 17
65 229 3
213 238 1
75 90 23
151 164 25
145 146 21
211 239 22
158 261 55
68 75 46
158 239 30
65 145 1
41 244 15
74 166 66
7 140 22
70 70 5
31 140 1
88 157 1
33 97 11
144 255 5
213 250 1
42 143 16
132 209 24
87 239 9
166 263 70
100 261 66
158 164 95
17 233 9
13 66 14
12 163 11
102 229 2
148 261 34
48 74 17
74 182 1
186 232 23
100 232 11
140 231 80
13 79 50
87 166 3
138 191 5
132 252 18
232 238 19
65 161 12
138 228 11
48 82 7
196 249 3
28 261 3
12 233 3
202 232 2
83 138 23
13 151 22
162 260 4
24 237 51
41 69 4
217 232 1
43 255 3
230 256 7
36 148 3
138 182 4
37 138 15
112 170 15
162 243 4
33 230 9
143 244 28
230 244 25
49 79 3
225 246 1
220 230 1
64 170 1
4 234 35
50 87 28
1 100 13
24 50 15
45 256 3
100 181 3
65 87 10
13 92 2
58 132 2
209 234 24
144 151 7
144 162 94
114 114 50
42 161 8
79 256 7
4 107 47
65 66 9
169 170 1
41 137 14
68 151 58
107 125 71
121 132 20
132 173 2
60 74 6
25 181 15
33 170 9
41 230 30
157 226 3
41 141 30
132 222 15
66 238 21
125 236 14
45 90 12
68 155 1
87 158 39
132 261 47
87 233 69
52 142 1
70 129 10
114 229 47
125 263 11
146 234 3
97 161 5
148 246 48
138 193 7
74 230 12
40 190 2
90 143 68
114 163 42
25 66 6
87 238 21
62 231 1
164 256 5
231 262 26
66 138 14
1 142 16
164 255 4
158 232 4
90 232 13
7 163 6
1 148 7
116 164 4
74 170 20
66 80 2
13 209 47
247 247 2
74 140 92
121 138 7
211 232 22
186 243 7
231 232 40
40 231 9
145 186 13
20 48 2
137 144 37
132 180 19
16 138 10
125 146 2
88 88 12
17 138 14
68 232 9
12 142 4
50 244 17
224 246 16
24 246 23
229 232 10
114 236 44
42 43 24
66 158 5
141 249 33
181 257 1
116 237 11
137 202 4
100 151 32
143 144 5
4 211 14
42 249 3
52 234 4
28 157 4
42 141 9
161 224 72
38 230 1
49 113 3
65 237 11
170 227 1
61 186 5
13 43 40
12 75 3
80 216 1
50 140 43
22 132 10
164 168 5
13 141 51
137 246 53
24 119 1
100 143 79
87 141 28
1 137 4
65 162 24
137 189 3
209 209 16
130 138 12
151 233 14
24 125 1
24 162 25
52 138 9
186 202 3
194 236 1
137 224 55
146 146 25
116 230 5
25 113 5
35 86 1
33 68 4
74 186 8
7 263 5
62 132 27
138 173 12
238 261 11
87 88 81
137 255 10
33 132 24
147 159 1
17 181 4
87 181 6
224 249 19
33 234 16
41 145 2
177 261 1
14 138 10
133 232 1
197 197 2
7 162 16
191 205 3
141 152 4
28 229 2
148 256 12
32 138 5
100 256 3
25 87 8
162 232 16
81 132 4
132 247 9
61 89 4
52 211 6
41 114 2
68 88 36
138 190 1
100 114 52
100 112 2
145 223 6
125 162 52
224 237 27
61 225 7
35 65 1
242 248 4
20 242 1
90 128 1
77 132 10
43 234 127
114 217 2
170 247 3
132 154 4
25 40 10
100 244 11
136 161 2
132 241 4
132 196 30
132 227 7
221 233 1
93 236 4
128 161 2
125 137 23
143 162 192
66 141 7
18 168 2
125 233 26
130 140 2
100 202 1
145 193 38
244 262 24
152 238 47
39 132 40
52 52 11
37 80 5
116 246 10
52 262 3
164 238 65
42 69 3
87 143 8
82 134 2
52 80 1
179 186 5
7 161 17
66 66 3
12 261 8
166 229 32
48 166 65
75 97 3
41 144 4
231 243 4
4 87 23
140 145 15
7 193 36
186 195 10
64 138 4
146 161 15
224 236 29
21 133 1
164 166 12
75 136 4
50 116 11
97 137 10
88 141 39
218 218 4
4 141 10
95 140 4
25 237 2
41 162 16
31 162 1
112 164 3
79 190 2
82 170 5
7 164 2
202 234 1
170 210 2
26 170 3
193 230 3
95 163 4
65 114 8
70 260 2
75 148 6
4 249 19
120 243 1
114 255 4
49 143 2
74 79 13
237 243 4
145 249 2
41 262 26
4 224 11
65 141 15
92 238 3
100 145 8
186 244 23
74 220 1
95 195 1
142 195 2
152 263 5
118 214 1
229 249 41
48 216 2
116 142 17
230 232 10
125 232 10
89 140 1
87 195 1
138 259 5
141 158 16
57 162 1
54 87 2
88 239 14
232 237 17
74 107 15
196 230 2
137 158 24
24 141 12
13 224 5
238 260 1
68 227 3
151 200 3
163 193 3
125 164 69
209 262 17
138 235 3
42 119 1
65 140 13
137 231 64
112 186 9
144 263 15
132 218 39
158 233 23
42 164 5
97 113 8
114 262 31
116 140 6
211 262 19
74 163 16
43 79 22
1 13 21
75 79 23
125 224 6
163 201 1
74 143 20
35 177 7
162 166 47
90 194 1
42 162 6
140 158 29
74 174 1
141 244 13
82 90 1
17 234 2
93 194 1
85 138 2
7 57 1
4 144 16
65 97 23
44 135 4
113 238 21
66 231 23
50 233 33
87 163 37
193 223 9
41 60 3
113 181 2
7 230 7
75 213 2
138 177 3
7 146 49
33 40 34
40 40 8
52 161 6
137 166 10
148 224 21
24 230 35
13 113 101
28 95 3
49 138 16
40 236 2
170 181 10
3 170 5
45 137 21
12 87 10
138 152 7
179 262 2
26 138 4
137 261 37
138 212 3
25 170 8
48 244 53
50 132 61
74 225 2
145 161 13
33 137 21
125 255 4
151 152 35
239 243 10
145 229 18
177 226 2
92 161 2
113 195 1
202 226 3
247 248 1
88 234 27
67 229 1
170 195 2
143 211 26
239 244 71
145 263 8
188 193 1
88 263 20
7 234 5
42 152 24
138 241 3
168 237 2
90 195 5
54 132 3
68 243 3
261 263 17
85 132 8
25 45 7
13 88 81
168 262 8
249 256 4
48 114 47
93 263 2
25 39 2
72 123 2
195 249 2
33 37 5
137 256 6
4 138 7
162 181 3
65 232 4
195 231 3
186 213 1
107 261 35
79 129 5
143 260 1
163 243 4
87 145 6
107 257 1
114 256 2
140 148 20
152 237 8
65 256 2
52 137 4
137 143 24
4 232 13
100 167 2
4 137 28
132 192 6
161 243 4
39 68 1
146 231 5
125 166 2
107 146 5
137 211 45
125 209 17
151 232 1
129 170 5
145 164 13
45 158 19
218 219 2
41 119 2
145 237 14
95 164 2
229 244 10
189 195 1
125 237 29
144 190 1
142 261 18
48 112 4
69 97 1
125 125 24
68 74 8
39 137 1
133 230 1
33 246 7
74 233 7
74 228 1
69 169 2
66 132 12
95 236 2
88 140 46
28 100 2
134 164 2
25 132 29
55 132 6
164 210 1
41 116 38
79 209 23
4 100 5
244 246 10
40 141 2
28 107 3
68 179 3
65 137 17
82 162 4
124 138 2
33 144 9
24 164 16
33 249 9
48 167 2
50 79 31
37 141 2
68 224 20
181 234 7
45 114 19
56 234 1
163 217 1
45 209 19
185 186 4
42 231 6
74 161 27
236 243 6
50 158 62
155 233 1
12 141 2
181 195 1
132 195 4
83 129 4
93 138 46
61 100 2
195 195 4
106 228 4
40 68 2
66 90 5
4 125 10
126 141 2
140 226 22
40 181 9
132 194 4
68 130 2
75 95 3
129 233 6
41 164 9
132 251 2
158 256 4
164 232 10
71 72 4
140 217 5
132 134 34
93 113 4
75 249 7
132 228 18
28 130 4
23 68 1
17 261 2
93 93 2
195 230 1
41 168 3
232 261 16
13 76 1
1 143 6
17 48 2
161 190 1
138 203 1
65 225 8
142 217 1
97 158 2
223 243 1
47 75 3
68 209 23
132 212 4
132 176 1
75 226 4
70 236 2
121 121 1
28 138 9
17 74 4
49 211 1
74 137 14
53 108 1
45 113 23
138 217 7
71 74 1
158 229 20
223 236 4
162 195 2
107 127 3
157 237 5
12 132 2
45 151 9
116 141 6
128 236 2
50 70 1
75 93 3
148 257 2
77 138 2
18 132 7
97 106 4
107 239 46
144 166 4
132 201 13
114 142 23
138 183 3
49 148 7
113 239 43
42 78 2
233 243 5
80 107 4
255 256 5
112 263 4
166 170 27
61 232 2
25 33 15
87 116 4
75 260 1
168 236 8
235 244 2
4 33 1
12 236 4
24 161 23
142 233 69
79 260 3
235 236 1
152 262 2
179 224 1
112 162 10
7 87 3
88 113 21
227 233 2
132 135 21
138 215 7
37 79 7
145 162 21
113 233 69
129 146 3
164 263 65
162 226 16
102 162 3
107 189 1
52 66 11
82 196 5
142 157 1
129 162 7
246 262 33
40 158 4
101 138 3
50 139 1
45 246 11
24 152 21
61 231 3
224 262 14
65 209 8
49 80 4
158 262 10
40 48 1
49 256 1
90 216 3
112 146 2
144 256 5
107 179 2
15 19 1
24 234 12
35 39 7
37 151 1
137 193 1
40 52 12
129 234 1
24 116 10
36 230 2
224 255 3
79 177 1
41 163 15
49 237 1
76 241 1
100 255 5
12 246 12
33 261 6
166 186 39
82 129 17
60 61 1
25 162 5
113 209 17
116 235 3
132 167 2
20 100 1
50 261 25
50 74 12
125 141 14
50 130 1
246 260 2
211 238 6
74 232 6
79 244 7
82 146 2
86 132 16
114 228 1
65 230 8
74 165 1
136 136 1
256 262 3
72 255 1
238 247 3
235 262 1
50 185 1
141 261 21
42 79 6
179 237 7
17 79 7
152 161 5
127 141 2
40 164 2
12 25 1
148 226 2
145 202 1
75 244 22
166 249 8
142 209 3
170 179 6
69 186 2
4 170 26
33 162 18
7 244 2
74 167 1
1 166 1
7 170 15
66 228 1
66 237 9
22 50 1
158 188 5
151 261 9
87 255 5
29 230 2
233 240 1
82 239 2
79 255 13
166 230 48
232 263 6
50 232 9
167 205 1
69 132 9
249 255 2
35 68 2
4 162 15
93 140 1
141 223 3
200 200 2
133 133 3
79 189 2
11 132 6
24 168 1
127 142 3
143 193 1
3 254 1
188 246 1
145 260 4
145 148 2
223 244 4
70 92 1
92 171 2
73 92 1
16 132 8
151 209 3
35 225 4
51 138 7
68 97 3
75 152 17
143 261 17
158 209 10
112 141 2
142 243 12
42 263 31
28 260 4
12 249 16
42 170 9
65 113 4
194 263 1
7 229 15
237 260 3
125 189 1
74 142 24
50 144 17
69 75 4
4 246 7
208 208 3
144 225 1
141 145 21
205 218 8
54 66 1
40 87 3
114 261 38
89 233 1
48 224 13
28 249 1
50 107 30
89 186 5
4 229 10
163 223 4
163 228 1
68 166 31
33 61 7
119 236 2
4 263 6
82 229 2
74 146 1
68 255 10
202 236 3
33 50 4
42 127 5
65 233 11
4 48 5
70 170 1
92 170 2
125 142 19
188 249 3
80 161 4
97 189 3
97 236 1
181 249 2
93 116 1
52 190 1
145 230 15
25 90 9
95 170 5
35 49 1
40 107 2
25 79 10
40 90 1
52 186 4
40 88 3
1 50 11
174 174 1
132 177 12
4 68 15
93 192 1
65 211 9
89 106 1
17 186 5
170 189 4
92 229 1
25 54 1
4 39 1
25 25 9
25 255 1
25 246 2
42 229 3
67 100 1
39 50 1
25 123 3
50 220 2
79 181 5
15 50 1
25 125 1
112 234 3
144 235 1
146 239 3
174 186 1
157 230 2
114 239 29
141 148 19
50 182 2
68 95 1
100 129 3
147 244 2
170 223 7
42 163 10
146 166 2
51 208 1
78 247 1
25 186 7
132 144 30
66 114 4
16 164 2
68 244 14
7 202 1
132 174 7
98 132 8
186 227 1
132 235 4
189 189 4
138 192 6
33 106 1
37 234 3
237 256 5
52 144 3
145 166 1
25 148 4
45 236 21
42 233 6
163 258 1
163 232 4
39 222 3
76 77 7
50 223 2
167 262 1
145 233 9
45 262 13
45 116 2
76 205 1
4 116 1
45 107 30
41 78 2
223 229 3
138 253 14
72 203 3
38 191 2
49 107 1
145 231 2
234 260 1
131 138 8
108 132 5
52 209 5
25 97 11
151 234 22
40 155 1
40 79 4
93 229 3
53 132 6
42 235 3
68 190 3
25 163 1
68 145 8
25 142 3
223 242 1
42 148 5
133 231 1
13 25 6
50 224 5
231 238 50
121 215 5
112 114 2
119 169 2
1 170 8
151 231 14
1 87 12
7 249 2
52 230 3
193 238 1
50 129 2
114 226 4
21 55 2
7 239 2
162 255 9
151 211 7
112 148 6
92 223 1
50 80 3
143 158 25
136 152 2
168 225 2
232 236 12
25 224 3
130 219 1
4 45 15
25 233 6
65 79 7
132 179 11
68 214 1
93 170 6
82 82 15
131 132 18
42 205 1
146 237 14
52 112 1
33 45 9
80 238 1
107 250 1
24 170 14
107 255 7
24 159 9
50 76 3
170 259 1
125 217 1
42 230 8
95 196 7
141 181 1
175 191 1
45 141 13
112 113 4
65 234 8
138 220 6
85 232 1
85 97 2
160 233 3
136 138 2
19 145 1
50 248 1
85 85 1
95 249 1
42 168 13
100 224 12
79 257 1
50 191 1
33 236 11
41 161 27
7 236 10
68 159 1
125 244 4
257 257 2
88 255 1
50 61 1
129 163 4
45 61 2
146 202 2
43 198 1
112 229 5
45 66 7
66 234 12
14 148 1
243 262 4
41 191 3
78 173 1
45 193 2
7 141 10
42 224 2
35 90 1
13 75 10
26 237 3
139 215 2
66 79 8
12 50 5
193 229 2
75 193 2
37 65 3
54 181 1
50 146 3
48 152 12
81 235 1
7 233 8
151 210 1
141 146 15
145 246 5
43 95 2
157 162 2
238 243 14
29 170 2
97 144 4
4 236 7
48 65 7
202 239 1
75 114 11
226 236 15
116 236 11
116 143 12
112 151 2
234 255 4
168 263 13
7 43 7
41 247 7
138 169 2
50 205 1
137 226 17
21 132 10
33 209 7
100 193 7
118 155 1
14 14 9
61 62 5
45 142 12
83 237 1
16 252 1
18 137 3
33 164 9
211 255 3
56 164 3
144 238 9
48 52 1
114 260 1
188 191 1
95 229 2
209 237 12
133 144 1
43 65 1
112 125 3
48 255 2
76 213 2
193 215 1
17 148 3
65 71 3
232 239 5
50 152 7
112 231 2
232 256 6
80 112 4
92 95 1
87 226 4
249 263 19
177 181 3
243 243 5
41 113 5
24 107 6
146 223 5
159 234 1
25 234 8
33 229 8
43 114 14
216 260 1
52 79 2
65 263 6
155 230 1
42 239 21
70 139 1
14 135 5
138 258 4
95 146 1
56 131 1
185 249 1
90 224 29
83 223 1
13 145 3
16 102 1
143 220 3
137 181 5
56 129 6
93 142 3
216 238 1
113 257 1
93 137 5
25 52 22
25 261 6
75 247 3
141 166 35
45 78 1
56 175 1
50 114 17
41 213 4
12 13 24
37 237 1
225 231 2
45 50 7
143 224 2
125 239 19
41 246 17
10 181 1
83 106 1
42 125 1
95 230 3
80 114 2
76 138 8
39 188 5
48 160 2
68 226 7
42 179 1
186 255 8
68 205 1
50 194 1
25 48 5
10 50 3
95 193 1
75 208 3
65 164 4
95 234 1
60 90 1
138 147 3
153 241 1
69 138 5
43 193 3
112 161 8
79 116 4
161 179 3
76 181 4
75 261 4
69 137 5
65 189 1
50 112 1
224 239 7
49 161 2
210 210 1
149 255 2
41 158 1
10 205 5
197 216 1
88 112 1
50 97 1
15 229 1
151 226 1
4 74 4
48 157 1
50 66 3
28 236 1
142 223 8
137 146 7
24 79 1
53 162 3
33 88 8
65 132 48
42 142 14
70 74 1
216 261 2
37 68 1
123 132 12
15 132 9
100 196 3
136 236 2
93 162 6
141 190 1
17 76 1
133 189 1
93 238 1
161 260 7
141 260 4
1 231 16
97 107 3
122 132 4
141 179 4
168 168 29
141 224 22
125 140 19
55 138 2
107 166 12
17 256 1
122 239 1
186 215 2
127 132 10
45 200 1
179 233 1
45 95 1
70 164 2
48 85 2
10 95 2
45 75 4
132 248 3
166 168 5
74 211 1
236 255 2
56 146 1
63 68 1
33 141 6
132 217 5
83 196 3
25 75 2
107 112 4
19 131 2
148 166 3
66 256 2
237 255 4
140 255 3
42 45 3
20 237 1
97 114 1
88 152 1
142 220 5
66 107 6
220 243 2
49 262 1
146 262 3
157 157 5
26 76 3
40 137 3
33 107 19
125 130 3
42 137 7
67 216 1
112 237 5
17 164 3
69 148 2
97 125 4
138 207 8
63 170 1
152 195 3
224 232 9
45 234 21
131 137 1
95 160 3
198 261 1
40 170 3
93 127 1
25 137 8
106 249 1
197 244 1
132 152 4
192 226 1
9 44 3
222 230 1
102 163 1
12 229 4
69 140 2
8 143 1
12 140 3
145 216 3
56 163 2
45 69 2
25 144 5
97 225 3
125 226 3
92 140 2
74 152 12
136 242 3
208 220 1
79 82 4
72 89 2
68 71 1
125 151 3
49 88 1
140 194 4
36 140 1
217 255 3
140 177 2
68 200 1
143 157 1
64 132 7
140 223 12
61 261 2
25 74 1
43 244 17
186 188 5
87 97 3
112 137 13
112 255 3
7 82 4
25 65 9
17 211 1
142 188 1
78 236 1
52 249 3
49 234 8
25 106 2
68 174 1
193 262 1
134 237 1
100 243 4
220 244 7
75 119 4
141 254 1
137 188 6
33 228 2
127 166 7
54 230 1
170 197 1
7 142 5
255 262 3
65 163 5
107 228 2
79 228 1
40 211 4
116 263 4
45 198 1
39 72 6
228 231 1
74 223 1
48 146 4
29 142 1
88 209 27
41 229 7
162 244 24
80 170 6
13 89 3
69 232 1
31 100 2
158 166 6
148 195 3
13 40 5
52 106 3
17 237 3
169 239 1
228 230 2
24 93 1
56 100 2
43 218 1
112 145 7
113 146 2
10 236 2
10 137 1
25 136 1
33 63 5
97 231 6
49 231 9
167 254 1
182 259 1
106 144 1
129 192 3
50 67 2
89 133 4
93 230 8
175 179 2
140 168 4
40 140 8
244 263 12
65 68 8
66 130 3
146 163 6
95 137 2
191 191 2
151 159 1
70 261 2
121 130 2
22 154 1
148 151 5
226 263 18
48 197 1
91 138 6
34 140 1
82 226 11
52 114 1
114 145 3
138 242 5
97 181 9
17 85 1
70 225 1
69 141 2
41 87 3
75 144 4
220 261 1
233 244 3
3 213 1
26 233 4
71 231 1
178 239 1
191 226 2
181 246 4
33 233 12
68 189 2
51 254 7
137 217 13
52 90 1
89 236 2
25 209 4
113 151 11
129 141 5
1 232 1
100 228 3
34 234 3
129 229 3
100 209 16
37 164 4
114 166 2
226 249 3
70 262 1
89 190 1
45 72 1
152 234 6
140 250 1
65 186 10
220 236 2
168 231 1
92 166 2
34 87 1
134 197 2
24 200 1
48 215 2
145 236 10
145 234 9
90 247 1
40 144 1
69 263 4
8 262 1
31 230 1
149 210 4
33 262 7
162 193 3
261 262 17
87 152 1
7 262 1
7 145 14
100 152 4
215 226 1
33 143 3
200 238 2
112 143 1
43 112 1
52 170 9
132 185 4
47 132 4
71 79 1
61 219 1
142 145 11
161 255 4
186 252 1
24 263 28
141 241 2
134 233 1
7 113 4
33 165 2
92 192 5
130 263 1
186 259 1
25 83 1
33 148 8
126 242 1
25 236 2
16 237 1
116 119 1
90 150 1
113 145 2
107 244 6
75 135 1
186 196 4
127 151 2
89 91 9
74 145 3
14 125 1
142 185 1
61 133 1
168 239 1
138 208 5
67 262 2
223 226 4
13 33 8
106 137 1
25 35 3
79 195 1
107 149 3
60 231 1
13 256 2
36 162 2
213 244 3
49 142 1
33 49 6
181 186 7
170 193 1
93 152 1
223 234 3
138 175 4
12 144 5
113 256 5
93 107 2
51 132 5
163 224 20
24 100 4
97 227 2
56 95 2
182 213 3
76 261 3
75 168 18
90 116 8
125 256 2
125 143 4
146 162 18
95 161 5
70 161 3
143 218 1
56 107 2
4 209 9
90 169 1
132 254 3
73 164 1
132 190 3
31 263 1
186 228 3
208 249 3
75 153 1
143 145 3
144 196 2
116 247 6
45 177 1
35 45 1
66 133 1
28 98 6
73 132 5
73 230 1
161 181 7
93 208 1
31 161 1
93 202 1
43 64 1
17 140 2
68 133 1
181 181 17
65 65 7
148 237 21
61 181 3
17 170 1
87 244 1
36 100 1
75 223 10
41 233 13
43 145 4
140 181 6
85 159 1
48 243 9
146 186 10
7 186 6
82 161 3
24 24 22
130 134 3
100 166 18
140 179 10
223 260 4
129 193 3
132 183 3
181 230 4
108 186 1
89 257 2
93 249 1
106 106 5
232 255 2
151 168 1
164 181 3
66 137 2
87 89 1
80 261 2
132 159 2
152 162 1
42 159 2
174 185 2
39 181 3
36 181 1
186 190 2
160 170 2
37 146 1
43 66 4
33 79 13
74 90 11
114 181 1
87 93 2
100 168 6
161 223 6
48 200 3
137 244 6
4 163 2
32 75 2
166 233 6
50 145 2
209 255 2
67 67 2
65 236 2
94 241 1
68 198 2
24 88 1
80 233 3
14 233 1
24 45 1
148 216 1
107 181 5
82 236 2
82 137 2
145 232 2
47 237 1
169 262 2
74 249 2
93 239 1
205 241 1
1 238 8
97 133 1
80 226 2
75 88 2
23 118 2
1 113 6
49 145 2
60 60 4
4 140 6
225 261 1
66 97 10
9 198 3
75 179 3
127 140 2
133 164 1
34 65 8
152 170 2
14 170 5
132 155 17
191 238 1
119 262 2
136 195 1
49 261 1
126 236 2
43 117 1
145 163 3
170 242 1
231 244 8
29 132 5
123 149 2
42 114 1
48 159 2
46 138 1
189 233 2
116 163 8
48 70 3
152 246 6
102 239 1
17 75 1
10 220 1
40 261 8
132 136 3
145 158 1
138 250 3
48 235 1
167 246 1
4 25 2
22 140 1
129 236 2
65 239 3
100 116 8
42 50 5
56 170 7
129 151 2
130 163 1
76 209 3
3 132 3
49 164 1
18 163 1
28 246 1
95 192 1
88 251 1
166 196 1
130 200 1
33 72 1
49 125 1
186 256 7
33 142 3
20 42 1
171 186 1
33 163 7
194 230 1
69 170 2
114 151 8
55 230 1
16 16 2
217 237 3
141 220 1
159 220 1
75 177 3
111 133 2
28 186 1
61 170 5
61 164 2
61 227 2
188 230 2
71 89 11
74 250 1
226 262 4
35 141 1
71 218 1
35 132 9
137 228 3
181 205 1
90 91 2
81 138 1
123 231 1
13 65 12
157 163 2
167 168 1
4 146 1
88 143 8
76 222 8
50 209 8
143 152 11
63 76 6
74 113 6
191 196 2
65 202 1
48 242 1
62 138 8
26 234 1
102 140 1
137 208 1
14 137 3
82 237 3
134 216 1
106 181 2
33 181 8
185 236 2
48 122 1
164 223 6
22 107 1
107 217 2
229 258 1
133 181 1
130 236 2
54 162 2
25 239 1
82 211 1
146 209 2
22 138 3
92 230 1
22 123 3
42 223 1
26 125 1
55 261 1
129 239 1
33 158 2
83 170 4
14 140 5
47 262 1
152 249 4
137 168 1
66 239 4
7 121 1
25 227 1
65 262 12
20 138 4
195 210 2
65 143 1
42 247 10
24 224 2
75 113 11
188 231 2
125 222 1
106 189 2
88 226 1
90 112 3
152 243 5
10 100 1
130 218 4
7 175 1
45 243 1
49 233 2
82 230 12
4 262 2
14 209 2
72 162 2
244 247 6
97 151 2
203 219 6
37 123 1
51 78 1
177 246 1
40 113 2
113 244 6
179 191 1
7 231 3
137 257 3
12 43 2
148 238 3
18 68 2
161 183 1
169 247 4
145 179 10
127 231 1
4 239 2
92 100 1
159 262 1
132 168 7
48 130 2
59 74 1
127 243 5
107 188 1
97 211 5
91 123 1
20 163 1
162 200 2
48 208 1
181 261 2
42 246 6
83 164 2
31 48 3
93 186 3
29 237 1
40 125 2
14 86 1
8 132 1
88 181 1
49 100 2
61 249 1
258 258 2
152 163 3
236 260 1
28 170 2
26 143 1
25 61 9
41 234 6
200 220 4
88 207 1
75 194 1
186 260 3
123 165 6
7 112 3
12 211 1
97 234 3
43 129 2
152 152 18
68 152 8
28 142 2
76 178 1
170 252 1
166 243 4
226 261 3
140 222 1
82 145 2
138 155 2
14 158 2
26 140 4
228 263 4
74 235 1
26 165 2
14 33 2
247 263 5
22 246 1
66 195 2
60 203 1
40 230 3
116 229 2
186 210 1
138 185 2
13 116 1
132 149 6
216 236 2
140 152 5
48 202 1
43 146 5
157 229 1
170 178 2
25 256 1
88 232 12
24 243 3
228 234 1
90 185 1
83 132 7
157 170 3
14 181 5
182 182 3
145 262 3
137 242 1
92 121 1
33 195 2
116 215 1
11 55 1
12 151 1
75 129 3
137 223 1
75 82 4
26 68 3
196 229 1
17 87 2
141 214 1
92 236 2
159 163 2
123 234 1
26 214 2
196 233 2
20 78 1
37 195 3
146 230 3
157 239 1
170 257 1
143 168 1
146 211 5
69 262 6
116 249 7
66 112 2
4 65 1
68 78 1
159 159 3
69 174 4
14 72 1
162 179 7
85 90 1
158 168 2
17 162 3
95 238 1
65 260 1
132 169 4
116 261 4
14 186 1
40 195 5
44 192 2
14 35 5
79 191 1
34 225 2
146 170 5
69 107 2
72 247 1
152 179 1
80 158 1
52 141 2
32 162 2
49 163 5
97 224 2
69 239 2
35 88 1
39 65 3
20 239 1
170 174 1
112 144 1
116 232 1
138 165 2
66 140 2
68 185 2
14 231 3
143 223 1
85 89 5
228 261 2
143 146 3
158 228 1
136 143 2
116 159 3
34 52 1
4 230 11
48 173 2
255 263 4
68 70 2
124 137 1
163 179 2
35 91 2
226 231 3
243 263 6
66 170 8
215 230 3
130 161 2
107 197 2
90 181 2
29 186 2
50 208 3
70 252 1
131 162 1
76 177 7
152 186 4
127 170 2
38 219 1
8 100 1
142 232 8
41 125 1
9 170 1
125 168 1
12 232 3
82 107 4
226 234 2
148 152 1
13 82 1
146 252 1
97 100 1
159 247 4
48 72 1
94 94 1
159 254 2
81 246 1
97 228 1
242 243 1
161 174 1
10 164 1
69 237 1
13 29 1
159 167 3
123 210 5
62 211 1
141 218 1
11 148 1
32 132 5
75 211 3
39 227 2
68 256 4
35 76 15
1 144 4
33 100 5
72 76 5
142 181 1
138 247 3
7 10 1
34 249 1
80 230 2
68 197 1
33 90 3
144 217 2
37 87 2
181 224 1
26 33 3
134 191 1
152 247 2
90 93 3
89 107 1
39 39 9
49 106 1
52 100 1
193 233 1
142 255 3
4 142 3
82 197 1
7 83 3
211 226 2
7 90 3
89 189 1
151 235 2
34 113 2
12 125 2
75 87 6
127 153 1
66 255 6
179 244 1
28 162 2
66 227 1
100 260 2
31 41 1
181 262 1
13 190 1
132 242 5
90 190 1
148 228 3
112 226 6
89 181 6
7 173 2
25 112 1
25 141 1
236 247 1
146 232 1
255 261 6
54 231 3
29 37 1
52 113 3
61 77 2
82 263 1
40 209 1
119 186 2
181 189 5
140 256 3
147 170 1
179 236 2
14 22 6
50 181 4
52 195 2
82 151 2
90 152 3
18 75 1
49 65 3
93 158 1
75 209 3
24 211 2
19 64 2
161 256 6
174 263 2
147 263 1
140 192 1
28 230 1
233 260 2
56 260 2
136 244 2
14 258 1
7 189 1
170 244 11
61 188 6
91 188 4
69 247 2
36 198 3
146 160 1
161 196 2
152 233 2
239 255 1
145 261 3
138 216 6
93 125 1
66 232 1
223 233 2
143 148 5
223 230 10
14 211 1
229 243 1
79 93 3
107 116 3
168 212 3
75 159 2
42 213 1
10 138 6
179 239 1
148 189 2
125 181 2
40 162 2
92 129 4
33 129 1
21 233 4
130 170 3
112 261 2
144 228 1
17 231 4
14 88 1
7 61 1
61 113 3
101 132 4
164 179 2
97 142 1
181 229 3
10 231 1
133 138 3
209 239 3
93 100 3
28 239 2
100 247 1
42 87 1
121 237 1
193 237 2
42 81 2
106 195 2
72 188 2
48 93 4
80 148 4
15 186 1
10 145 1
48 97 3
119 148 1
134 255 1
50 226 1
179 229 6
132 206 1
37 107 3
11 237 2
25 164 3
69 254 2
33 48 6
25 91 2
130 230 1
188 188 15
196 260 2
97 233 1
141 256 1
151 243 4
55 222 1
86 117 1
116 168 3
66 75 3
17 254 1
205 205 2
197 219 1
74 212 1
226 256 3
49 91 3
135 229 2
65 228 1
4 42 5
26 161 4
75 94 1
147 220 1
95 135 6
25 130 1
161 195 1
224 238 4
29 161 1
24 145 3
69 238 2
106 231 3
89 228 5
80 228 1
26 162 7
7 207 2
153 237 1
161 189 1
119 132 1
13 52 2
179 260 2
163 202 1
78 259 1
14 246 1
36 65 1
7 107 4
193 234 1
162 228 3
45 143 5
124 252 3
43 150 1
129 165 1
13 228 1
52 189 2
181 228 4
182 241 1
129 246 1
139 205 5
80 186 2
39 89 1
1 141 2
208 213 4
66 225 1
7 41 1
47 185 1
78 146 1
74 100 5
17 189 1
141 243 3
216 216 8
7 246 1
47 90 1
142 167 1
74 234 9
194 238 1
26 100 1
13 67 1
138 254 1
49 137 4
85 91 3
13 97 1
13 61 2
1 90 5
193 260 3
76 102 1
53 186 1
74 181 1
74 226 3
125 150 1
95 107 2
49 49 2
195 246 1
7 166 1
86 138 2
145 239 3
61 161 2
42 262 5
136 166 2
37 90 1
129 230 4
76 227 1
49 76 2
170 215 1
31 236 1
74 159 7
234 244 6
40 237 2
41 215 1
119 119 1
45 97 4
69 151 1
68 116 4
82 244 1
42 226 2
43 116 9
106 141 2
87 223 3
60 100 1
52 162 1
102 138 5
138 240 2
129 179 5
35 138 4
223 263 4
106 262 1
66 249 4
16 70 1
141 255 3
53 92 1
17 137 6
22 233 1
127 128 1
26 163 1
61 107 2
69 116 4
17 42 1
162 250 1
141 160 1
7 79 1
123 154 1
36 124 1
60 136 1
48 69 2
74 78 1
4 75 4
13 62 1
89 234 3
191 218 1
20 132 2
101 191 1
28 88 1
89 229 1
90 260 2
131 135 2
35 117 1
17 130 1
56 137 1
75 232 7
68 259 1
217 225 1
33 186 9
21 236 2
141 217 4
24 25 1
82 163 3
12 91 1
130 164 4
14 229 1
43 182 1
13 166 3
66 211 6
32 100 1
213 247 1
69 242 4
217 263 5
4 41 2
68 82 1
62 77 3
37 238 4
219 230 1
116 231 3
40 246 2
128 243 1
97 239 1
76 100 1
137 225 2
142 225 1
142 205 2
48 219 1
162 196 2
116 170 8
23 44 1
66 181 4
260 263 1
41 231 5
115 132 2
39 60 1
216 239 1
65 224 6
118 138 1
95 233 4
137 185 1
76 124 1
49 155 1
68 69 1
112 140 4
29 43 1
35 107 2
75 80 1
33 256 2
40 233 1
89 170 3
10 87 1
68 128 1
62 141 1
24 249 3
112 262 2
166 256 1
107 218 3
159 168 2
26 88 1
48 61 2
69 183 1
12 143 3
7 42 2
97 180 1
162 208 1
140 213 4
37 191 1
132 171 8
28 45 2
173 234 1
60 230 1
106 132 5
84 145 1
90 166 13
140 159 2
56 114 1
145 255 2
50 193 1
49 236 1
65 125 3
17 17 5
232 235 1
189 234 3
33 244 1
62 100 3
52 229 2
100 235 2
168 186 4
36 37 7
28 48 2
26 106 1
78 88 1
181 263 2
190 237 2
61 262 1
40 186 2
7 203 4
226 238 3
107 108 1
7 75 5
82 141 1
45 145 2
60 240 1
193 211 1
93 243 1
140 196 1
25 55 1
43 226 3
41 65 2
41 148 3
215 237 2
50 254 1
97 261 4
22 134 1
22 79 1
10 143 1
143 247 1
247 262 1
188 237 1
132 193 1
10 186 2
138 194 1
140 185 3
152 231 3
21 231 4
38 237 1
107 160 2
220 262 1
3 138 4
24 229 4
61 162 1
85 170 1
137 145 7
98 234 3
48 260 2
129 261 1
17 236 1
147 255 1
49 230 2
162 202 1
203 218 2
121 219 2
95 102 1
45 217 1
79 217 2
97 244 1
170 255 5
108 149 1
107 248 1
95 121 2
37 163 2
75 146 1
36 233 2
76 232 3
101 237 1
129 161 3
37 137 1
1 138 2
71 188 3
140 243 2
108 261 1
240 261 1
56 148 4
25 88 4
140 174 1
35 231 3
49 140 5
45 195 1
180 226 1
185 185 3
12 137 2
87 256 1
121 146 1
88 151 4
75 185 1
25 228 3
65 227 1
28 163 1
25 107 5
37 45 1
168 261 1
164 243 2
13 243 1
170 198 1
216 262 1
66 262 3
16 121 1
62 107 4
168 229 2
141 168 2
82 93 2
85 113 1
65 222 2
106 234 1
1 150 1
140 198 3
71 91 1
141 195 1
123 237 2
65 75 2
35 137 4
108 231 2
129 137 4
1 236 4
11 140 1
27 138 1
41 68 14
23 132 5
52 263 3
138 174 2
107 165 1
90 200 1
43 260 2
18 242 1
134 162 3
161 228 2
14 234 2
39 186 1
165 186 2
74 119 1
9 68 1
93 175 1
89 177 3
97 178 1
216 231 1
48 56 2
68 195 2
32 32 1
32 208 2
144 181 3
131 218 3
130 131 1
179 238 1
88 189 1
188 225 1
17 25 4
49 114 1
223 237 1
36 85 1
164 228 1
112 232 1
113 166 5
45 181 2
62 181 4
17 263 1
107 223 1
134 134 2
62 188 1
80 144 3
145 211 2
186 207 1
85 100 1
188 211 1
4 66 1
62 65 2
137 243 2
73 101 1
141 173 1
135 233 1
192 262 1
4 180 1
33 224 3
67 113 1
18 223 2
144 146 1
127 164 2
137 254 3
32 205 1
49 75 2
12 12 3
119 166 1
221 221 1
197 226 1
82 186 3
97 186 6
51 51 3
37 49 1
195 244 1
23 143 1
89 225 2
69 69 1
36 161 2
182 254 2
48 248 1
62 140 2
93 223 1
130 130 3
135 186 2
66 236 2
133 141 1
61 61 10
20 211 2
129 164 2
196 234 2
119 235 1
35 37 2
70 233 1
13 220 1
80 211 2
68 112 1
181 233 1
246 256 1
107 193 1
200 209 1
241 263 1
52 237 2
35 170 2
112 239 3
24 127 2
61 76 17
179 234 4
95 141 5
217 234 2
211 263 7
57 113 1
75 212 1
162 189 1
14 141 1
231 257 2
61 88 1
42 234 5
132 220 2
136 170 1
9 226 1
147 209 1
34 230 2
223 231 2
48 195 1
159 208 1
82 261 1
171 171 3
130 209 1
106 211 1
100 133 1
112 230 3
149 229 3
80 234 6
39 231 2
114 195 1
8 140 1
229 255 2
168 233 2
14 162 1
230 255 3
97 230 2
178 186 1
48 196 2
76 225 9
32 220 1
10 28 1
31 68 1
112 142 4
13 255 8
233 255 3
53 146 1
56 246 1
87 178 1
146 164 5
65 195 2
1 4 1
22 133 1
49 209 1
37 113 3
161 202 1
145 209 1
34 100 1
11 79 1
170 219 1
76 258 1
164 196 1
15 15 5
28 161 1
45 76 1
25 72 2
161 193 1
164 193 4
50 91 1
25 89 3
66 148 4
40 161 1
234 247 1
50 243 4
161 168 2
37 193 2
26 236 1
47 230 1
217 233 2
83 161 3
62 232 1
136 220 2
98 237 1
75 126 1
17 141 1
186 257 2
76 179 1
18 263 3
67 246 1
142 194 2
158 224 4
33 35 2
35 190 1
37 148 1
29 162 1
41 107 5
33 188 1
25 230 4
45 74 3
195 233 2
168 223 1
128 137 1
22 65 2
225 239 1
34 164 1
166 200 2
1 239 9
171 236 1
17 230 1
185 252 1
134 161 1
113 217 1
21 76 1
132 221 2
68 181 3
157 186 2
181 211 1
166 261 1
257 263 1
32 236 1
19 138 1
75 127 3
31 170 1
47 186 1
10 170 3
82 249 1
122 138 2
163 215 2
17 113 1
129 173 2
49 225 2
54 88 1
66 157 1
186 192 1
93 233 2
28 75 2
65 123 1
35 35 6
123 261 1
50 127 2
131 163 1
13 210 1
36 113 3
51 263 2
45 168 1
17 155 1
48 250 1
1 125 7
145 252 1
113 223 1
24 144 2
227 259 1
24 231 7
60 75 2
17 49 7
17 80 1
127 246 1
1 262 2
78 127 1
120 132 2
12 138 2
75 167 1
178 232 1
132 147 2
24 113 2
134 170 2
134 137 1
18 148 1
36 87 2
231 235 1
127 220 4
186 193 2
159 229 1
66 100 2
82 160 1
1 116 1
138 159 6
168 193 1
129 223 9
66 233 5
170 205 1
127 163 2
159 203 1
142 256 3
17 43 1
80 80 2
79 94 1
143 243 3
112 217 1
40 224 1
37 40 2
102 130 2
100 157 1
230 247 1
159 186 1
137 179 3
36 231 2
137 165 2
13 34 1
52 97 4
100 182 1
86 130 1
179 231 2
37 50 2
69 93 1
5 162 1
74 194 2
26 75 2
51 107 2
24 233 4
100 179 3
137 177 1
16 145 1
43 224 4
128 141 1
142 228 1
169 230 2
129 231 1
43 243 2
76 137 2
65 112 2
47 167 1
229 259 1
202 263 1
211 223 1
51 249 1
61 163 1
219 263 1
87 216 1
10 243 1
7 125 1
170 202 2
40 227 1
87 219 1
14 163 3
10 10 2
68 93 1
48 155 1
157 164 2
69 78 1
186 218 1
75 76 1
152 168 1
100 160 1
49 181 4
148 260 1
45 228 2
172 261 1
43 160 1
13 130 1
114 188 1
151 181 2
86 86 1
75 215 1
75 120 1
43 61 1
48 127 3
140 260 2
3 226 1
40 249 2
164 202 2
89 100 1
235 263 1
93 244 1
82 255 1
145 157 1
146 157 2
179 263 1
50 54 1
7 70 1
231 255 2
78 239 1
82 83 3
75 240 1
7 92 1
95 145 1
14 79 2
134 186 1
76 180 1
159 263 3
48 220 1
78 244 1
158 177 1
42 66 1
198 231 2
65 90 4
43 223 1
92 137 1
31 87 1
97 255 1
64 263 1
4 40 1
118 234 1
132 214 1
140 146 12
157 161 2
106 170 1
56 162 4
107 195 1
26 141 2
141 200 1
1 140 1
194 234 1
78 242 1
74 213 4
65 246 2
61 236 2
226 258 1
138 219 2
138 218 2
62 76 3
173 260 3
48 179 2
225 225 5
4 166 1
48 80 4
13 37 1
48 49 1
93 211 1
152 229 1
139 186 1
179 197 1
127 127 1
28 233 2
100 220 2
52 149 2
28 28 2
66 263 2
34 132 1
170 260 3
10 48 2
220 238 2
25 68 4
41 232 2
62 80 1
119 244 6
12 148 2
7 168 1
166 220 2
24 148 1
17 77 5
238 250 1
116 162 1
7 95 1
43 93 2
50 149 1
145 224 1
130 141 2
26 164 1
74 179 1
123 140 1
37 262 1
200 229 1
7 152 1
100 173 1
114 116 1
50 160 1
76 139 2
241 241 1
222 243 1
39 225 2
97 237 1
47 247 2
50 95 1
80 90 2
4 43 1
18 142 2
43 196 1
23 50 1
41 211 1
106 107 2
36 226 1
90 168 1
71 177 2
75 112 3
28 50 1
42 100 3
60 244 1
61 65 3
144 213 1
69 142 2
242 242 4
1 211 2
80 260 3
112 236 1
75 181 1
70 144 1
239 256 1
68 251 1
116 226 1
50 57 1
80 100 2
202 260 1
5 156 1
5 210 1
50 59 1
181 239 1
70 82 1
50 216 1
9 73 1
13 227 1
36 202 1
225 250 1
33 151 2
25 165 1
153 249 1
87 225 1
36 92 1
41 235 2
142 169 1
94 230 1
79 252 1
78 100 2
74 246 2
48 193 2
50 167 1
152 164 2
244 255 1
243 249 1
97 238 1
79 166 2
168 205 3
132 259 4
116 125 1
230 241 2
50 89 1
35 218 5
42 97 1
166 211 1
61 209 2
9 95 1
127 239 1
53 145 1
25 151 1
146 256 2
196 237 1
114 244 1
119 163 1
22 90 1
97 229 2
75 228 1
130 237 1
25 189 1
12 39 1
9 50 1
41 243 3
50 210 1
32 218 1
8 244 1
95 134 1
33 43 4
139 201 1
50 156 1
13 41 1
152 223 1
50 200 1
155 170 2
65 142 1
33 243 1
89 89 6
257 261 1
13 196 1
26 186 2
163 248 1
79 159 1
67 132 3
151 158 4
86 174 1
238 241 1
195 232 2
25 211 1
65 188 1
14 236 1
170 228 2
164 198 1
51 137 2
143 189 1
214 251 1
157 224 1
157 263 1
48 120 1
148 235 1
106 163 1
101 229 3
97 140 3
141 216 1
14 15 1
141 157 2
58 223 1
91 170 2
220 239 1
166 232 2
67 138 1
85 133 1
10 134 1
100 169 1
68 225 1
83 216 1
5 246 1
97 141 2
7 13 1
95 148 1
55 123 3
15 144 1
127 215 1
162 235 3
70 83 1
68 123 1
19 19 1
34 158 1
75 134 1
41 261 4
151 196 1
228 237 3
73 186 2
25 43 1
186 198 2
57 132 1
100 191 1
43 228 1
14 87 3
113 157 1
66 106 1
161 197 1
124 164 1
20 164 1
70 239 1
45 189 1
89 123 3
51 68 1
17 68 1
151 220 1
149 170 1
90 106 2
89 216 1
42 144 2
100 134 1
198 263 1
10 144 1
37 233 2
135 237 2
141 185 1
40 228 4
74 144 1
237 250 1
91 217 1
13 181 2
231 258 1
66 226 1
69 129 1
131 139 2
186 235 1
209 228 3
142 250 1
225 232 1
126 142 1
80 140 4
26 108 2
53 237 1
47 74 1
47 60 1
83 234 2
75 248 2
195 241 1
25 155 1
69 162 1
25 238 1
154 244 1
15 223 1
121 191 1
121 131 1
135 135 3
24 158 1
238 254 1
38 234 1
113 179 3
97 164 1
193 202 2
15 23 1
11 87 1
72 231 1
180 231 1
10 82 1
73 216 1
65 129 1
186 220 1
55 228 3
10 165 1
7 209 3
130 142 1
41 130 1
29 75 1
120 138 1
184 262 1
14 66 1
123 181 1
83 125 1
65 213 1
140 227 1
36 261 1
70 114 1
14 75 1
26 29 1
14 150 1
36 137 1
33 232 2
62 186 1
220 240 1
9 132 1
89 261 1
20 254 1
19 124 1
93 234 1
220 237 1
61 97 5
150 237 1
228 233 2
255 255 1
14 261 1
155 155 4
161 219 1
95 216 2
89 237 1
146 261 1
52 198 1
66 154 1
180 191 1
130 160 1
155 165 2
7 74 1
127 237 2
170 182 2
14 108 1
136 169 1
20 186 1
69 166 2
49 90 2
49 213 1
97 249 1
146 263 2
224 226 1
32 137 1
52 227 1
135 205 1
96 132 2
223 246 1
90 243 1
31 69 1
206 214 1
48 63 1
82 209 1
144 260 1
42 51 3
217 256 2
83 90 1
17 114 1
10 180 1
78 238 2
116 127 1
91 244 1
17 97 5
16 17 1
131 219 3
88 213 1
70 141 1
89 141 2
146 238 2
88 206 1
12 224 1
70 146 1
200 263 1
220 234 1
52 68 1
52 255 3
49 186 3
119 237 1
88 192 1
147 236 1
90 226 2
13 24 1
141 240 1
131 134 1
28 121 2
173 233 2
151 169 1
138 222 3
80 232 1
17 63 1
83 162 1
70 194 1
174 240 1
217 261 1
69 159 2
30 132 1
93 146 1
182 231 1
36 260 1
106 186 2
140 242 1
55 125 1
61 148 3
126 138 2
37 188 2
56 186 1
66 217 1
10 229 1
215 236 3
198 239 1
238 242 1
89 97 3
41 128 1
228 238 1
14 237 1
54 114 1
88 195 1
65 168 1
90 129 1
17 160 1
74 147 3
94 238 1
37 170 1
75 250 5
191 195 2
129 216 1
49 224 2
171 192 1
228 228 5
51 126 1
63 100 1
68 228 2
239 247 1
18 140 1
22 165 1
74 127 1
83 137 1
238 256 1
33 226 3
69 74 1
65 226 1
213 213 1
16 79 1
1 249 4
236 250 1
126 229 2
17 37 3
16 82 1
37 230 1
132 253 2
100 177 1
125 145 1
230 250 1
114 223 1
161 200 1
146 152 3
193 239 1
225 234 4
83 186 1
145 151 1
28 68 1
4 189 1
39 237 1
39 75 1
65 238 1
74 203 1
33 166 1
130 197 3
193 207 1
12 255 1
33 238 2
52 75 1
135 140 1
14 89 2
29 151 1
142 257 1
106 125 2
73 162 1
34 233 1
168 247 2
69 161 1
164 215 2
45 226 1
87 207 1
88 89 1
218 258 1
127 242 1
18 170 1
24 169 1
170 250 1
86 137 1
56 75 1
193 263 1
137 173 1
74 231 2
173 226 1
98 170 3
62 223 1
166 167 1
47 140 3
98 98 1
68 241 1
98 260 1
6 107 1
45 165 1
140 182 1
7 53 2
56 197 1
48 223 1
34 148 1
36 237 1
121 205 4
33 130 1
43 52 2
33 89 3
29 239 1
165 232 1
140 155 1
160 224 1
1 114 1
61 114 1
58 140 1
56 65 1
229 256 5
137 152 1
188 218 2
28 205 1
90 196 1
133 188 3
65 85 1
33 125 2
129 249 1
136 262 1
39 140 5
162 248 1
62 189 5
140 149 1
21 89 2
125 188 1
36 142 1
60 138 1
138 139 2
100 149 1
159 261 1
107 225 2
195 234 1
123 138 1
130 186 1
48 225 1
67 181 1
116 255 1
36 45 1
31 186 1
95 226 3
19 129 1
140 157 1
224 244 1
137 174 1
200 244 1
158 181 3
49 50 1
173 230 1
54 90 1
48 119 1
181 193 1
143 180 1
93 151 1
17 65 1
158 193 1
36 232 1
91 191 1
80 88 1
74 83 1
14 45 2
65 77 1
189 231 2
25 257 2
149 239 1
45 52 1
89 211 1
65 255 3
142 179 1
37 114 1
211 260 1
72 100 2
51 236 2
220 241 2
133 137 1
80 255 1
52 239 1
92 163 2
92 116 1
18 130 1
52 246 1
51 242 5
116 233 2
130 231 1
25 158 1
69 244 3
140 251 1
209 256 1
60 168 1
258 261 1
127 158 1
75 125 1
186 203 2
92 196 1
116 129 1
141 193 1
74 261 2
145 238 1
189 229 1
1 181 1
21 186 1
49 193 1
148 210 1
29 210 2
38 203 2
129 263 2
43 181 1
82 100 1
50 169 1
125 196 1
13 244 1
69 261 1
179 230 1
96 129 1
79 202 1
120 166 1
17 90 2
13 149 1
82 92 1
193 198 1
38 218 1
25 188 3
37 255 1
215 229 1
10 130 3
146 249 1
146 255 1
48 256 2
148 169 1
132 240 1
189 236 1
119 182 1
94 143 1
65 167 1
78 138 2
123 263 1
7 116 1
41 226 3
80 239 1
92 164 2
62 87 1
41 81 2
53 196 1
166 212 1
80 137 1
86 151 1
87 228 1
41 52 1
13 195 1
83 95 2
75 191 1
60 186 1
56 167 1
32 213 1
89 195 3
48 129 1
4 202 1
70 202 1
166 224 1
107 157 2
80 106 1
152 200 1
61 130 1
29 229 1
114 167 2
196 261 1
112 238 1
164 189 1
7 148 2
185 212 3
89 114 1
174 260 1
220 254 1
157 234 1
197 229 1
43 179 1
70 216 1
108 138 1
112 163 1
144 240 1
116 243 1
17 107 5
7 198 1
148 250 1
81 263 1
10 135 1
197 230 1
7 37 1
39 161 1
133 198 1
80 133 1
7 144 1
41 220 1
152 158 1
129 256 1
36 62 1
26 79 1
157 179 1
151 224 2
37 61 9
49 188 1
129 142 1
25 263 1
13 74 1
11 97 1
65 76 2
92 260 1
95 162 2
21 263 1
68 202 1
161 235 1
67 227 1
14 228 4
177 234 1
144 195 1
13 129 1
34 161 1
79 83 1
35 92 3
38 226 2
17 133 1
80 249 1
91 143 1
161 165 1
82 217 1
128 239 1
71 165 1
244 256 1
20 252 1
20 20 1
42 167 1
16 186 1
13 42 1
167 242 6
177 238 1
56 79 1
40 43 1
168 244 2
127 143 1
91 186 1
149 149 3
87 95 1
135 151 1
48 192 2
14 216 1
7 238 1
158 260 1
85 181 2
12 166 1
41 146 1
20 141 2
112 193 1
74 241 1
68 188 1
48 71 1
131 191 2
131 131 1
83 238 1
21 140 1
79 165 1
49 162 2
130 233 2
85 186 1
14 238 1
82 192 1
51 220 1
76 115 1
160 234 1
198 208 1
129 252 1
91 155 2
139 203 7
82 125 2
25 232 1
52 107 1
116 136 1
48 191 1
149 165 4
33 189 1
7 227 1
50 247 1
3 51 1
198 237 1
130 205 2
53 223 1
4 238 1
217 231 3
168 170 1
75 200 1
146 244 1
132 250 1
169 186 2
116 213 1
88 155 1
256 261 2
10 230 1
162 227 1
125 197 1
25 100 1
160 255 1
75 147 1
75 124 1
123 170 1
143 182 1
45 112 1
136 183 1
256 263 2
186 216 1
80 229 1
22 162 1
76 158 1
45 166 2
49 117 1
192 231 1
34 88 1
145 247 1
56 161 2
128 166 1
171 226 2
76 87 3
196 226 1
150 231 1
79 106 1
95 186 3
42 129 2
134 234 1
69 235 1
14 55 1
51 163 1
127 249 1
107 247 2
129 238 1
209 244 1
169 220 1
93 216 1
82 193 1
137 175 1
131 226 1
54 262 1
48 89 3
82 171 1
85 137 2
130 196 1
235 235 4
188 261 1
37 161 2
7 139 3
89 188 5
170 192 1
107 235 1
160 162 1
18 162 1
53 160 1
53 129 1
91 113 1
3 81 2
23 214 1
43 97 1
83 229 1
74 216 2
168 238 2
26 26 4
14 52 1
55 55 1
100 128 1
15 92 3
3 234 1
136 182 1
70 249 1
61 106 1
91 91 4
81 241 1
75 133 1
12 66 1
231 250 1
146 148 2
112 211 1
39 91 7
67 76 1
22 170 1
79 152 1
68 89 1
49 61 3
9 205 1
15 48 1
93 148 2
14 230 1
68 108 1
119 242 1
126 250 1
37 249 3
60 78 3
149 231 1
141 153 1
35 188 2
140 210 6
45 130 2
83 83 1
71 97 1
186 208 1
25 50 1
80 164 1
91 161 1
220 249 1
87 193 1
133 195 1
66 189 1
17 249 1
87 112 1
16 140 1
137 195 1
42 146 1
95 142 1
25 26 1
23 262 1
69 144 1
236 259 1
68 106 2
92 239 1
71 225 4
97 246 1
11 68 1
146 173 1
10 226 1
95 260 1
33 34 1
91 222 2
81 88 1
1 88 1
205 215 3
42 232 1
148 197 1
41 76 1
58 138 1
95 263 1
150 261 2
143 200 2
42 107 2
135 263 3
222 236 1
77 164 1
61 229 1
85 238 1
164 247 1
119 138 1
166 202 1
161 171 1
163 260 1
148 217 1
188 190 1
26 97 1
55 229 1
55 239 1
136 200 1
152 213 1
87 106 1
20 185 1
61 119 1
71 164 1
195 209 1
122 186 1
32 231 1
37 48 1
76 233 1
7 45 1
79 146 1
33 133 1
157 231 1
48 101 1
193 236 1
185 242 2
121 134 1
11 263 1
124 170 3
160 229 1
189 261 1
196 197 1
194 224 1
65 74 1
82 114 1
70 186 1
4 97 1
18 152 1
20 234 1
61 235 1
48 247 2
68 157 1
63 90 1
169 231 1
82 148 1
34 66 1
100 136 1
87 130 1
90 98 1
13 154 1
13 216 1
10 209 1
106 261 1
113 198 1
151 247 1
141 159 1
13 95 1
90 228 2
127 236 2
157 249 2
4 226 1
144 223 1
42 70 2
166 194 1
10 162 1
170 248 1
50 196 1
8 236 1
10 125 1
196 205 6
100 189 1
39 62 1
89 155 1
72 181 2
78 183 2
208 209 1
216 246 1
40 263 1
170 171 5
36 262 1
92 263 3
78 144 1
79 205 1
3 169 2
100 126 1
65 134 1
159 238 1
170 214 1
161 216 1
40 100 1
87 189 1
94 136 1
121 196 3
67 237 1
37 246 1
7 88 1
226 246 3
131 236 1
127 194 2
106 190 1
222 222 3
92 112 1
90 193 1
208 236 2
34 143 1
92 162 1
163 256 1
205 226 1
5 141 1
148 188 1
151 240 1
47 233 1
77 121 1
43 106 1
32 50 1
49 189 1
10 70 1
138 210 1
196 242 1
89 161 1
14 48 1
10 142 1
147 213 2
205 231 1
194 223 1
83 231 1
82 215 1
68 254 1
162 165 1
93 166 1
52 54 1
86 162 1
128 235 1
17 195 2
56 88 1
203 203 1
20 250 1
45 260 1
43 256 1
13 54 1
163 257 1
11 100 1
135 234 1
51 174 3
89 178 1
241 247 1
10 38 1
177 218 1
179 184 1
182 205 1
155 222 3
35 80 1
35 193 2
51 90 2
26 89 4
101 130 1
68 167 1
140 215 1
26 217 1
26 178 2
235 240 1
42 136 1
220 259 1
90 127 1
158 219 1
100 240 1
139 190 3
35 72 5
173 196 1
131 164 3
76 106 1
39 61 8
76 155 4
95 143 1
39 258 1
102 219 1
77 209 1
25 177 2
90 179 1
21 79 1
165 228 1
198 225 1
102 129 1
218 241 1
86 97 1
14 26 2
76 81 1
63 77 3
35 232 1
116 128 1
161 215 1
77 129 1
25 71 2
9 79 1
91 233 1
244 254 2
81 237 1
32 163 1
69 164 1
80 142 3
139 139 1
89 165 6
17 188 3
188 222 5
196 215 1
128 136 1
75 78 1
72 163 1
9 92 1
42 89 1
14 91 1
61 117 1
10 218 5
51 159 1
18 78 1
94 159 1
185 250 1
174 242 1
26 149 1
89 108 1
91 181 2
95 215 2
101 102 1
64 64 4
171 234 1
37 140 3
49 263 1
47 190 1
51 185 1
14 227 1
61 68 1
101 215 1
157 198 2
108 131 1
56 261 1
170 235 1
95 197 1
119 220 1
89 232 1
17 61 2
107 139 1
186 248 1
140 225 3
71 133 1
72 77 4
77 208 1
69 213 1
39 85 5
189 225 1
181 225 1
79 223 1
117 263 1
90 210 1
60 167 1
167 225 1
55 150 1
69 119 2
49 66 1
10 49 1
198 252 1
96 193 1
208 254 1
68 117 1
226 232 1
141 212 1
51 241 1
51 74 2
55 111 1
61 74 3
14 67 3
75 182 1
61 263 2
112 205 2
51 119 1
119 174 1
91 177 4
17 36 1
85 188 8
77 190 1
90 167 1
112 235 1
21 181 1
188 254 1
102 155 1
71 77 2
76 91 7
169 212 1
35 97 1
77 195 1
178 228 1
35 85 1
17 225 2
181 190 1
48 131 1
62 89 2
140 259 5
71 216 2
63 177 2
177 188 6
188 216 1
61 72 4
17 213 2
90 218 2
70 93 2
28 135 2
35 155 2
85 123 2
123 177 2
139 218 2
55 107 2
65 126 2
212 213 3
102 258 4
140 202 2
73 223 2
10 133 2
14 131 2
82 130 4
233 259 2
3 229 2
73 191 2
191 192 3
29 91 2
82 246 2
39 79 3
155 257 2
51 238 2
196 202 1
7 157 1
77 225 1
222 225 3
48 117 1
41 241 1
76 80 3
72 85 2
68 72 3
42 241 2
124 180 2
76 254 1
81 254 1
21 49 1
117 180 1
63 157 1
10 146 1
160 160 1
225 247 1
39 177 3
102 205 1
82 121 2
93 119 1
35 63 1
55 210 2
51 147 2
78 159 2
15 16 2
193 227 2
126 239 2
173 179 2
101 131 4
72 222 2
107 119 2
10 131 2
28 64 2
26 43 2
139 192 3
82 201 2
208 240 2
196 216 4
254 254 2
68 219 2
29 89 2
45 188 2
33 179 2
134 198 2
63 102 2
16 139 2
85 177 2
39 71 6
20 263 2
192 205 2
165 178 5
89 210 4
92 226 2
37 236 2
188 236 2
117 234 2
39 97 2
9 208 2
150 210 2
89 209 3
168 235 2
69 167 2
69 168 2
212 242 3
185 241 2
63 181 2
85 257 2
76 141 2
69 236 4
15 137 2
17 142 2
51 86 2
55 65 2
16 175 4
131 203 2
97 198 2
20 212 2
82 191 2
74 76 2
95 213 2
157 238 2
76 79 3
17 70 2
218 226 3
15 64 4
131 182 2
116 259 2
122 137 3
71 85 4
72 249 2
53 167 2
64 121 2
137 235 2
17 39 5
15 203 3
9 15 2
116 137 2
65 182 2
133 165 4
91 149 4
71 140 3
16 38 2
165 170 2
141 178 2
203 237 2
77 181 2
36 80 2
76 140 3
66 146 2
146 213 2
39 141 2
192 209 2
79 222 2
68 165 2
130 226 4
161 208 2
18 209 2
17 83 2
182 242 3
137 197 2
65 155 2
141 235 2
31 166 2
42 218 2
102 181 5
26 85 2
92 252 4
92 219 2
185 238 2
159 248 2
9 122 3
37 77 2
85 256 2
107 219 3
181 210 2
113 116 3
81 183 2
25 37 2
86 89 2
29 137 2
31 88 2
141 182 3
71 71 3
72 72 2
117 256 2
108 181 2
37 72 2
55 161 2
41 209 2
41 169 5
97 192 2
174 213 2
212 234 3
69 177 2
11 14 2
73 196 2
73 160 2
97 177 2
188 189 2
86 165 2
77 259 2
101 159 2
191 229 2
31 107 2
130 248 2
71 123 2
64 205 2
92 130 2
51 237 2
61 91 3
126 220 2
24 174 2
10 197 4
137 147 2
53 225 2
81 140 2
141 247 2
56 232 2
78 234 2
79 139 2
63 97 2
82 95 2
112 198 2
32 51 2
95 101 2
135 196 2
179 215 2
49 85 3
188 257 2
81 244 2
141 242 2
59 244 2
49 63 2
67 212 2
21 228 3
150 165 2
117 218 2
61 222 3
51 62 2
92 157 2
146 203 3
37 183 2
68 235 2
130 201 2
75 117 2
18 147 2
32 74 2
205 258 2
37 215 4
51 60 2
213 254 2
114 152 2
35 263 2
209 216 2
21 123 2
21 155 2
165 224 2
248 250 2
130 139 3
122 131 2
4 124 2
171 174 3
81 168 2
51 91 2
129 243 2
81 169 2
91 195 2
85 222 2
25 62 2
22 92 2
17 35 2
62 71 4
35 222 3
25 131 2
188 195 2
62 151 2
108 177 2
137 159 5
80 136 3
41 185 3
49 228 2
25 262 2
49 177 2
216 258 2
177 258 3
92 249 2
61 63 2
210 216 2
96 113 2
35 119 2
77 222 3
3 248 2
94 185 2
29 55 2
91 108 2
71 90 2
41 189 2
35 167 2
136 212 2
61 71 4
227 257 3
177 177 2
51 66 2
157 183 2
89 222 2
35 61 3
91 165 3
134 226 1
16 260 1
70 95 1
16 196 2
100 225 1
130 143 1
90 188 1
71 76 5
3 242 2
30 95 1
86 164 1
167 174 2
29 123 1
18 31 1
124 216 2
213 242 5
126 185 1
161 227 1
26 67 1
227 227 1
17 72 1
3 41 1
76 236 1
67 232 1
72 170 3
86 210 1
51 234 1
155 210 3
41 212 1
31 248 1
196 223 1
181 222 1
79 179 1
40 71 1
124 139 1
49 205 1
38 205 1
7 224 1
63 216 1
250 263 1
22 91 1
9 215 1
91 97 1
170 241 1
91 218 2
86 209 1
75 108 1
48 53 1
36 89 1
76 85 2
63 137 1
53 170 2
149 155 2
36 249 1
72 155 2
210 225 1
90 177 1
140 241 1
75 169 1
242 259 2
45 244 1
51 168 1
141 165 2
42 112 1
35 140 2
123 155 1
49 139 1
106 191 1
168 242 3
168 232 2
163 189 1
161 252 1
167 185 1
82 139 1
41 250 1
181 188 2
38 71 1
142 218 1
25 76 2
71 247 1
135 257 1
19 28 1
28 144 1
97 149 1
232 254 1
51 250 1
100 217 1
102 137 1
210 227 1
67 162 1
21 170 1
164 188 1
123 150 1
79 196 1
33 225 2
38 175 1
45 121 1
14 65 1
72 196 1
17 166 1
141 188 2
72 229 1
71 181 2
213 232 1
47 49 1
77 166 1
39 165 2
90 223 1
98 252 1
72 237 1
157 258 1
14 160 1
15 95 1
10 227 1
173 241 1
10 128 1
121 122 2
242 261 1
142 216 1
76 165 2
78 162 1
45 152 1
33 62 1
21 108 1
66 143 1
35 159 1
91 150 1
29 35 1
74 208 1
74 185 1
68 121 1
63 130 1
67 89 4
92 93 1
155 256 1
218 249 1
124 166 1
78 254 1
102 223 1
37 258 1
35 106 1
70 231 1
62 170 1
76 82 1
198 229 1
35 123 1
58 170 1
137 201 1
43 91 1
130 215 1
47 69 2
35 100 1
48 62 1
168 226 1
91 210 1
170 222 1
49 83 1
64 237 1
61 155 1
117 205 1
9 171 1
72 82 1
225 244 1
161 167 1
29 260 1
9 121 1
80 219 1
179 198 1
85 106 1
61 213 1
183 208 2
70 140 1
129 215 1
168 254 1
72 177 2
18 167 1
241 244 1
92 135 2
14 17 2
122 139 2
142 260 1
75 205 1
151 254 1
47 81 1
42 169 1
37 225 1
86 188 1
32 41 1
75 197 1
17 62 2
89 90 1
165 165 1
159 169 1
17 177 1
63 113 1
167 182 1
36 72 1
51 81 1
76 197 1
77 97 1
71 222 2
144 160 1
39 210 1
124 185 1
151 193 1
74 248 1
173 186 1
137 218 2
131 150 1
151 223 1
3 244 1
18 151 1
28 231 1
56 219 1
74 131 1
41 248 1
10 86 1
26 133 1
3 182 1
130 216 1
197 241 1
42 91 1
76 188 1
90 225 1
62 233 1
41 70 1
45 129 1
77 155 1
91 140 1
43 257 1
86 203 1
88 130 1
90 146 1
164 197 1
55 188 1
163 188 1
92 143 1
130 179 1
55 62 1
87 171 1
196 258 1
157 196 1
125 243 1
39 121 1
166 209 1
75 254 1
212 220 1
71 210 1
51 113 1
64 144 1
68 252 1
56 121 1
92 186 1
64 92 1
191 197 1
127 174 1
174 244 1
216 225 2
19 98 1
9 98 1
16 101 1
170 212 1
235 242 1
37 63 1
124 198 1
159 242 2
37 261 1
53 137 1
124 124 1
73 192 1
50 69 1
148 220 1
169 237 1
63 179 1
91 261 2
122 158 1
32 151 1
76 160 1
70 162 1
78 185 1
36 178 1
62 227 1
85 210 1
106 236 1
37 75 1
42 254 1
71 226 1
82 157 1
38 130 1
42 183 1
36 186 1
131 181 1
98 135 1
150 155 1
27 39 1
108 133 1
107 124 1
65 216 2
68 177 1
9 223 1
61 189 1
49 130 1
159 212 1
95 131 1
17 229 1
137 250 1
196 196 1
35 142 1
159 185 1
16 28 1
67 85 1
35 163 1
62 218 1
146 215 1
72 78 1
64 171 1
53 134 1
14 62 1
182 189 1
108 123 1
67 74 1
10 260 1
17 116 1
28 37 1
151 225 1
124 189 1
35 181 2
50 218 1
76 90 1
35 50 1
95 246 1
203 226 1
19 261 1
29 39 1
188 234 1
113 123 1
141 198 1
177 231 1
139 170 1
142 248 1
22 87 1
18 244 1
14 165 1
17 55 1
85 215 1
56 236 1
28 33 1
32 244 1
22 26 1
35 87 1
10 72 1
4 92 1
26 35 1
18 254 1
169 254 1
135 227 1
148 174 1
39 152 1
159 184 1
122 197 1
135 215 1
56 130 1
53 70 1
73 130 1
112 121 1
159 235 1
119 177 1
26 210 1
213 259 1
39 130 1
4 14 1
93 98 1
174 205 1
7 197 1
140 197 1
91 232 1
47 78 1
74 87 1
79 92 1
39 67 1
218 244 1
135 258 1
100 216 1
95 205 1
38 38 1
91 209 1
42 113 1
7 235 1
170 216 1
108 216 1
77 188 1
61 234 1
22 228 1
9 164 1
178 188 1
77 130 1
170 188 1
149 220 1
11 155 1
82 216 1
95 231 1
189 209 1
90 95 1
39 226 1
167 208 1
79 119 1
135 170 1
43 77 1
33 222 1
215 231 1
164 248 1
76 189 1
82 135 1
91 141 1
89 149 1
163 210 1
76 175 1
45 225 1
98 171 1
37 226 1
130 191 1
72 91 1
60 235 1
216 218 1
14 61 1
137 178 1
101 193 1
20 125 1
135 197 1
54 137 1
19 101 1
43 101 1
61 141 1
107 168 1
72 260 1
7 14 1
51 212 2
222 231 1
107 155 1
72 97 1
58 236 1
198 215 1
197 233 1
170 225 1
106 133 1
54 140 1
107 133 1
53 72 1
169 174 1
86 155 1
112 160 1
175 219 1
16 170 1
213 236 1
117 261 1
108 162 1
55 117 1
32 212 1
74 130 1
85 236 1
101 218 1
134 177 1
75 86 1
136 213 1
37 242 1
231 254 1
3 263 1
61 178 1
141 213 1
22 97 1
39 148 1
22 227 1
26 181 1
136 142 1
16 92 1
37 85 1
121 129 1
39 155 1
248 263 1
45 147 1
39 106 1
10 76 1
121 234 1
155 205 1
71 101 1
75 77 1
51 87 1
9 10 1
232 244 1
41 61 1
85 191 1
166 226 1
106 246 1
61 230 1
112 157 1
47 174 1
117 140 1
51 261 1
113 127 1
196 218 1
16 203 1
