48 142 1035
143 162 148
74 161 20
230 246 1017
237 237 2662
125 231 234
236 237 6131
158 230 112
140 263 894
142 163 1074
229 236 697
100 142 281
45 209 34
239 262 241
90 113 379
107 164 409
138 164 464
162 170 1265
163 239 737
88 261 70
17 138 23
145 145 291
18 116 2
42 164 11
236 262 1539
140 236 1477
142 236 1234
144 186 217
140 246 62
151 239 954
132 163 412
138 230 1222
123 132 18
4 144 47
231 255 11
229 238 90
79 256 21
132 256 75
238 239 2454
45 68 44
45 65 15
79 249 363
249 249 207
68 100 384
142 158 65
142 151 421
163 237 1436
161 163 1499
138 252 12
151 151 223
43 161 860
232 261 26
88 232 37
132 211 79
13 231 467
45 246 34
132 239 120
87 132 162
13 230 281
237 238 702
211 237 96
107 162 608
79 234 567
13 229 54
13 45 55
45 181 6
144 261 135
132 230 775
107 113 423
234 246 714
238 238 683
166 238 562
24 151 179
151 166 439
24 238 297
75 166 93
42 75 94
87 138 156
7 152 1
12 261 16
231 261 327
12 50 6
90 143 62
48 143 503
230 237 642
41 166 201
142 238 1400
186 230 2052
43 163 459
237 239 1135
237 246 272
137 186 357
137 162 427
33 132 53
107 233 317
113 231 334
114 231 244
95 113 4
164 236 273
224 237 35
125 224 7
132 203 57
181 246 7
132 132 561
132 246 99
132 170 335
236 236 2732
100 163 693
79 161 219
1 164 34
164 234 971
87 230 101
141 246 72
262 263 924
236 239 1732
87 234 114
79 137 382
137 229 395
211 224 11
144 246 145
143 143 357
24 263 40
107 170 1104
161 164 1529
141 236 1960
186 236 315
163 186 969
79 163 78
170 170 552
142 229 291
48 68 981
125 186 149
43 68 148
100 138 350
246 249 313
144 249 233
151 238 999
138 151 65
13 261 112
230 239 508
43 143 200
48 140 135
142 143 1068
132 237 176
113 125 171
68 90 734
138 162 749
138 261 147
15 132 9
88 231 161
113 144 294
236 246 197
48 163 653
125 138 79
138 141 181
232 263 12
142 263 289
229 256 8
132 243 15
79 231 235
161 186 1653
48 262 54
48 230 749
68 230 618
151 163 118
116 132 17
170 186 1031
162 162 608
236 263 1816
43 263 241
162 229 761
243 262 2
43 75 120
142 170 317
68 246 879
151 186 53
186 209 50
132 142 186
66 79 7
12 239 1
89 132 43
161 261 170
45 48 24
48 162 443
50 142 383
50 238 156
138 233 242
43 237 891
142 220 8
161 233 568
140 229 838
100 229 205
70 210 1
90 170 379
90 114 220
48 144 72
152 230 7
163 230 1069
113 229 85
161 229 805
140 141 1050
107 137 490
137 164 284
43 230 560
7 138 100
170 234 1396
170 229 699
107 246 192
68 170 458
100 161 1074
7 236 7
186 232 40
41 42 154
138 140 180
164 211 137
45 75 3
48 50 479
151 237 189
132 261 100
48 132 401
48 137 88
48 164 302
88 237 28
100 186 476
100 234 526
79 138 103
87 148 76
140 237 1675
113 249 415
230 249 175
211 261 129
88 138 71
87 164 75
79 186 345
162 186 1142
132 140 98
132 226 167
82 132 110
82 114 1
88 164 70
237 262 920
68 68 485
65 249 5
68 79 203
107 234 646
107 142 121
18 68 2
65 181 9
87 262 21
13 90 104
141 141 778
79 113 507
98 132 12
68 249 470
186 229 305
42 233 14
132 160 22
140 262 806
140 224 35
90 107 376
230 234 591
107 211 149
107 186 615
45 261 57
68 87 59
141 162 929
152 263 8
13 161 301
13 211 168
25 211 4
132 162 437
100 107 195
43 239 637
239 239 1125
229 261 21
209 261 52
163 163 295
229 230 266
4 107 73
232 246 8
48 186 887
158 186 228
186 233 416
43 229 163
17 229 4
132 259 5
197 216 7
107 114 284
164 231 196
162 237 2033
1 233 16
164 261 119
28 242 1
170 263 177
90 230 339
164 230 708
91 162 2
141 230 204
116 200 1
142 166 209
141 170 464
143 236 401
231 262 37
79 107 656
79 148 301
232 249 27
249 256 4
13 158 157
132 164 426
41 239 138
140 142 395
161 238 257
132 133 12
13 79 81
161 232 25
13 144 130
48 237 383
125 163 56
161 237 2669
186 211 211
186 234 917
216 234 2
132 143 62
132 238 128
41 236 143
161 236 1638
100 162 545
36 132 27
263 263 527
186 238 133
41 75 197
74 75 537
140 239 373
233 236 212
142 239 2406
229 263 477
163 263 195
141 142 581
138 236 267
68 158 209
158 249 269
68 186 634
90 90 240
132 135 31
146 179 20
68 107 301
68 161 590
144 161 256
33 233 15
132 255 100
48 211 72
90 144 123
234 236 300
144 164 174
163 246 628
236 238 1428
79 233 227
137 263 97
141 238 306
41 151 205
141 262 776
158 231 324
88 234 48
11 132 6
163 170 677
1 100 34
161 162 1429
107 148 177
50 151 41
79 170 446
230 231 241
142 237 1656
239 263 384
170 211 161
144 230 177
12 107 3
43 170 172
143 161 281
162 230 918
158 234 309
144 158 161
79 158 119
4 211 18
162 239 377
13 239 49
68 163 388
148 211 158
161 170 1535
113 148 163
112 138 42
129 138 318
65 138 58
114 234 488
211 249 286
186 262 105
90 138 80
140 162 900
65 66 10
33 79 6
143 170 119
48 151 100
68 141 84
132 141 126
107 229 296
48 141 164
87 257 1
41 143 28
137 222 2
229 233 449
161 231 356
231 234 461
170 249 270
170 224 105
144 209 36
137 237 211
170 256 9
140 231 84
137 140 196
140 238 276
125 148 52
36 100 2
132 186 247
161 230 1210
211 233 38
68 231 321
68 236 160
141 211 37
158 158 84
68 256 11
158 246 353
158 161 133
138 195 5
132 181 97
164 229 258
50 141 49
50 107 40
132 231 140
132 144 57
141 144 41
68 238 129
141 237 2203
229 234 257
164 186 532
79 100 104
79 239 40
75 107 39
68 237 234
75 238 372
88 161 121
13 186 232
200 237 2
143 239 1246
43 238 451
79 90 212
13 113 102
132 223 94
142 142 780
143 151 202
163 164 622
43 164 220
13 164 159
48 138 313
100 230 938
170 231 225
100 233 234
132 229 149
236 244 40
132 145 135
12 162 9
87 229 48
74 263 292
237 263 1232
132 249 91
143 246 254
229 229 286
224 262 16
163 234 548
12 43 2
138 146 41
143 238 708
75 236 935
79 140 93
144 162 125
50 143 275
142 230 814
79 132 147
211 246 197
95 132 89
143 158 36
137 234 402
161 239 544
145 170 28
100 246 594
68 234 872
227 234 1
42 140 18
74 140 88
7 263 7
7 132 66
138 229 207
132 175 6
164 246 516
48 263 93
161 262 261
247 262 3
41 41 136
41 238 198
137 148 84
170 233 468
1 148 7
158 170 94
90 100 360
48 161 753
114 143 13
92 132 50
170 236 463
162 256 8
43 107 64
74 143 23
74 74 148
230 230 475
230 233 301
43 211 40
100 137 142
132 161 521
140 140 463
74 142 42
138 170 396
7 68 8
79 114 335
13 48 136
12 230 22
161 234 1604
186 239 273
230 238 211
13 246 278
161 246 729
113 230 196
43 116 12
142 161 1005
132 263 91
132 137 64
13 170 145
162 263 362
163 233 257
186 263 109
140 233 427
162 236 1312
164 263 86
229 237 1226
75 263 589
10 132 181
41 138 48
24 41 84
90 211 215
226 260 26
43 262 128
43 142 709
141 161 742
75 132 72
13 263 17
116 152 46
107 179 4
7 260 17
7 7 101
45 230 44
45 161 58
13 132 113
48 48 629
209 262 9
48 209 13
75 237 426
90 158 314
48 90 291
234 261 121
100 211 118
138 186 206
230 261 215
148 170 118
41 142 91
141 229 1021
162 211 102
170 246 373
162 164 776
90 164 339
142 164 200
49 138 26
90 163 207
75 143 71
107 161 573
229 239 154
233 237 407
141 164 177
100 113 162
90 142 115
107 261 51
138 161 1011
107 237 330
163 236 1100
50 90 134
90 209 18
48 170 407
114 163 90
100 236 201
48 234 316
132 138 314
132 166 61
42 236 53
12 209 12
107 141 192
141 263 1328
211 262 18
161 161 965
28 132 205
43 100 182
68 142 332
76 161 1
113 113 188
148 234 157
113 161 307
158 233 17
74 239 72
141 151 57
90 249 563
231 249 431
142 162 591
143 234 84
33 138 41
43 113 56
238 263 352
141 249 36
137 141 242
238 262 151
132 216 124
66 138 15
48 79 114
144 236 55
13 114 85
107 144 176
138 208 5
75 151 192
161 263 305
79 262 54
74 132 34
140 161 628
43 186 239
114 186 181
68 162 327
231 231 422
87 261 106
45 87 87
141 233 462
234 238 94
41 161 34
246 246 349
151 162 43
132 241 2
56 132 136
43 48 305
140 163 345
107 224 120
113 233 104
43 151 147
162 238 207
138 158 40
50 158 64
79 141 118
68 164 443
148 231 152
88 229 20
100 224 24
48 75 52
138 239 171
137 170 596
79 211 214
113 140 68
158 211 187
166 236 208
48 239 599
152 238 51
137 142 76
79 246 147
4 234 53
138 193 14
100 114 84
100 231 163
233 233 151
129 226 16
13 68 228
143 231 39
142 233 117
114 138 43
164 170 797
152 166 95
138 145 47
142 246 382
90 137 129
142 262 193
244 244 42
24 152 29
144 163 123
132 262 106
158 164 96
50 233 41
113 246 206
79 252 1
43 256 2
100 170 587
48 231 144
107 239 75
138 223 123
33 249 14
162 261 103
107 263 98
107 238 46
37 125 1
137 236 108
88 211 31
13 66 13
226 226 87
141 234 185
50 140 43
50 50 103
143 262 64
113 186 383
43 141 309
186 231 390
211 238 19
50 239 255
230 236 468
162 163 959
50 234 128
233 262 128
75 163 100
75 186 86
129 132 61
68 143 175
143 164 64
107 107 328
114 114 60
48 246 899
48 100 442
42 42 100
45 148 47
43 162 340
143 263 105
100 262 49
112 161 6
74 234 12
144 211 138
148 164 89
170 230 649
74 138 51
1 68 33
144 237 108
211 234 385
146 211 1
166 239 407
186 246 828
87 170 146
170 237 995
138 163 579
4 68 24
90 239 87
233 263 219
162 233 451
45 88 49
163 261 88
41 48 35
238 246 143
140 186 295
140 202 10
202 202 1
146 229 10
80 148 12
45 137 37
88 144 45
75 140 187
24 141 14
88 256 3
132 198 27
48 166 67
193 238 1
50 236 108
43 236 915
234 263 82
13 162 224
40 132 30
40 138 17
92 135 3
43 233 71
68 239 216
95 138 35
138 188 16
144 233 50
137 230 101
97 181 11
231 233 75
113 170 409
107 132 135
179 229 4
148 198 2
48 261 108
233 244 12
125 161 99
114 249 308
90 232 26
43 138 150
50 246 411
1 143 6
138 263 137
132 219 103
50 237 114
87 263 26
62 150 1
25 209 4
13 234 173
68 233 148
48 113 90
113 164 285
162 224 50
148 186 137
137 262 93
33 137 16
87 163 52
148 163 38
234 249 734
79 263 60
1 249 12
161 211 231
170 262 145
224 263 21
142 224 18
24 244 20
13 249 132
43 231 55
114 237 96
107 236 180
164 233 271
132 233 226
7 146 57
114 170 192
100 237 338
100 100 159
148 261 72
211 236 57
116 138 23
231 232 64
113 237 189
90 186 533
13 88 118
90 234 627
45 170 37
45 186 45
4 262 3
100 158 103
113 234 713
79 164 205
24 68 9
170 238 112
114 246 135
166 186 51
163 238 345
138 255 44
48 107 116
13 163 169
138 182 2
13 209 43
137 138 72
48 238 320
138 142 207
234 237 548
74 237 93
148 209 39
88 186 71
79 142 65
79 261 86
114 256 5
232 234 47
232 232 28
197 215 1
79 79 380
24 239 255
90 262 25
125 249 205
50 230 339
151 263 104
114 137 107
45 113 34
87 107 81
74 236 288
75 142 174
43 43 399
114 162 111
75 141 221
179 238 8
89 236 2
79 88 59
88 230 80
163 166 85
79 87 114
79 162 246
50 132 49
125 164 87
238 249 36
107 158 80
88 100 43
148 162 96
88 233 51
161 249 231
45 233 36
87 211 93
7 229 17
158 239 43
142 186 379
114 132 55
113 211 315
132 196 55
48 114 68
137 233 376
140 143 156
79 144 337
100 148 65
80 132 56
113 261 73
249 262 14
90 161 310
141 186 253
151 236 430
209 238 5
79 143 27
164 237 533
68 119 3
90 152 4
113 137 206
66 125 2
132 251 3
138 237 349
148 249 112
50 164 118
141 193 5
141 143 176
12 164 14
148 229 34
54 148 1
25 54 2
68 262 26
71 177 4
186 237 575
116 239 45
166 247 3
79 229 151
45 162 43
43 45 13
43 144 50
138 246 184
50 163 276
79 237 123
43 261 42
144 231 348
49 132 66
50 229 47
114 229 51
181 256 1
239 244 70
24 166 113
238 244 76
90 148 57
114 161 170
146 237 18
229 249 57
12 13 35
87 141 26
87 186 152
143 237 413
79 230 118
186 249 379
90 229 70
125 230 86
113 162 187
19 132 11
87 114 64
45 144 39
148 148 68
87 161 170
158 263 8
74 116 22
140 226 20
143 230 292
143 186 141
36 138 19
138 225 18
23 138 1
148 161 103
158 163 87
144 170 195
163 229 475
24 74 46
161 209 47
87 233 82
65 144 20
138 148 73
116 151 51
151 152 40
138 181 54
68 263 50
163 209 22
209 232 29
45 164 40
125 142 16
75 116 20
138 234 185
13 148 60
162 232 26
162 262 277
148 230 84
106 228 1
52 79 4
1 211 13
48 233 138
236 249 77
223 223 28
43 132 69
143 163 493
209 236 17
3 138 2
137 161 244
13 40 6
186 261 173
41 186 33
1 43 5
41 132 50
50 263 30
75 239 188
50 68 280
114 230 126
88 163 45
76 144 1
137 144 66
12 87 9
141 163 476
43 125 11
88 151 1
87 255 9
45 141 10
125 158 130
24 24 39
90 162 209
163 231 171
68 132 221
76 138 4
107 262 77
132 152 9
244 263 12
211 231 381
113 143 53
87 100 68
179 260 9
114 261 63
151 231 14
43 209 10
43 87 17
164 239 142
50 161 269
140 170 347
48 148 34
141 239 430
208 212 1
148 255 21
1 158 21
219 230 1
48 229 161
75 100 29
68 148 93
25 249 2
113 224 55
189 256 2
87 231 303
12 163 10
138 238 141
75 138 70
25 80 2
7 223 49
138 168 5
70 129 9
70 173 1
129 243 1
97 138 31
137 224 71
13 43 34
12 158 6
76 135 2
90 246 591
138 202 12
158 238 19
1 239 19
68 133 3
80 209 1
68 211 216
186 243 8
170 247 9
41 244 26
243 244 25
114 164 154
229 246 88
211 230 177
164 209 32
234 234 407
90 261 45
43 140 231
132 236 153
113 141 72
90 132 95
233 234 264
13 65 11
43 234 172
140 144 36
41 114 7
48 226 8
114 211 139
50 79 24
132 232 21
140 148 29
90 231 242
68 113 320
68 88 47
43 158 35
25 234 8
140 168 2
107 249 248
114 144 161
12 144 12
41 261 4
48 87 46
112 170 14
47 132 4
24 42 23
41 152 58
164 164 264
137 209 17
17 148 7
43 137 23
140 230 158
17 262 1
112 132 62
100 164 400
75 75 310
237 249 144
132 188 31
101 132 20
33 255 2
140 232 39
138 179 31
50 244 18
47 244 1
132 165 20
13 232 27
100 141 115
186 215 2
74 262 117
31 236 1
90 198 1
80 160 1
1 87 18
163 249 132
231 246 378
1 237 18
132 258 21
43 148 33
68 138 215
164 256 14
123 149 6
144 234 351
43 246 161
132 179 19
138 152 8
41 45 4
68 125 142
114 158 140
114 255 4
113 114 325
148 256 21
256 256 8
148 246 74
132 234 172
1 1 32
7 186 16
45 100 26
132 228 14
22 170 1
125 162 54
151 244 37
100 261 119
142 249 59
1 137 5
82 138 23
112 234 8
13 13 100
13 100 120
261 261 63
4 137 49
151 234 40
12 48 18
166 166 206
4 164 15
7 141 24
65 132 58
83 141 1
179 186 2
79 209 52
138 144 77
144 262 26
230 263 86
158 261 67
45 211 30
87 162 150
82 100 7
1 48 39
45 255 4
68 261 113
112 226 6
107 231 170
65 211 11
87 158 42
239 246 252
4 100 13
143 166 116
13 50 47
138 138 247
138 262 133
144 239 34
114 224 19
125 144 111
140 234 138
113 262 38
157 188 1
75 177 7
66 261 22
50 119 6
233 238 49
125 246 137
1 138 11
25 132 61
52 90 5
1 162 61
12 161 18
75 79 21
113 236 125
100 249 142
230 262 70
158 162 89
87 88 75
88 209 48
142 144 32
239 249 53
83 132 8
90 236 113
41 237 88
68 151 38
164 249 193
50 231 93
43 249 40
162 234 832
50 170 114
246 261 137
14 132 36
41 43 73
79 224 76
132 139 35
37 186 4
13 125 114
186 224 66
143 249 27
75 114 11
93 132 540
137 226 14
130 132 209
75 246 23
100 238 85
50 66 2
56 249 3
148 263 23
234 239 135
132 260 44
125 234 232
90 237 176
166 233 18
141 166 36
233 261 48
45 231 99
74 141 105
48 249 161
80 138 27
144 256 26
75 230 47
33 170 21
100 143 108
37 261 2
142 234 224
152 170 2
186 255 14
107 230 196
24 142 130
125 237 37
132 252 15
45 142 15
12 68 12
66 132 28
66 137 5
21 108 2
48 145 11
7 162 18
7 13 2
48 125 38
33 164 10
143 261 10
74 243 2
35 177 5
65 65 12
107 140 183
1 79 17
41 163 29
33 88 5
1 142 27
49 161 5
33 231 48
211 229 48
25 161 5
50 148 18
146 173 2
249 261 83
209 211 21
65 88 13
137 211 73
142 211 42
113 138 84
142 152 13
68 152 4
79 232 109
138 231 122
166 237 112
28 170 3
113 263 36
132 134 56
62 132 31
48 88 26
181 239 2
137 198 5
129 234 26
114 148 107
170 239 213
119 236 3
75 161 158
88 162 78
24 230 21
66 256 5
125 236 21
113 239 54
100 263 61
14 148 2
13 233 68
33 239 6
4 43 2
4 88 12
97 232 2
17 162 7
162 231 229
37 138 20
64 79 1
69 263 3
74 229 19
42 158 1
24 48 43
137 193 4
162 209 35
116 162 4
125 211 90
17 132 46
211 211 67
1 132 15
137 232 54
230 232 12
224 234 116
163 262 160
244 249 5
25 262 2
137 249 95
7 170 16
138 209 37
41 87 4
41 79 3
66 163 12
138 228 10
116 141 3
113 238 46
159 247 4
151 230 72
1 230 97
1 107 9
107 163 182
17 230 2
4 79 123
56 211 2
166 263 60
151 158 11
94 220 1
68 114 169
45 234 34
148 237 51
87 238 6
146 162 13
138 207 8
146 223 7
125 239 19
142 244 38
43 244 14
114 239 21
143 229 78
74 151 109
88 142 13
13 52 5
180 185 1
74 168 25
100 125 64
237 261 34
25 88 4
209 234 38
107 209 24
42 138 33
50 261 28
79 238 34
66 186 11
13 142 68
132 157 68
113 151 12
162 249 98
113 163 138
4 114 50
26 132 31
68 224 27
42 166 56
33 181 13
88 97 5
225 261 1
144 263 11
50 186 244
93 263 10
146 260 9
209 231 82
40 211 3
25 79 7
206 206 1
166 261 2
141 226 22
141 148 23
65 246 7
88 249 19
116 263 21
24 50 17
12 100 16
138 226 50
100 132 218
88 148 43
163 211 122
90 224 46
17 255 3
50 138 64
87 140 63
7 140 31
88 255 1
158 236 53
193 193 191
13 262 14
132 180 14
58 132 2
137 163 111
113 132 112
13 107 75
211 232 22
1 170 25
132 155 25
13 155 1
41 74 235
127 166 4
74 166 108
209 230 24
68 229 80
13 189 4
87 90 45
16 102 1
87 142 20
88 246 59
69 132 11
79 236 83
43 114 38
132 215 124
1 186 27
12 45 10
220 234 1
12 142 5
233 246 125
45 163 15
209 249 23
48 236 322
100 239 149
102 246 1
229 262 295
48 65 2
60 151 1
138 160 8
38 132 30
41 263 41
43 50 65
170 261 86
14 162 5
113 209 25
45 79 70
148 232 60
75 262 200
56 170 9
12 233 3
24 186 15
234 262 83
24 43 49
76 132 60
113 255 8
130 170 3
144 148 149
114 151 8
186 227 1
161 224 34
144 224 17
42 132 38
138 243 28
100 243 5
158 237 104
127 239 3
24 143 65
48 71 3
71 119 1
1 234 26
83 129 2
140 145 20
45 236 13
4 113 73
144 232 53
107 138 177
87 232 36
123 138 3
107 181 7
66 162 12
39 65 1
90 238 55
87 246 105
43 74 69
66 158 7
74 244 22
41 116 44
125 209 11
31 237 1
143 244 47
42 244 25
65 148 12
97 114 2
48 158 135
170 181 11
33 186 20
65 234 12
211 255 6
166 230 55
24 161 21
13 138 147
116 140 9
211 239 34
70 163 2
43 223 2
45 232 29
45 107 38
125 132 58
41 141 38
13 237 89
143 200 7
132 225 43
151 164 24
50 87 18
231 238 39
66 170 9
100 226 15
10 171 1
69 138 9
87 113 58
45 138 23
90 233 80
138 232 22
138 249 57
192 230 1
10 107 2
49 189 4
75 234 34
148 158 53
21 89 1
70 100 1
229 232 15
112 229 6
39 132 45
41 246 18
68 144 140
42 246 9
42 237 28
1 125 13
13 236 50
42 79 8
7 79 5
179 230 4
141 224 21
61 79 5
25 195 5
75 162 123
138 143 58
186 247 2
41 68 14
140 158 39
82 231 7
93 239 5
43 79 39
65 255 13
125 170 73
79 125 92
65 231 45
107 145 11
80 100 1
147 238 1
33 52 29
79 198 2
170 226 16
113 142 72
132 191 26
37 132 43
61 61 11
45 239 3
49 65 8
65 137 31
137 223 4
48 116 20
1 124 1
43 166 95
125 261 70
142 148 19
148 233 50
224 233 40
50 144 19
137 239 45
224 224 14
1 231 29
4 13 14
92 230 1
188 263 1
12 66 4
66 67 1
114 263 12
54 107 1
114 233 46
12 211 8
1 161 68
33 40 43
162 217 4
34 138 3
157 211 1
12 246 11
93 230 14
13 137 38
45 263 8
87 249 53
152 239 29
41 162 25
107 125 69
37 79 7
93 143 4
45 54 2
231 243 4
218 244 1
13 87 146
66 141 3
24 75 55
66 255 6
140 249 48
24 132 22
24 100 8
116 166 68
50 249 61
4 138 7
186 226 19
142 231 72
7 179 74
162 246 362
42 152 25
66 249 6
53 132 13
194 236 2
138 224 26
113 168 1
38 142 1
68 244 11
64 132 11
78 78 2
97 249 3
24 237 62
138 257 6
36 43 1
130 238 3
88 88 19
59 100 1
89 138 11
163 256 9
134 138 6
181 186 22
25 100 4
37 65 5
163 179 2
249 263 23
48 224 11
48 93 5
35 61 10
65 230 8
186 186 171
223 230 3
132 189 38
166 244 90
28 161 3
129 162 4
135 135 9
132 151 55
12 186 14
49 237 1
132 244 21
75 229 86
25 232 6
218 223 1
164 238 70
125 141 10
161 226 28
66 88 16
140 179 11
100 144 100
116 238 55
68 200 2
226 263 7
146 146 27
146 226 23
159 208 2
65 161 11
116 143 21
50 74 8
231 256 11
166 220 7
132 257 16
152 163 8
75 233 43
142 261 20
231 239 61
138 192 4
88 107 39
33 261 18
50 166 32
220 239 4
24 87 3
20 247 1
82 226 13
140 164 131
140 261 17
124 132 35
43 133 1
102 239 2
143 233 39
231 237 119
121 192 2
141 231 58
148 262 14
33 195 4
12 231 24
87 237 60
73 132 3
234 256 18
4 132 17
68 129 2
1 229 7
223 244 3
66 113 8
125 125 35
48 167 3
82 82 9
50 82 1
12 125 2
90 125 124
107 151 16
71 132 30
130 138 9
4 12 3
48 232 14
33 236 19
144 144 50
166 170 24
68 209 29
148 238 8
40 90 1
132 158 75
141 146 11
137 246 47
93 162 10
8 132 5
158 256 6
170 192 4
87 239 13
112 164 8
129 137 4
41 262 16
162 226 21
75 220 2
74 170 25
140 151 94
68 140 80
1 246 38
19 138 3
137 137 151
137 231 61
159 262 3
75 247 8
24 236 107
4 48 11
68 137 119
41 148 8
113 152 4
87 227 1
69 119 3
140 242 1
17 106 1
17 66 1
71 162 1
74 249 4
88 113 21
223 236 8
87 144 108
33 107 13
79 106 2
52 114 3
127 238 9
127 127 3
42 231 12
43 241 1
141 181 8
87 137 69
28 237 2
113 158 238
88 170 85
88 182 1
226 230 12
68 75 28
132 150 9
40 221 1
50 262 23
88 166 1
87 236 36
13 255 5
132 177 11
132 148 117
137 260 8
129 229 4
129 129 26
16 140 3
66 230 18
114 232 30
233 239 80
179 237 7
7 193 32
16 138 12
42 263 29
220 236 7
88 125 19
74 238 137
224 261 3
56 134 1
45 229 14
50 211 44
114 141 38
115 132 3
93 138 36
87 145 8
88 141 16
165 165 5
66 144 15
50 162 165
42 238 57
49 141 2
64 138 3
74 164 10
92 237 1
4 52 1
234 241 3
112 230 9
132 146 27
18 48 1
174 200 1
224 230 17
1 151 1
132 182 4
233 249 57
97 158 3
82 137 5
42 162 9
66 231 31
135 138 10
137 168 4
163 232 9
79 112 10
82 95 5
66 140 9
50 137 22
101 164 1
93 229 4
70 161 7
137 143 26
42 168 5
155 155 4
74 113 11
112 112 19
107 232 59
151 161 86
145 246 7
1 261 30
148 228 1
88 239 11
132 149 12
79 93 7
75 137 41
75 191 1
100 165 2
28 95 3
140 160 3
138 198 13
97 231 11
50 224 2
120 161 1
232 237 28
186 244 29
166 262 25
25 138 27
90 141 63
18 168 1
56 70 6
116 244 47
161 166 68
144 151 7
33 66 15
114 142 43
48 123 1
88 140 37
95 170 15
24 138 14
140 209 41
48 74 14
97 234 1
42 141 18
138 189 12
88 181 5
116 230 9
50 100 217
1 209 4
40 161 5
151 170 37
170 241 1
13 195 3
76 186 3
112 145 7
116 237 13
48 135 2
75 223 3
140 255 7
3 89 1
18 247 1
75 170 59
145 146 16
43 243 6
90 140 59
75 90 20
160 170 6
7 226 45
33 256 2
114 125 90
119 237 1
119 231 2
41 140 30
87 125 58
106 132 10
129 179 8
161 255 13
48 152 10
163 217 2
159 232 1
75 168 10
80 114 5
125 233 27
37 114 3
41 230 31
112 148 5
97 211 4
79 130 1
61 132 71
112 137 7
25 87 7
164 189 3
137 261 19
68 123 2
230 256 5
61 170 6
49 125 2
125 146 1
102 198 3
100 140 132
225 231 1
33 97 13
33 33 26
24 231 6
141 223 5
233 256 4
209 239 7
138 260 58
13 151 8
45 132 23
48 244 21
4 161 12
53 163 1
1 114 6
138 211 62
152 233 1
98 138 8
224 239 14
70 186 2
117 132 10
100 232 22
193 226 9
92 161 3
151 249 11
71 141 3
143 209 4
223 263 5
42 142 38
79 91 1
132 220 7
15 15 19
24 164 9
137 181 9
66 97 11
43 88 18
202 237 9
186 202 3
132 205 31
61 186 10
28 138 8
132 224 18
33 148 11
80 137 7
74 126 3
211 226 2
101 138 3
220 244 3
144 229 52
1 238 7
137 255 4
262 262 203
237 244 26
33 230 8
127 231 1
100 151 22
181 189 11
48 260 4
40 249 3
137 238 53
50 125 19
22 140 1
50 136 1
14 14 10
42 69 4
74 90 3
74 230 17
75 87 9
97 186 9
112 236 5
10 164 7
7 142 13
63 230 1
238 243 21
138 235 6
88 114 17
42 239 28
83 179 1
164 262 48
4 17 1
10 145 3
143 152 10
24 140 26
229 260 5
155 231 2
83 230 1
7 237 26
138 149 3
224 229 32
4 231 33
79 226 6
170 244 8
211 217 2
100 145 13
69 75 10
230 244 16
193 236 2
75 235 6
229 231 82
38 164 1
116 246 11
215 244 1
241 263 1
117 124 1
66 74 17
137 256 15
127 151 5
261 262 12
237 256 7
13 143 23
144 145 3
12 237 3
141 220 2
224 249 30
164 217 5
49 170 8
62 188 2
129 140 13
82 229 3
246 263 52
97 137 7
33 114 14
12 79 4
102 132 18
88 132 55
49 229 1
145 164 15
63 76 2
41 90 8
75 244 14
209 209 14
42 247 6
74 152 34
66 164 11
226 234 9
246 262 31
62 125 1
142 145 11
68 255 9
45 140 19
75 88 5
164 224 54
65 233 10
45 238 11
136 244 5
41 100 14
42 170 13
70 132 19
113 159 1
1 45 5
145 233 18
12 141 1
65 141 9
224 232 18
68 232 22
170 232 53
75 144 15
15 138 10
116 170 6
132 193 9
244 262 13
179 226 5
95 162 5
145 162 45
138 166 51
48 193 2
162 166 56
4 186 44
79 151 12
90 263 23
163 200 5
200 239 7
40 186 10
25 151 2
135 164 2
43 145 6
3 140 1
45 125 14
40 170 4
209 237 24
66 246 11
41 170 22
141 208 2
76 140 2
74 185 2
161 219 1
161 256 11
74 179 1
42 74 89
100 259 1
137 158 26
17 163 2
234 255 7
1 13 27
231 236 78
113 181 8
168 247 3
24 170 19
74 213 3
246 255 6
220 241 2
68 181 6
93 238 4
66 161 20
145 196 2
132 213 7
138 259 4
33 144 9
114 236 44
132 210 25
33 141 11
164 226 9
166 234 20
7 82 4
26 142 2
11 231 2
61 97 10
48 247 2
88 147 1
33 232 5
53 138 12
75 197 3
12 26 1
67 132 7
49 100 7
130 202 1
132 200 7
88 157 2
146 161 8
170 217 9
74 232 5
95 260 4
218 226 2
130 163 4
102 170 2
26 50 4
163 226 14
142 188 1
112 193 3
181 234 8
181 233 5
25 43 1
16 70 1
161 223 7
183 242 2
48 213 1
42 230 10
4 230 11
13 141 32
223 234 3
40 162 6
226 233 11
151 229 16
4 237 10
181 231 19
200 200 4
215 230 5
70 138 97
205 205 8
25 97 12
143 148 11
32 236 2
243 246 4
145 226 23
55 162 1
168 168 24
207 207 51
168 236 7
229 255 6
66 68 4
132 208 5
61 209 5
236 255 3
29 140 3
25 158 1
72 177 2
195 263 1
24 162 21
211 256 10
136 138 4
152 152 21
195 236 1
10 138 4
13 178 1
4 229 13
24 163 30
129 144 2
92 138 40
168 244 5
155 186 1
164 166 15
143 211 23
68 112 9
50 114 28
114 140 29
14 261 3
52 132 21
65 97 24
33 217 2
45 145 3
141 158 27
113 248 1
33 76 8
49 164 3
195 262 1
174 233 1
24 232 2
97 132 31
33 198 1
87 130 1
49 61 4
48 195 4
195 261 1
40 181 9
134 196 1
95 227 1
170 179 1
74 79 11
165 210 3
106 164 2
135 237 1
132 169 3
151 262 48
74 137 24
151 261 5
132 195 11
107 166 10
88 236 17
12 114 2
61 227 2
157 163 3
161 244 16
68 166 35
95 196 8
61 140 8
25 25 18
48 255 5
163 260 3
230 260 4
88 137 30
49 262 1
148 224 27
161 188 2
181 249 4
74 233 21
54 163 1
42 151 42
42 262 13
133 170 3
100 181 5
62 186 4
33 234 18
132 218 59
170 189 5
4 90 16
54 140 2
138 171 13
40 106 5
25 148 8
148 239 13
79 129 5
61 263 3
13 14 19
142 195 2
25 137 8
83 216 2
162 195 2
48 127 5
132 209 36
4 85 1
129 141 6
74 92 5
82 83 11
1 163 70
119 141 2
152 237 12
89 114 3
45 143 7
45 114 35
41 234 19
236 261 20
65 256 5
157 237 2
70 230 7
236 243 15
14 138 12
152 244 31
68 195 2
140 244 31
15 140 1
151 246 46
138 173 11
49 261 3
12 170 3
4 163 8
132 250 2
145 193 21
90 197 2
209 229 15
217 236 6
42 125 1
33 140 29
211 263 14
68 74 9
1 113 10
33 43 1
49 211 5
69 74 2
56 79 4
92 163 4
82 148 4
42 235 4
164 195 2
181 261 4
179 223 22
220 263 1
90 130 3
35 114 2
62 141 1
13 181 11
228 239 1
137 173 1
91 227 1
24 243 2
97 195 3
100 209 22
50 243 2
74 261 1
243 247 1
163 195 1
186 195 4
195 233 2
40 52 11
140 217 11
161 195 6
100 247 3
236 247 6
195 230 3
95 263 6
226 238 3
48 112 3
74 194 7
82 260 14
130 130 7
48 129 8
15 16 6
41 247 4
45 45 17
45 158 11
164 232 20
90 181 4
144 255 7
45 71 3
73 75 1
13 25 7
148 236 28
4 232 21
132 197 69
112 141 7
28 98 5
89 233 2
141 145 17
89 149 3
49 90 2
68 145 10
132 227 6
37 237 2
138 256 29
223 237 18
13 33 17
93 231 3
50 127 1
1 88 12
74 205 2
137 197 2
12 249 11
244 246 5
106 138 9
25 33 19
164 223 5
163 244 18
7 137 19
56 239 1
26 140 3
7 163 11
234 247 1
112 144 6
138 216 11
52 113 5
50 152 6
66 234 10
76 79 2
80 256 4
75 136 2
50 75 17
42 116 36
239 243 23
79 255 19
112 255 7
33 68 10
78 148 1
170 257 3
50 97 1
230 257 1
138 200 8
140 243 5
87 195 2
33 162 26
32 100 1
62 138 10
146 202 5
121 132 19
20 127 1
107 242 1
106 227 1
195 195 4
75 152 16
17 17 2
1 144 7
89 257 5
191 205 1
31 231 1
152 246 8
141 179 11
223 229 7
76 76 19
107 243 7
141 261 15
33 48 8
12 138 2
142 168 1
65 133 2
107 112 6
179 179 10
80 226 3
25 170 11
87 209 36
4 148 63
45 249 21
227 232 1
150 150 1
43 155 1
140 211 30
42 143 15
31 186 1
90 112 6
66 142 4
66 209 7
43 90 57
82 129 8
74 182 3
125 137 25
83 138 19
140 235 2
33 90 9
17 107 3
62 65 3
168 263 13
33 246 11
97 230 4
145 237 22
100 195 4
170 209 36
75 158 8
90 151 20
14 87 1
116 243 5
124 124 4
161 193 3
12 33 2
45 66 7
66 114 5
130 142 3
56 138 8
33 45 5
127 215 2
52 195 3
216 216 7
14 68 1
145 230 19
45 50 21
71 91 3
10 261 1
4 263 14
193 230 4
232 241 3
89 155 2
90 215 1
186 216 2
65 225 2
75 231 22
143 225 2
74 163 18
113 189 6
40 97 2
29 163 2
62 100 2
223 262 5
65 100 6
136 220 3
40 79 6
65 232 3
61 138 29
170 195 2
132 168 7
87 143 8
179 193 18
66 211 7
74 162 36
107 244 4
166 223 4
243 261 1
91 132 25
45 198 1
75 164 28
209 246 22
24 233 6
17 161 6
12 137 1
3 242 2
185 250 1
13 28 1
25 181 21
113 232 33
69 231 4
69 247 3
166 249 8
129 161 6
146 239 6
25 124 1
124 155 3
130 234 2
13 24 2
28 135 2
68 202 2
74 246 8
4 236 7
45 237 14
127 186 5
90 116 5
164 218 2
75 127 1
132 222 13
61 233 5
36 226 1
142 256 6
52 107 4
134 134 5
79 190 1
100 244 15
114 195 1
97 189 4
45 220 1
186 217 8
130 186 2
167 262 1
72 234 2
42 68 9
4 4 13
142 243 18
68 228 2
93 236 7
138 153 1
71 138 2
80 255 2
49 97 13
147 263 2
24 262 11
42 43 25
52 88 2
18 74 2
224 231 10
25 261 5
125 232 12
145 229 22
145 263 8
52 246 3
226 249 6
209 233 23
10 237 1
4 249 26
181 237 6
181 203 1
87 87 59
66 148 14
114 238 16
74 100 15
138 213 4
49 148 4
129 193 3
136 151 1
186 254 3
223 226 9
43 232 5
224 246 15
169 244 3
145 179 7
65 113 11
129 260 13
148 190 1
7 145 18
166 229 23
13 140 43
50 113 42
131 163 1
79 145 6
116 116 31
151 243 12
116 223 2
42 70 2
87 243 1
78 80 1
151 254 1
166 243 11
41 147 1
243 263 5
80 237 1
125 229 11
74 119 5
41 127 3
74 186 11
100 169 3
7 92 1
170 228 1
12 113 1
107 255 7
80 80 4
49 151 1
69 142 2
145 224 1
145 161 26
188 228 1
134 157 2
132 173 6
170 255 8
40 195 9
33 163 7
248 263 6
4 142 6
193 263 4
112 162 10
202 226 1
133 226 1
41 144 2
226 255 1
160 260 2
88 158 26
158 209 9
141 256 5
114 262 17
138 167 1
145 234 13
195 231 5
4 233 12
140 260 2
92 170 5
13 75 8
144 181 8
3 87 1
97 144 9
41 49 2
65 186 22
112 151 2
39 39 5
91 155 6
4 170 31
54 132 5
152 236 11
106 231 3
146 236 7
152 248 1
71 216 1
12 112 1
92 162 4
145 236 12
161 189 4
75 211 4
79 181 10
43 181 2
13 37 2
152 220 2
40 164 7
129 154 1
4 141 10
100 157 6
45 134 2
93 144 5
40 66 1
89 165 11
49 231 8
65 261 16
131 132 24
162 177 2
148 220 1
186 193 4
37 48 1
179 263 7
7 215 2
13 41 3
100 255 4
163 224 17
41 233 15
146 193 16
13 257 1
24 246 13
142 232 9
14 140 6
158 244 2
152 161 5
125 143 10
170 223 5
7 234 6
68 85 2
223 260 3
65 90 8
190 211 1
161 200 3
61 211 2
82 237 3
66 87 16
181 250 1
224 238 7
16 132 14
25 231 13
34 256 2
229 244 8
100 146 3
52 138 11
40 231 9
125 181 4
28 79 4
166 246 37
100 220 2
40 263 2
160 163 2
145 163 14
116 186 16
168 237 5
4 162 20
75 125 4
189 246 2
186 220 4
79 260 1
24 229 9
24 158 2
189 234 6
112 237 6
41 164 9
116 142 23
138 219 3
26 138 9
68 80 4
100 166 19
96 161 1
186 192 1
25 186 11
65 145 1
125 255 2
107 146 4
141 209 8
48 243 7
148 151 3
158 228 1
56 236 1
43 247 2
61 107 6
52 144 2
70 170 1
25 144 11
26 26 6
52 211 2
130 205 8
194 238 2
159 167 1
202 255 3
255 255 4
144 189 4
82 162 11
173 196 1
79 149 1
13 145 4
80 231 5
196 226 3
7 256 2
28 162 2
217 256 6
17 186 8
42 167 2
130 167 1
17 170 9
42 229 8
138 244 34
141 215 2
129 223 2
48 66 8
69 69 1
47 47 1
83 223 2
25 90 3
74 212 2
61 113 1
33 113 15
16 100 1
93 262 4
123 123 4
51 132 8
10 48 7
127 243 2
132 247 8
48 70 2
231 257 1
93 170 7
92 93 1
68 91 3
138 241 2
10 137 2
260 260 18
170 260 3
226 239 9
231 263 29
143 243 9
185 186 3
138 155 2
18 132 6
9 138 3
157 233 3
50 88 16
90 145 4
138 157 7
209 256 2
4 45 10
11 138 2
173 229 1
132 212 3
61 189 7
65 263 6
36 90 1
140 146 11
12 132 3
107 143 24
7 262 3
121 197 1
69 236 3
74 82 2
33 65 14
13 97 2
141 232 6
33 168 1
151 168 6
4 158 6
200 229 3
65 239 3
140 166 40
107 256 12
45 80 1
24 145 1
12 12 2
129 170 6
33 74 1
66 237 7
65 107 5
7 107 8
83 226 7
52 261 1
181 181 21
65 89 4
52 66 2
45 256 3
142 208 1
85 132 10
127 141 2
97 225 2
140 152 7
79 97 5
66 224 2
162 181 13
107 189 2
13 238 17
112 246 1
65 87 21
65 236 7
97 140 4
100 217 2
113 116 3
65 75 2
41 231 1
162 202 4
24 168 1
141 190 1
52 231 9
93 246 1
79 166 3
129 230 1
146 163 7
89 144 3
80 249 2
181 230 11
12 90 2
148 181 8
145 186 20
171 239 1
1 90 9
26 231 2
162 223 3
49 113 7
65 163 6
61 89 7
226 231 6
13 224 6
88 262 10
72 100 3
43 224 8
62 68 1
49 205 1
56 146 2
217 217 3
163 196 3
138 194 3
24 90 8
24 125 5
100 136 2
86 117 2
41 241 1
260 263 1
147 159 1
129 239 1
79 216 2
107 226 4
48 52 1
32 90 2
49 181 9
65 217 3
87 215 1
61 151 1
65 238 4
65 209 8
94 166 1
112 211 3
43 97 2
70 93 1
20 238 1
140 252 1
138 258 3
190 238 1
97 112 2
114 209 18
166 224 3
116 236 19
226 229 17
132 185 1
179 233 3
14 79 2
44 132 2
112 142 2
12 54 1
17 74 4
33 209 5
161 181 17
89 249 2
41 107 8
78 239 1
146 232 2
136 186 1
125 140 8
56 56 3
17 45 2
21 186 1
230 243 9
50 116 12
66 229 4
144 166 6
95 140 15
112 223 1
61 163 2
74 177 1
161 202 2
138 175 6
17 144 6
188 249 2
65 112 3
70 70 6
131 161 1
186 228 3
129 262 1
40 209 1
133 262 3
68 177 1
10 170 6
32 127 1
247 263 4
169 247 1
12 148 6
65 79 11
65 151 1
42 182 2
116 119 1
193 255 1
141 213 3
255 261 7
41 88 2
138 242 3
86 132 19
82 90 2
42 90 8
95 186 4
17 65 6
48 130 7
49 88 4
42 88 2
90 257 2
97 218 1
7 100 7
189 231 7
80 142 2
28 166 1
116 164 4
122 132 5
42 186 17
132 217 14
42 163 12
100 179 3
224 226 2
132 190 3
30 117 1
82 143 1
25 55 4
135 163 1
45 224 8
41 60 2
197 197 8
181 228 3
61 65 4
42 161 18
80 107 3
119 138 2
138 254 2
138 165 8
121 130 3
66 181 1
138 197 7
65 237 5
161 196 3
25 225 2
85 177 2
17 97 8
34 66 3
226 256 1
162 196 2
202 263 5
4 209 13
4 246 12
49 186 5
1 236 6
89 186 6
95 193 1
97 260 1
124 138 4
239 261 18
65 125 1
181 195 5
196 233 2
4 65 3
186 242 2
146 209 4
7 90 3
7 238 7
17 35 3
126 138 3
95 137 7
90 129 1
127 170 8
152 159 1
138 250 2
235 250 1
35 132 7
116 233 9
39 186 1
82 161 9
53 95 1
136 170 2
52 52 7
87 258 1
244 247 6
65 106 2
121 205 2
71 140 3
116 262 5
237 255 5
25 164 3
132 202 17
72 88 1
55 66 1
61 261 2
82 87 2
132 254 7
137 145 8
62 137 2
71 113 2
47 166 1
244 256 2
112 113 3
80 113 1
142 226 5
133 138 6
13 166 5
125 213 1
87 106 2
137 228 1
232 239 8
25 140 9
82 170 8
112 146 2
49 255 1
81 132 8
7 198 2
234 243 5
36 36 1
147 229 1
28 164 9
140 181 14
43 66 5
24 79 8
22 162 2
17 188 2
142 181 2
107 195 2
195 255 1
121 191 1
42 159 3
163 255 11
242 247 2
120 151 2
226 237 18
216 218 2
217 237 7
158 224 4
49 144 6
74 248 1
78 136 4
90 244 8
81 254 5
61 237 2
131 223 1
162 255 6
152 234 8
87 181 7
137 244 6
34 230 2
91 181 7
15 135 3
147 244 1
75 209 4
75 241 4
67 170 5
186 189 6
49 233 2
138 217 5
26 125 1
50 145 2
56 137 3
137 166 6
37 140 1
188 211 1
17 142 3
130 223 1
131 138 3
168 212 3
145 148 4
146 263 3
87 151 4
73 116 1
256 262 1
228 228 4
7 161 11
62 237 2
163 215 1
73 141 1
83 161 2
37 230 3
17 137 7
232 233 18
141 244 13
22 151 1
186 257 3
107 134 2
112 134 1
217 261 3
173 192 2
134 161 1
71 262 1
107 152 1
4 226 2
144 223 4
150 162 2
43 165 1
165 255 1
151 233 22
194 237 2
72 132 18
40 43 1
97 113 6
238 261 5
22 231 4
127 244 4
95 160 4
127 152 4
157 162 3
161 215 4
73 138 5
68 116 7
95 249 2
65 76 4
71 151 1
256 261 9
25 65 7
246 256 2
186 225 3
140 153 1
136 166 2
68 260 1
74 83 1
97 217 1
186 241 2
239 255 5
77 170 1
33 190 2
48 136 1
7 261 2
82 230 7
108 132 7
39 177 5
33 87 13
93 244 1
10 163 5
128 236 1
220 237 6
133 233 1
65 175 1
163 171 1
17 21 1
196 230 4
51 100 1
45 166 3
138 177 2
141 260 5
145 243 1
138 248 3
50 65 1
160 160 1
90 149 1
61 161 3
231 240 1
24 137 4
53 146 1
68 218 1
107 241 1
177 246 1
7 166 4
142 247 4
75 215 1
217 234 2
56 163 4
200 231 3
164 244 12
100 227 3
88 257 1
127 161 4
29 132 7
75 232 9
164 255 8
141 202 6
87 93 3
78 152 2
75 113 15
61 181 8
132 178 8
7 80 2
217 263 3
108 138 2
33 237 22
92 236 1
7 83 4
42 113 7
164 247 3
56 88 1
92 144 1
95 102 4
65 95 2
88 224 9
55 181 2
67 138 3
132 171 15
24 107 5
43 56 2
161 197 1
188 188 19
66 90 4
66 91 2
112 233 8
170 196 3
25 45 3
55 132 8
62 89 1
36 181 1
244 248 5
42 50 7
3 130 1
113 244 3
45 52 2
42 137 11
141 243 4
75 226 6
207 223 1
145 260 1
220 229 3
125 226 1
116 247 2
13 129 1
28 151 2
50 179 1
202 232 1
87 224 9
61 137 8
74 93 3
145 211 4
24 249 7
261 263 8
7 114 2
70 261 3
28 141 3
216 233 4
84 137 1
121 138 7
134 197 7
34 113 1
10 244 1
7 129 16
95 131 1
137 179 2
182 185 2
100 129 5
28 186 2
126 263 2
90 127 2
213 244 2
56 140 4
227 237 1
9 132 3
152 231 4
143 226 5
14 15 2
43 76 1
234 244 5
14 125 2
180 216 1
129 237 7
134 219 1
64 191 1
35 189 1
16 28 1
12 85 1
68 93 2
52 170 4
41 69 5
89 195 1
112 163 11
13 34 1
140 256 5
7 48 7
54 161 2
93 166 2
48 85 2
69 151 3
141 252 1
45 90 18
48 89 4
42 48 14
243 243 8
13 112 1
82 186 6
134 175 1
89 89 5
200 236 8
138 147 2
166 241 1
63 225 2
157 229 4
74 129 2
77 132 9
54 233 1
170 200 2
48 181 6
93 113 3
74 87 7
98 234 1
129 143 2
82 144 1
43 248 1
127 138 8
25 52 15
194 246 1
161 220 5
64 141 1
41 50 12
48 168 2
188 231 1
97 107 5
18 141 1
142 169 1
72 74 3
66 232 1
137 225 12
80 141 2
88 263 16
7 143 5
75 249 13
41 193 1
196 237 5
145 157 1
45 97 4
162 215 2
68 134 2
26 89 1
10 10 3
56 161 4
235 244 3
43 112 3
49 226 1
182 213 3
45 262 10
75 89 3
25 223 1
95 237 11
137 152 3
138 220 4
233 260 1
25 239 1
1 140 2
45 78 1
170 254 2
52 125 1
211 227 1
136 141 2
116 163 6
191 233 1
65 262 2
97 170 13
113 188 2
119 238 2
130 148 3
140 178 6
88 145 2
169 231 1
49 249 5
52 97 4
222 243 1
126 233 1
88 90 23
116 161 10
17 48 2
79 196 1
83 170 1
88 112 3
141 152 4
29 162 1
181 262 1
98 98 1
14 164 2
42 100 15
86 150 1
4 75 16
97 246 2
69 239 1
148 149 2
232 255 7
77 222 4
40 40 4
74 125 2
180 215 1
10 249 3
170 243 7
37 164 1
40 140 3
95 141 8
100 191 2
37 211 4
48 56 2
60 247 1
215 239 3
7 230 8
143 144 10
194 263 1
7 43 6
106 106 5
80 98 1
153 163 1
56 232 6
160 261 2
92 209 1
131 219 1
50 235 3
226 236 4
95 161 5
41 243 3
39 188 7
39 48 1
181 227 2
68 188 3
35 89 5
72 138 1
140 247 1
90 256 2
74 247 4
39 72 6
17 181 5
179 231 3
61 229 5
88 194 1
76 188 11
141 173 1
137 146 5
26 188 1
127 142 14
7 95 2
125 263 6
92 234 1
134 234 1
54 68 2
113 256 13
173 226 3
123 233 2
76 97 5
7 225 1
151 194 1
52 148 2
67 149 1
48 223 4
74 127 1
168 234 2
43 220 1
92 129 2
29 138 2
146 233 4
208 263 1
87 217 2
97 97 13
132 194 5
75 194 1
33 161 15
4 239 5
34 236 1
131 143 1
137 217 12
152 164 2
165 229 1
17 261 4
93 164 5
33 262 4
146 255 3
18 186 2
138 159 2
140 213 8
24 116 8
82 196 7
106 237 3
76 241 1
134 192 1
185 244 1
80 229 4
65 162 9
95 171 1
74 220 1
26 91 2
208 219 1
52 237 2
33 36 1
181 225 4
97 226 1
4 50 5
235 243 2
232 243 2
65 164 6
49 68 3
29 89 1
136 158 2
22 85 2
144 217 4
24 126 1
162 244 19
14 47 1
26 237 1
169 189 1
230 235 1
126 246 1
234 242 1
49 107 3
47 243 6
33 208 1
107 217 6
24 127 2
135 244 2
107 160 2
52 89 1
127 233 3
82 179 2
95 164 1
181 190 12
25 94 1
49 87 3
25 26 1
7 233 4
26 238 1
49 162 4
74 159 6
146 186 6
100 168 3
224 255 1
224 236 15
143 159 2
78 168 2
125 225 2
50 209 6
87 166 4
143 232 10
146 261 2
130 162 5
97 164 6
157 238 1
4 140 14
61 231 4
88 115 1
42 194 1
41 158 5
52 230 3
143 224 4
82 140 3
79 147 1
140 188 7
168 169 1
17 70 2
112 140 9
28 233 2
37 149 1
40 141 1
17 43 1
200 238 3
97 177 5
45 151 5
76 222 5
217 227 3
25 48 3
68 217 2
197 234 1
132 206 1
45 61 3
89 91 5
55 138 4
160 236 2
17 88 1
25 162 3
194 243 2
135 179 1
35 70 1
39 256 1
166 209 2
145 223 6
168 231 5
20 186 1
141 254 1
140 173 2
89 148 1
171 228 3
12 234 9
36 229 1
92 125 1
97 162 6
219 231 1
100 256 4
57 132 4
65 170 9
202 233 3
65 195 1
79 168 2
137 196 2
233 255 3
231 248 1
7 249 2
114 228 2
87 260 2
107 235 2
113 220 2
134 237 2
114 181 5
117 138 3
68 247 4
137 151 8
74 200 1
193 261 1
17 140 6
157 170 3
171 186 1
126 126 1
22 132 10
45 202 1
133 137 1
130 161 5
117 231 2
148 218 1
37 50 2
4 87 9
162 213 3
48 215 3
226 243 1
32 254 1
228 231 3
4 66 1
89 188 6
146 230 2
22 33 2
147 231 1
137 213 4
146 234 4
87 89 1
143 220 3
64 162 2
163 223 2
141 218 1
181 244 1
177 231 1
62 97 4
142 193 2
142 209 7
117 196 1
76 170 4
166 211 7
34 65 4
158 229 15
249 260 2
17 249 1
28 260 1
209 225 1
82 223 3
50 181 3
82 233 3
181 210 2
83 143 1
166 231 4
90 258 1
45 244 3
237 243 2
7 160 3
93 100 4
123 261 2
75 157 2
50 89 1
20 24 1
130 231 2
82 121 3
21 137 2
22 26 2
167 244 3
61 226 1
82 141 6
41 211 1
1 141 5
114 225 1
76 101 1
249 255 5
61 162 2
52 161 5
48 220 3
225 230 1
35 36 4
33 263 7
151 193 1
179 236 4
14 22 3
14 65 1
232 238 6
181 257 3
150 170 1
17 234 4
12 232 2
138 201 1
35 87 1
165 211 1
16 16 3
106 181 4
22 22 4
140 191 2
36 230 2
198 209 1
80 233 1
121 144 1
43 65 3
42 169 3
70 140 1
26 137 2
107 202 4
129 164 3
52 234 8
4 25 3
106 148 2
77 163 1
28 226 1
213 236 5
4 125 6
93 145 2
68 146 2
47 237 1
153 243 1
128 243 1
137 147 2
78 242 2
152 186 4
51 74 1
14 86 1
112 180 1
51 138 4
142 217 4
72 188 2
28 48 4
86 125 1
97 261 4
202 236 5
107 198 2
25 113 4
47 100 1
10 230 9
79 244 2
124 216 1
125 244 2
145 209 3
209 210 2
194 194 4
78 90 1
14 71 1
39 170 6
48 198 1
145 249 4
49 166 2
50 213 1
35 186 2
161 228 3
28 28 2
40 144 4
45 82 2
17 217 1
152 162 2
70 145 1
90 189 1
25 125 1
25 66 6
140 223 11
119 229 1
17 231 6
38 138 2
23 261 1
113 146 1
123 170 1
75 179 3
127 132 4
25 114 3
75 243 14
217 233 3
90 177 2
37 256 2
140 159 4
66 107 5
127 236 4
97 228 3
35 100 3
114 166 7
169 242 3
17 100 4
164 260 2
71 158 1
196 249 1
80 236 4
220 233 3
131 263 2
94 161 1
170 208 1
167 205 2
10 144 3
130 197 3
48 122 1
62 133 1
146 262 2
46 174 1
65 129 1
254 259 4
232 262 11
152 168 1
235 235 4
40 143 2
97 143 1
130 233 3
48 96 1
17 37 3
36 39 1
95 95 10
65 71 1
165 195 2
62 143 1
146 217 1
80 161 4
126 248 2
126 231 2
29 49 1
25 233 2
72 165 2
33 211 11
193 202 1
73 215 1
171 237 1
116 159 2
22 195 1
26 49 2
52 68 2
25 237 3
18 234 1
228 256 1
33 106 4
52 100 1
13 226 2
232 254 1
26 141 1
145 239 4
130 177 1
47 223 1
114 244 1
126 213 1
88 226 4
63 138 2
37 263 4
13 228 4
128 229 2
36 160 1
140 225 7
75 261 5
54 211 2
91 228 1
25 141 2
155 236 2
100 112 6
217 232 2
41 169 2
152 235 1
17 33 2
193 233 1
159 236 3
158 166 5
91 91 2
132 201 7
42 242 2
7 75 5
65 158 3
11 113 1
22 179 1
88 217 1
233 257 1
34 231 3
47 162 1
161 260 6
142 178 2
42 107 13
82 107 5
60 140 1
74 259 1
40 230 2
140 196 2
56 129 6
25 218 1
75 167 6
125 262 10
55 137 2
12 262 1
247 247 5
40 87 12
209 224 5
164 216 1
33 229 6
169 238 1
95 107 2
218 263 1
42 213 4
95 146 2
42 225 4
129 263 4
90 247 2
25 246 7
132 221 2
152 247 4
107 130 2
79 152 2
13 74 3
170 215 2
188 257 2
49 79 4
63 77 2
91 137 2
125 238 6
51 242 10
113 260 1
61 249 2
43 226 5
35 244 2
237 260 6
8 237 3
42 127 1
61 108 1
159 162 1
48 82 4
130 230 6
33 112 2
50 255 2
164 196 2
3 174 1
93 197 2
39 116 1
14 230 1
88 195 2
82 142 4
197 238 1
171 231 1
42 185 2
157 256 1
90 191 1
65 228 1
90 106 1
40 189 2
55 159 1
235 263 9
138 205 5
144 260 2
138 215 2
181 236 3
68 127 2
35 80 1
100 178 1
40 61 1
1 50 4
26 161 2
114 145 3
163 250 1
140 198 2
26 165 1
48 207 2
13 193 1
188 234 3
43 152 6
26 233 4
113 215 1
235 237 2
146 170 4
37 241 1
100 223 2
74 224 5
10 229 1
25 230 2
119 140 1
68 226 6
101 191 1
49 234 5
61 66 1
71 231 2
119 151 2
91 231 1
79 146 3
209 263 5
7 130 1
40 234 6
35 76 8
141 177 1
75 130 3
42 234 6
236 260 7
68 72 2
82 252 1
158 232 4
13 116 2
66 263 1
49 127 1
29 179 1
93 163 5
70 164 3
20 138 5
149 165 3
74 148 3
113 166 12
54 231 5
100 196 1
66 112 2
36 193 1
41 125 1
42 148 2
75 129 9
232 236 8
61 148 1
195 237 1
162 190 1
128 238 3
127 200 1
142 200 3
151 250 1
56 145 1
36 75 1
152 249 3
255 256 6
92 260 2
106 107 3
216 236 1
170 193 3
42 243 4
41 62 1
56 196 3
82 113 3
34 132 2
4 257 1
37 195 1
97 148 2
50 223 2
33 158 5
112 249 2
118 237 1
146 238 4
33 34 2
107 223 1
3 254 1
37 148 2
181 238 3
82 164 5
90 260 2
43 255 4
141 255 5
13 70 2
240 254 2
89 230 1
92 246 2
255 257 1
121 135 2
137 159 3
236 256 6
34 193 1
162 225 1
145 261 3
168 239 1
164 181 5
14 257 1
195 246 3
160 161 3
40 65 2
239 257 2
21 88 1
129 134 1
36 66 1
93 211 3
1 42 1
83 146 1
148 166 2
151 224 3
34 89 1
54 89 1
52 186 9
76 82 1
155 256 1
193 237 4
40 133 1
112 179 2
63 132 13
100 216 1
138 191 2
203 254 1
127 263 1
17 166 1
230 255 6
35 225 3
80 97 2
78 212 1
63 170 1
61 90 5
164 179 2
49 114 1
113 129 2
97 229 3
146 244 1
24 159 7
88 93 1
7 93 1
202 229 5
171 213 2
50 247 1
190 261 1
170 225 1
75 195 1
82 158 1
53 186 1
95 233 2
238 247 3
66 145 1
198 237 2
28 230 2
83 263 2
41 126 2
29 210 1
149 210 10
42 174 1
34 148 1
69 140 4
198 198 1
132 159 2
74 231 8
62 236 1
183 186 1
43 146 6
25 107 6
138 253 2
116 148 3
93 161 7
132 242 3
52 181 2
80 144 3
39 89 4
151 232 1
66 236 7
228 261 2
28 107 4
49 91 1
158 262 6
69 249 1
92 186 2
93 129 1
52 65 5
52 249 4
142 260 3
114 118 1
198 262 1
163 173 1
51 186 2
157 160 2
25 224 2
107 136 2
224 228 2
188 190 2
25 106 2
31 161 2
69 168 1
22 125 1
13 256 3
95 142 1
216 263 1
61 123 1
14 155 1
4 116 2
33 54 3
49 188 1
132 183 1
48 256 3
48 61 5
92 145 1
37 87 1
132 235 5
189 261 2
138 210 1
147 182 1
4 146 1
24 129 3
97 237 3
145 255 1
33 75 2
127 232 3
132 214 2
93 142 4
24 148 2
41 65 3
87 91 3
75 93 2
61 141 3
163 216 4
7 164 3
209 255 1
41 167 2
49 247 1
10 125 1
232 256 6
42 223 2
131 186 1
112 231 3
40 238 1
186 223 7
37 37 5
60 225 1
80 186 4
228 249 2
195 234 2
25 68 9
174 185 1
112 263 2
54 144 4
56 230 5
181 211 2
167 223 1
152 262 2
50 256 2
106 143 1
42 114 2
26 234 2
205 258 1
68 69 2
145 262 3
48 146 2
37 142 3
13 200 1
56 246 1
25 167 1
151 226 1
40 142 2
129 163 1
186 200 2
1 40 1
93 248 1
116 130 1
17 130 1
243 249 2
41 174 1
142 255 2
170 190 1
112 186 10
151 189 1
93 148 6
132 245 3
79 189 1
157 186 4
65 215 1
43 93 2
226 246 3
75 251 1
48 80 2
133 234 1
73 93 1
189 249 1
66 100 6
90 217 3
25 61 7
158 255 3
144 243 1
85 232 1
186 188 4
123 210 3
61 134 1
14 117 1
25 229 2
48 179 2
82 93 1
87 256 3
40 158 1
34 162 1
135 137 2
8 20 1
17 228 1
17 40 1
7 74 1
100 135 1
121 186 2
62 246 1
160 224 1
35 90 4
50 232 2
90 255 5
160 230 2
127 230 1
147 213 1
62 140 8
34 87 2
167 239 1
157 236 5
107 227 1
168 211 1
188 227 1
220 238 6
161 165 1
45 165 1
148 217 6
90 166 9
41 229 6
61 144 1
89 123 10
93 97 1
126 238 1
140 250 1
137 220 2
197 219 1
51 141 2
143 223 2
135 161 1
141 159 1
21 140 2
39 50 1
43 95 1
87 193 1
18 138 4
75 135 1
146 231 5
170 216 5
113 226 1
196 236 5
100 188 1
92 95 1
56 90 2
95 226 5
54 186 3
155 162 2
91 140 2
140 185 2
24 209 1
162 243 4
90 242 1
6 144 1
189 237 3
116 235 1
193 234 3
69 79 1
220 230 3
101 135 4
15 101 2
129 236 4
31 100 1
173 173 3
42 220 1
66 189 2
33 143 2
42 91 1
244 261 2
202 211 1
43 193 2
141 168 4
41 216 1
41 168 5
151 211 4
163 243 6
195 249 4
152 229 2
80 234 7
116 231 8
76 131 1
220 231 2
65 140 4
141 257 2
52 162 2
55 164 1
144 195 2
88 89 4
77 236 2
100 149 1
75 126 1
68 82 3
56 82 4
75 224 6
193 260 2
45 227 5
161 217 6
4 151 1
220 246 1
132 192 6
25 238 1
35 151 1
26 164 5
125 166 4
205 215 2
25 40 5
14 25 2
100 150 1
93 140 2
7 76 3
79 243 3
136 140 2
12 236 2
100 152 5
234 257 2
163 220 1
215 262 1
70 87 1
123 186 1
70 236 1
231 244 6
17 239 1
90 227 3
216 231 2
55 249 1
20 48 1
190 225 1
37 68 1
217 229 1
83 163 1
14 33 1
159 164 2
190 249 1
37 137 4
4 224 17
80 232 1
24 234 8
171 262 1
147 163 1
74 226 3
80 179 2
107 196 1
32 132 1
68 243 4
186 219 1
92 151 1
42 216 2
123 165 7
129 196 2
144 238 11
71 233 1
217 249 1
42 261 3
132 147 2
94 262 1
130 229 2
49 239 1
220 243 5
27 132 1
95 163 4
223 231 2
34 255 2
34 246 1
68 225 2
10 226 3
127 229 2
70 166 5
79 80 4
140 165 2
69 166 2
47 263 2
76 137 5
215 237 1
196 211 1
28 130 3
138 218 2
49 217 1
215 228 1
141 194 4
82 146 2
127 140 4
56 231 2
25 257 3
135 231 2
142 198 1
71 76 13
159 163 2
80 162 5
41 95 1
182 242 5
17 125 1
106 234 2
22 71 1
90 175 1
87 155 2
97 142 1
119 152 1
97 161 1
70 238 1
75 97 1
35 137 1
140 171 5
157 226 2
119 244 2
193 258 1
47 169 1
32 167 2
69 235 1
85 138 1
33 125 3
116 234 5
160 237 1
112 239 3
94 250 1
168 238 2
200 244 3
69 170 2
216 246 1
10 216 4
120 233 1
79 223 1
80 164 2
102 157 1
144 188 1
50 69 1
242 254 6
209 240 1
107 129 5
100 116 6
60 142 2
134 135 2
33 49 5
98 107 2
63 79 1
213 238 1
161 225 2
88 238 7
70 246 1
146 246 5
141 217 2
125 127 1
77 233 2
162 168 1
140 155 2
7 8 1
89 140 1
174 254 1
51 254 2
10 45 1
119 234 3
130 145 2
33 80 1
129 148 2
158 226 1
79 124 1
124 149 1
123 234 1
82 236 1
97 233 3
136 153 1
82 163 6
137 189 7
137 165 2
215 215 1
130 261 1
76 91 2
193 249 2
120 244 2
140 157 2
95 224 1
93 259 1
97 263 1
10 140 3
193 207 2
146 207 2
40 233 2
119 126 1
22 72 1
97 236 2
7 224 3
29 68 1
92 229 2
181 188 4
18 174 2
12 256 1
61 72 3
32 141 1
130 263 1
130 140 2
11 26 2
189 236 1
17 236 1
101 161 1
45 197 1
132 240 4
112 209 1
65 80 1
130 215 5
83 260 2
52 106 2
132 154 5
39 124 1
88 143 5
21 132 2
123 227 1
163 193 2
74 107 8
33 61 5
25 241 1
212 232 1
14 141 3
90 95 2
75 159 3
100 225 2
79 217 3
82 145 2
55 234 1
55 216 1
48 197 1
157 164 2
197 205 2
69 237 1
169 186 1
35 35 5
41 137 6
132 253 4
101 252 2
117 130 8
153 234 1
17 237 4
163 185 1
130 137 5
171 171 2
65 134 1
123 231 2
26 205 1
15 182 1
63 68 1
151 247 1
143 167 1
26 107 3
69 242 2
193 229 1
170 213 3
127 143 3
126 168 1
169 213 1
67 237 1
29 123 2
37 162 1
79 116 1
36 68 2
166 194 2
74 76 1
134 233 2
108 123 1
152 200 2
168 233 2
162 197 1
129 146 2
10 161 2
83 144 1
169 170 1
49 137 2
37 217 1
65 85 1
10 141 1
14 76 4
147 174 1
69 136 1
113 157 3
144 190 1
193 225 2
48 81 1
151 219 1
95 203 1
209 217 1
61 169 2
71 163 3
72 125 1
169 239 1
65 114 4
53 171 1
60 116 1
36 236 1
74 144 2
112 232 2
93 93 2
11 55 3
108 228 1
92 137 1
47 138 1
18 163 1
228 232 1
210 231 4
75 217 1
35 188 4
159 263 3
56 173 1
85 170 3
21 178 3
66 223 1
9 218 2
94 97 2
93 237 3
39 76 5
140 182 1
138 203 1
55 88 1
181 229 4
10 224 1
84 132 1
10 100 2
152 243 4
195 232 2
161 216 5
65 68 6
26 79 3
42 256 1
95 211 1
22 237 1
170 202 3
56 237 1
45 93 1
80 165 1
48 126 1
26 255 1
68 190 3
25 71 6
168 262 2
24 114 3
14 75 2
53 161 1
119 198 1
33 244 2
230 242 1
141 258 1
80 140 2
137 195 2
18 236 2
118 161 1
181 224 2
13 133 2
35 97 4
66 106 2
95 236 1
28 261 1
87 168 1
43 119 1
136 142 2
31 164 1
63 234 2
97 209 2
163 181 2
66 233 4
216 230 3
69 262 1
13 216 2
177 233 1
157 192 1
140 210 2
171 173 1
134 216 2
80 198 1
45 213 2
68 106 3
133 141 1
161 243 2
140 220 3
7 231 4
77 262 1
113 225 1
22 161 2
25 228 5
17 150 1
106 261 1
149 170 1
113 155 1
81 88 1
69 137 1
90 150 1
56 157 1
61 68 3
3 48 1
45 112 2
118 155 1
93 243 1
162 216 3
56 144 1
66 133 1
151 200 2
68 216 4
94 238 1
247 249 1
203 205 1
69 169 2
113 195 3
52 140 1
82 157 1
42 57 1
37 62 1
229 243 3
141 185 1
100 133 1
142 194 2
14 135 2
186 190 1
62 151 3
87 252 1
17 189 1
168 186 1
43 134 1
140 193 5
25 49 1
11 22 1
75 256 1
50 168 1
22 261 3
56 100 2
9 9 1
51 116 4
15 236 1
55 108 1
176 249 1
209 243 3
26 162 1
15 186 1
46 132 2
75 175 1
81 183 1
157 161 6
79 83 1
72 231 6
14 48 2
143 216 1
18 107 2
87 226 2
43 49 1
142 225 1
222 244 1
54 170 1
257 257 2
180 223 1
107 159 1
66 80 1
125 223 1
90 216 2
137 250 5
61 246 1
71 137 2
129 186 5
57 138 2
95 134 5
107 257 1
12 75 1
26 229 1
133 133 2
21 133 1
87 97 3
122 138 1
13 252 1
149 237 2
146 158 2
35 133 1
165 232 2
18 242 1
17 195 3
250 250 1
60 138 1
24 144 1
50 193 2
131 139 3
122 122 1
79 157 2
93 135 1
136 143 1
82 198 2
25 236 4
145 238 1
237 241 1
68 220 1
80 125 1
122 177 1
129 231 3
62 142 1
203 237 1
45 189 2
65 224 3
134 170 2
60 107 1
52 229 3
93 209 2
37 209 1
186 198 2
143 247 2
85 90 4
141 196 1
18 90 1
123 188 2
135 170 2
138 196 6
52 257 1
119 228 1
18 75 1
115 231 1
134 137 2
82 263 2
193 232 1
149 231 1
140 197 2
17 79 2
55 148 1
140 169 2
25 76 3
113 167 1
67 186 1
62 79 1
80 202 1
113 145 3
48 97 2
130 166 1
100 257 2
93 125 1
68 179 2
1 262 1
11 11 1
159 238 1
32 42 1
132 167 2
25 74 3
1 169 1
52 228 4
36 113 2
10 234 1
114 135 1
215 238 1
61 219 1
4 82 1
186 256 6
125 185 1
14 108 2
74 223 2
78 88 1
164 171 3
43 130 2
186 259 1
107 165 1
12 88 5
62 182 1
151 256 1
186 197 1
93 233 3
162 179 3
10 166 1
3 159 1
168 191 1
60 75 3
17 90 3
50 134 1
97 106 1
69 194 1
90 146 2
87 133 1
67 229 1
7 144 1
179 246 2
33 37 2
85 188 4
61 234 2
202 241 1
116 249 1
117 162 1
211 257 1
79 254 2
208 231 1
69 141 1
25 75 3
80 90 2
112 261 4
15 179 2
106 113 2
50 146 1
52 87 3
42 179 1
22 43 1
17 87 2
144 152 1
170 198 3
65 229 5
33 224 2
14 90 3
83 162 3
182 236 1
106 257 2
61 260 1
6 132 1
43 83 1
61 126 1
49 140 1
49 49 5
179 234 2
181 218 1
151 220 1
17 225 4
45 168 1
79 202 2
76 139 1
14 186 2
53 263 1
90 243 3
132 174 4
52 263 1
36 79 1
157 157 1
161 179 1
68 97 2
164 197 2
4 261 10
48 49 4
132 248 3
45 157 2
81 138 4
43 254 1
167 168 3
14 143 1
129 202 2
162 193 1
143 256 2
44 88 1
162 245 1
86 86 1
55 75 1
145 231 4
171 223 1
78 205 1
69 116 1
126 186 1
70 209 1
112 260 1
15 163 1
80 246 1
100 119 3
119 132 1
146 152 1
47 78 1
126 167 1
163 197 2
134 164 1
111 228 1
4 181 1
80 151 1
163 210 1
13 244 1
93 130 2
58 138 3
28 137 3
186 213 1
142 241 1
112 114 2
48 228 2
160 226 2
125 256 3
12 49 1
74 241 1
164 242 3
56 226 3
20 230 1
75 119 4
198 225 2
102 236 2
93 141 2
80 230 1
14 246 1
127 145 1
138 212 2
93 174 1
1 75 1
7 243 1
24 200 1
200 220 3
12 228 1
41 232 2
72 106 1
1 66 1
38 48 1
91 186 3
10 215 4
141 200 1
69 224 1
49 246 2
157 249 1
48 216 1
140 254 4
42 254 1
1 255 1
12 65 1
217 246 2
14 113 1
180 180 1
159 170 1
1 166 4
190 256 1
90 202 1
162 198 2
157 230 2
33 226 2
195 226 1
81 235 1
50 200 1
36 170 1
94 132 1
52 189 1
35 41 3
28 163 2
66 239 3
76 225 3
127 234 1
28 263 1
144 193 1
76 254 1
190 229 1
51 167 1
47 76 1
39 195 1
70 237 3
231 260 2
131 134 1
48 182 1
40 68 4
13 247 1
210 210 2
164 254 3
213 248 1
163 202 2
179 255 1
50 257 1
244 255 1
3 132 3
109 132 1
33 189 1
28 50 1
135 162 2
127 163 2
120 140 1
42 61 1
82 246 3
61 225 7
132 156 1
40 77 1
76 244 1
61 210 1
95 135 4
33 91 1
33 89 1
7 209 2
14 233 1
62 155 2
160 196 3
163 168 1
43 91 1
13 210 1
196 234 2
60 166 1
17 256 1
65 226 1
130 216 4
83 83 1
228 241 2
40 236 3
39 75 2
97 163 4
162 260 4
90 223 2
40 237 2
33 39 1
52 61 3
61 207 1
220 242 1
24 193 1
41 134 1
62 123 1
196 224 1
48 63 1
140 212 1
40 100 1
101 239 2
129 238 3
225 246 1
10 162 3
36 141 1
93 260 1
54 138 3
200 233 2
87 146 1
148 197 1
49 163 3
68 81 1
136 161 1
150 163 1
137 160 2
128 163 2
75 148 3
24 65 1
205 218 2
196 229 1
134 163 1
122 182 1
21 72 3
196 231 2
70 137 1
10 211 1
50 93 2
226 261 3
186 235 1
42 226 4
50 226 2
223 238 2
42 147 1
86 123 1
93 137 2
41 223 1
100 213 1
134 230 2
135 181 1
28 231 2
215 226 3
36 145 1
17 75 2
146 164 2
25 72 1
229 247 2
43 190 1
62 227 1
39 71 3
217 262 1
108 257 2
28 215 1
23 132 1
62 228 1
11 141 1
76 113 1
227 227 1
13 154 1
52 236 1
68 189 1
66 130 2
67 162 4
10 87 1
14 249 2
19 38 1
36 87 1
145 232 1
175 218 2
164 200 5
10 158 1
119 235 1
113 202 1
40 107 3
19 131 2
20 234 1
14 231 1
22 138 1
208 236 1
134 226 1
80 112 1
86 162 2
71 72 1
67 71 1
25 143 1
17 164 1
33 62 1
79 179 1
146 196 1
39 155 1
210 261 1
35 181 5
36 177 1
37 89 2
71 188 3
113 257 1
14 21 4
40 229 1
90 97 1
210 228 2
86 140 1
19 100 1
71 75 1
74 211 2
30 132 1
37 249 1
174 183 1
127 164 1
76 89 4
116 182 3
52 141 1
8 162 1
137 178 1
100 198 3
80 163 2
47 48 1
198 236 2
25 215 1
34 211 1
36 231 2
10 142 1
228 246 2
15 19 1
14 137 3
56 224 1
69 182 2
159 219 1
22 228 1
146 218 1
71 97 1
16 215 1
17 41 3
238 242 1
89 181 3
125 243 1
127 237 1
56 234 2
113 212 1
66 247 1
113 200 1
71 189 1
10 231 1
55 232 1
37 170 1
93 158 1
35 231 2
61 114 1
80 217 1
26 114 1
86 139 2
148 189 1
167 252 1
55 231 1
97 256 2
162 220 3
164 168 2
75 216 2
126 254 3
28 218 1
220 220 2
18 41 1
25 35 2
162 240 1
132 187 1
37 231 1
178 178 2
116 211 1
85 181 1
210 257 1
33 71 3
70 88 1
216 219 1
82 173 3
87 223 1
113 193 2
148 244 1
140 200 7
137 188 2
186 196 2
26 206 1
129 157 1
177 181 9
79 228 2
37 234 4
102 258 1
22 137 2
130 226 2
246 260 3
188 189 1
48 217 1
89 143 1
69 78 5
164 250 1
50 228 1
189 189 5
68 168 1
86 238 1
135 252 1
68 219 1
125 188 4
92 139 1
52 137 3
65 91 3
177 237 1
82 117 1
36 234 4
119 169 1
202 262 2
147 226 1
87 108 1
10 148 1
42 56 1
31 138 1
3 100 1
128 164 1
116 168 2
100 130 3
141 259 2
50 190 1
166 167 1
75 95 1
127 220 4
21 165 1
91 165 12
160 186 1
79 135 1
7 50 1
20 74 1
35 125 1
48 98 1
83 173 2
78 132 2
33 50 2
245 245 1
130 146 2
141 198 1
35 39 3
69 159 4
54 137 1
216 258 2
149 162 1
75 213 3
34 186 2
239 256 2
170 188 3
61 193 1
113 156 1
17 62 1
36 162 3
36 146 1
159 234 1
98 233 1
196 215 2
227 228 2
132 136 1
121 129 1
33 177 1
53 92 1
55 149 1
87 244 1
188 261 1
100 235 1
43 135 1
79 165 1
159 159 4
17 114 1
31 132 1
14 112 1
68 196 1
144 215 1
78 143 1
212 242 1
101 101 3
62 161 2
100 134 1
219 219 3
61 62 3
12 166 1
39 91 3
45 195 1
24 113 2
7 239 2
174 229 1
76 227 1
43 80 1
14 170 7
26 225 1
37 74 3
197 239 1
88 189 1
233 243 2
166 228 1
81 140 1
121 260 1
149 149 1
95 100 2
130 144 1
48 157 2
145 205 1
106 263 1
25 163 1
18 69 1
22 75 1
108 233 1
47 107 1
10 95 3
114 190 1
213 229 1
35 262 1
23 23 8
35 141 2
143 195 1
74 235 2
76 130 1
225 260 1
129 175 1
1 41 1
189 211 1
22 244 1
166 168 5
41 205 3
85 144 1
97 183 1
98 171 1
65 227 1
114 226 1
63 231 1
17 263 1
88 129 2
41 119 1
14 234 1
39 140 3
35 117 1
123 137 4
25 208 1
154 155 1
154 154 1
118 132 2
4 80 1
114 129 1
24 28 1
162 178 1
209 226 1
223 239 3
38 163 1
69 100 3
56 113 1
60 248 1
98 142 1
45 159 1
174 252 1
66 225 1
45 226 1
147 168 1
158 189 1
26 178 1
227 230 1
66 149 1
149 164 1
85 100 1
34 125 1
155 170 3
61 230 2
66 257 1
40 246 2
185 237 1
209 257 1
86 138 1
90 93 1
25 41 1
82 193 2
61 188 4
75 205 2
72 89 1
129 145 1
33 228 2
72 196 1
71 108 1
15 234 1
48 185 1
131 164 1
213 262 1
138 185 1
34 239 1
121 142 1
28 234 1
67 231 1
49 145 1
42 134 1
7 112 1
75 76 1
17 92 1
25 217 1
232 260 1
97 239 1
177 188 2
198 234 1
55 224 1
216 249 1
43 260 1
21 65 1
50 129 1
90 226 1
74 145 3
25 136 1
223 233 2
200 263 1
97 151 1
24 146 1
102 229 1
84 87 1
7 196 2
143 194 1
40 137 5
50 106 1
7 70 1
13 93 2
41 226 2
194 260 1
129 211 1
211 228 2
138 247 2
257 261 1
170 220 1
159 244 2
197 233 1
51 244 1
61 76 8
128 237 1
62 90 2
127 153 2
239 247 1
24 45 3
17 112 1
25 255 2
113 198 1
241 262 1
217 224 1
162 189 2
8 193 1
81 242 3
97 235 1
17 49 1
12 263 1
65 188 2
153 166 1
137 235 1
43 61 1
113 227 1
42 129 3
163 242 1
71 165 1
134 186 1
78 163 1
75 254 1
209 215 1
100 202 1
49 177 1
162 171 1
32 233 1
74 88 2
41 159 1
41 129 1
162 257 1
17 157 1
107 157 1
196 246 2
75 200 1
227 231 1
148 196 1
28 238 1
123 140 2
100 248 1
62 170 1
28 262 1
19 170 1
67 161 1
34 237 1
155 209 1
89 246 1
8 138 1
106 170 1
181 232 1
53 173 1
41 218 1
130 237 2
93 107 1
48 196 4
41 97 1
144 202 1
142 179 1
75 173 2
100 173 1
112 166 1
7 113 2
100 127 1
39 97 3
20 239 1
24 220 1
83 237 2
95 261 1
165 237 1
219 232 1
98 131 1
75 259 2
32 224 1
92 192 1
155 230 1
75 145 1
36 137 1
148 260 1
33 160 1
202 239 1
23 233 1
7 168 1
64 181 1
79 197 1
164 167 1
198 233 1
53 141 1
75 181 1
29 137 1
82 98 1
42 76 2
31 163 1
17 246 1
82 92 1
37 258 1
86 188 1
169 234 2
17 56 1
37 158 1
72 162 1
13 36 1
52 142 2
174 259 1
115 115 3
14 221 1
42 177 1
4 169 1
7 246 1
83 137 1
93 234 1
61 117 2
142 173 1
113 133 1
213 224 1
14 181 1
42 224 1
144 149 1
18 241 1
41 76 2
235 236 2
7 125 1
90 220 1
209 223 1
225 256 1
20 163 1
146 148 1
4 255 1
202 234 1
24 93 1
140 259 3
10 186 1
116 127 1
33 225 2
43 153 1
141 169 1
116 125 1
127 261 3
37 181 1
29 79 2
89 226 1
48 119 1
33 165 4
138 180 1
48 51 2
61 239 1
146 249 1
23 263 1
234 260 1
25 142 1
43 174 1
100 193 4
4 244 2
20 166 1
40 49 2
10 246 1
14 67 1
64 112 3
160 229 2
46 140 1
4 145 1
68 130 1
223 249 1
35 138 1
14 189 1
114 215 1
26 33 1
50 61 1
137 194 1
79 257 1
61 247 1
83 95 1
41 249 2
42 120 1
65 142 2
133 165 1
25 189 4
24 179 1
82 261 1
52 209 1
98 134 1
13 82 1
223 246 1
65 74 3
190 231 1
134 202 1
79 188 1
91 138 1
164 243 1
164 225 1
62 76 1
70 229 1
94 100 1
37 107 1
68 89 1
129 232 1
145 256 1
35 77 1
198 232 1
94 94 1
66 238 1
37 177 1
28 100 2
112 181 1
226 232 2
45 160 1
186 260 3
25 112 1
135 196 1
133 188 1
140 189 3
48 124 1
150 210 4
25 226 1
209 227 1
13 95 1
62 234 1
39 137 6
55 161 4
165 231 2
41 224 1
144 146 1
95 229 3
173 252 1
17 25 3
112 125 1
88 218 1
92 140 1
37 113 1
144 180 1
69 90 4
122 234 1
94 116 1
51 239 1
167 263 1
78 138 1
230 259 1
162 252 1
90 135 1
45 77 1
162 228 1
71 114 1
94 263 1
95 148 1
33 142 1
138 174 1
85 186 1
80 170 4
57 161 1
50 196 1
7 255 1
80 227 1
250 261 1
23 118 1
165 257 2
22 165 2
87 192 1
34 34 1
47 213 1
147 247 1
97 255 1
107 173 1
153 236 1
100 215 2
119 125 1
1 244 1
107 168 1
106 249 1
150 231 1
47 75 3
87 173 1
20 142 1
75 146 1
25 89 2
43 60 1
234 248 1
41 93 1
93 255 1
61 125 1
37 76 6
20 136 2
28 239 2
74 80 1
116 229 2
14 114 1
127 130 1
182 262 2
10 232 1
33 123 3
77 138 1
79 89 2
100 200 1
34 106 1
89 177 2
79 183 1
1 224 1
106 246 1
28 134 1
181 255 1
94 138 1
159 169 2
145 159 1
65 177 2
152 158 1
140 205 2
170 210 6
24 167 1
218 261 4
141 155 2
76 233 3
160 238 1
137 202 5
50 194 1
217 228 1
209 222 1
42 45 2
65 258 1
203 203 1
101 121 1
14 133 1
170 227 1
145 241 1
39 162 3
142 254 1
94 142 1
131 141 1
28 197 1
91 123 3
164 202 2
138 227 1
11 140 1
145 151 1
92 179 1
107 182 1
131 191 1
143 241 1
200 230 1
226 258 1
133 231 1
200 262 2
14 88 1
72 181 1
62 62 2
134 144 1
45 117 2
97 125 2
66 177 1
26 222 1
75 212 2
202 256 1
33 238 2
150 186 1
93 226 1
180 258 1
20 69 1
186 252 1
224 258 1
213 231 1
76 230 1
83 92 1
41 80 1
62 91 1
7 127 1
19 19 1
45 129 2
226 252 1
23 257 1
92 226 1
212 243 1
166 213 1
63 107 2
33 247 1
86 124 1
212 236 1
3 217 1
114 119 1
34 170 1
148 226 1
91 149 4
181 209 1
14 35 2
36 224 1
39 100 1
108 246 1
87 136 1
68 223 1
20 161 1
185 263 1
55 97 1
123 163 1
72 186 1
101 186 1
39 169 1
20 31 1
42 211 1
12 40 1
26 186 1
49 224 1
78 140 1
143 181 1
43 120 1
20 159 1
56 107 1
82 234 3
102 138 1
215 224 1
9 82 1
71 106 2
183 261 1
211 243 1
250 259 1
108 140 1
10 131 1
45 228 1
49 82 1
130 164 1
35 75 1
87 118 1
160 198 1
134 236 1
37 255 1
71 181 2
80 211 1
128 161 1
162 174 1
106 149 1
116 261 1
74 158 1
75 193 1
34 107 1
185 254 1
76 124 1
225 232 2
52 233 1
93 249 1
144 228 1
107 259 1
217 231 3
26 65 1
88 123 1
34 88 1
34 209 1
67 164 1
11 14 1
128 132 1
48 128 1
22 49 1
141 192 1
107 108 1
95 143 1
96 132 1
137 258 1
20 43 1
42 87 1
141 235 4
236 250 1
26 100 1
175 246 1
63 155 1
70 82 1
13 223 1
123 161 1
61 63 2
45 74 2
78 94 1
188 225 1
15 70 1
34 114 1
131 162 1
14 107 1
135 198 1
9 130 1
76 90 1
65 212 1
14 228 2
70 142 1
89 137 2
225 229 1
68 165 1
36 65 1
24 211 1
164 219 1
83 87 1
113 123 2
91 236 1
63 91 1
39 88 1
26 209 1
76 121 1
159 260 2
33 35 1
9 85 1
12 52 1
165 170 1
148 257 1
17 151 1
129 261 1
46 138 1
20 174 1
94 242 1
222 222 2
35 115 1
224 244 1
14 161 1
4 133 1
79 82 1
71 210 1
123 155 5
43 215 1
34 79 1
120 170 1
137 254 3
41 145 1
10 146 1
242 258 1
60 242 1
62 225 2
227 246 1
61 87 1
97 100 1
227 261 1
10 130 4
28 211 1
50 220 1
132 207 1
26 75 1
80 87 1
53 53 1
39 226 1
208 242 3
51 162 2
17 72 1
148 179 1
28 146 1
17 76 1
174 244 1
43 200 1
170 178 1
37 80 2
194 262 1
65 257 1
132 172 1
217 225 1
10 203 1
62 231 2
76 107 4
71 85 2
163 219 1
24 181 1
89 229 2
157 223 1
124 177 1
107 167 1
174 247 2
42 188 1
4 37 1
170 219 1
161 168 2
237 252 1
92 171 4
28 148 1
113 216 1
211 244 1
54 90 1
121 218 1
54 75 1
216 229 1
158 243 1
62 107 1
7 53 1
76 197 1
158 181 1
37 63 3
143 188 2
3 74 2
233 250 3
174 239 1
142 223 1
143 259 1
74 136 1
20 250 1
164 198 1
7 258 1
76 168 1
82 216 1
75 134 1
213 233 1
28 256 1
129 246 1
18 239 1
40 148 1
72 79 2
58 113 1
76 100 1
14 237 1
134 231 1
163 190 1
87 92 1
164 228 1
11 107 1
146 256 1
136 200 1
45 243 1
138 206 1
56 209 1
28 142 1
12 108 1
71 89 6
40 45 1
13 92 1
107 126 1
50 157 1
7 202 1
34 68 1
4 225 1
81 186 1
125 145 1
216 261 1
134 142 1
41 113 5
73 130 2
171 216 1
19 95 1
91 141 1
29 161 1
89 159 1
78 183 1
90 195 3
195 222 1
26 123 1
48 69 1
68 76 1
55 177 2
71 101 1
80 215 1
242 242 1
165 178 1
7 18 1
32 152 1
63 208 1
34 140 1
97 215 1
121 161 1
116 220 1
213 250 2
72 155 4
77 225 1
42 232 2
225 241 1
169 254 1
18 78 2
170 222 2
95 191 1
135 186 1
26 135 1
90 165 1
161 247 6
102 232 1
91 225 2
107 139 1
89 97 3
72 72 2
72 76 3
39 80 3
210 233 1
60 205 1
142 196 1
22 61 1
148 223 1
183 229 1
17 39 2
92 98 1
39 68 2
97 252 1
173 223 1
61 191 2
137 167 1
130 193 1
39 121 1
49 165 3
140 257 1
28 87 2
52 69 1
18 147 1
20 220 1
29 76 4
55 168 1
155 169 1
51 213 1
74 188 1
19 219 1
63 89 2
142 250 1
113 121 1
107 192 1
51 263 1
76 195 2
51 212 2
50 177 4
25 227 3
237 257 4
141 241 1
88 248 1
49 59 1
37 38 2
212 263 1
16 38 1
16 229 1
92 261 1
179 205 4
33 149 1
56 203 1
63 197 3
121 258 7
101 201 1
76 92 1
16 92 1
107 212 1
154 208 1
136 250 1
168 241 1
166 174 1
97 188 1
129 191 1
90 136 14
184 208 1
76 258 3
92 175 2
141 225 2
117 117 1
37 232 1
3 238 1
18 51 1
35 219 1
171 256 1
107 127 1
32 240 1
48 180 1
116 202 1
62 102 1
26 228 1
56 135 2
53 93 1
7 49 1
76 177 3
21 76 1
70 215 3
85 149 1
29 181 1
147 248 1
88 260 1
18 161 1
131 196 1
89 210 1
185 259 6
10 134 1
22 25 1
165 190 1
188 236 1
42 212 1
21 21 1
19 203 1
74 174 2
127 203 2
33 220 1
21 227 1
51 81 1
71 170 1
21 63 1
137 253 1
74 114 1
51 69 1
188 246 4
182 212 1
26 227 3
55 244 1
165 217 1
9 53 2
134 205 1
10 139 4
15 93 1
119 247 1
86 108 1
42 78 1
39 240 2
69 254 6
208 235 1
76 260 1
4 22 1
79 92 2
37 60 1
78 250 2
74 167 2
76 219 1
74 97 1
77 188 1
169 223 2
56 130 1
85 215 1
163 254 1
11 165 1
55 205 1
55 61 1
89 117 1
89 158 1
116 225 1
49 76 1
101 114 1
108 165 1
41 254 1
35 37 2
196 202 2
117 230 2
39 77 4
238 241 2
69 230 5
152 183 1
143 169 1
102 222 1
41 228 1
69 133 1
51 137 3
98 178 1
71 242 1
21 29 1
14 211 1
50 139 1
81 244 1
91 189 1
39 85 1
92 247 1
239 241 4
51 177 1
160 205 2
68 178 1
55 178 1
216 235 1
51 87 1
10 35 1
17 91 1
19 142 2
36 188 2
52 247 2
18 25 2
171 244 2
85 178 3
35 91 3
53 102 2
36 192 3
51 233 2
171 196 2
38 205 4
122 198 2
191 243 1
29 246 1
200 235 1
168 248 1
107 247 3
41 78 3
93 205 2
71 215 2
9 121 2
69 186 2
85 164 2
61 222 3
159 226 2
14 165 2
196 205 2
88 190 2
72 113 2
85 85 5
22 108 2
108 139 2
174 235 2
66 126 2
61 75 5
136 174 3
39 74 2
9 129 2
16 122 2
102 102 4
51 185 3
33 69 2
56 208 2
98 210 2
26 181 8
10 197 3
43 218 2
49 225 4
55 106 2
73 121 2
148 216 2
39 258 2
178 232 2
151 175 2
22 227 2
173 179 2
136 148 2
89 162 2
17 61 4
53 129 4
72 229 2
14 262 2
133 227 2
35 135 2
51 170 3
39 225 2
39 192 2
76 165 4
88 133 2
11 67 2
11 155 2
80 213 2
86 201 2
39 95 2
213 213 5
81 116 2
137 247 2
130 131 2
131 237 2
159 242 2
29 142 2
35 170 4
122 136 2
61 85 4
28 205 2
159 200 2
72 123 3
76 122 2
18 87 2
164 177 2
32 242 3
36 198 3
133 142 2
169 236 2
197 237 2
119 223 2
38 101 2
123 124 2
143 147 2
76 155 3
53 198 2
39 70 3
51 51 13
51 174 2
188 216 4
39 165 4
205 226 2
35 79 3
68 136 2
142 240 2
36 89 2
26 61 2
117 186 2
77 86 2
85 239 2
124 258 3
228 257 2
72 222 2
91 188 3
71 123 2
67 165 4
61 139 2
81 169 2
107 188 6
25 130 2
131 171 3
177 261 2
39 181 6
205 216 2
45 116 2
130 198 2
19 130 2
141 178 4
28 229 2
102 218 2
79 123 2
174 186 2
78 177 2
91 257 2
80 133 2
141 216 2
19 180 2
76 141 2
155 188 3
72 91 4
74 130 2
22 89 2
122 225 4
9 192 2
33 102 2
102 137 2
47 233 2
16 135 3
3 60 2
72 140 2
14 216 2
81 263 2
165 225 2
130 141 2
60 129 2
226 235 2
37 97 2
92 252 4
7 203 2
61 154 2
9 179 2
35 72 3
9 171 2
87 188 4
19 191 2
35 82 2
90 91 2
177 217 2
35 140 5
168 209 2
159 250 2
24 69 2
51 143 2
77 79 2
48 205 2
137 171 2
90 133 2
49 244 2
69 174 2
91 106 3
67 210 2
222 227 2
3 239 2
39 125 4
63 137 2
95 258 2
161 248 2
68 248 2
193 196 3
61 91 2
224 256 3
4 42 4
69 147 2
74 242 2
174 182 2
126 235 2
49 263 2
101 238 5
162 250 2
91 216 2
141 191 2
129 180 2
63 216 2
18 263 2
117 164 2
72 230 2
39 222 2
139 205 2
212 259 2
55 206 2
41 250 2
60 90 2
3 119 2
56 95 2
10 76 2
242 250 2
64 171 2
7 134 2
71 261 2
55 262 2
61 142 2
69 81 2
137 210 2
16 218 2
131 131 3
39 163 2
36 225 3
162 201 2
215 225 2
167 213 2
218 219 2
117 188 2
67 123 3
53 170 2
89 261 2
38 91 2
47 69 6
92 97 2
86 230 2
166 191 2
18 159 2
33 133 2
161 169 2
213 263 2
191 216 2
28 216 2
31 141 2
139 178 2
196 260 2
32 185 2
81 185 4
17 147 2
68 210 2
25 188 2
186 248 2
112 228 2
69 76 2
44 234 2
76 238 2
74 250 5
35 155 2
97 130 2
39 61 2
98 173 2
89 240 2
121 171 2
252 252 3
77 87 4
95 230 2
37 124 2
71 256 2
61 152 2
59 161 2
49 62 2
41 212 3
249 254 2
22 37 2
134 218 2
38 166 2
208 253 2
10 205 2
91 144 3
61 165 2
21 144 2
35 168 2
56 215 2
126 232 2
55 65 2
21 22 4
42 208 2
71 90 2
148 185 2
37 91 2
25 168 2
26 257 2
42 60 2
67 89 2
25 39 3
169 230 2
222 228 2
250 254 2
89 141 2
185 236 2
3 168 2
51 230 2
188 254 2
62 85 2
37 39 2
51 142 2
59 224 2
216 217 2
106 155 2
4 223 2
62 254 2
193 215 2
26 108 2
183 247 2
147 249 4
10 73 2
61 223 2
14 52 2
168 250 2
42 248 2
131 175 3
18 136 2
159 241 2
78 141 2
76 210 2
87 254 2
85 256 2
36 133 2
69 112 2
32 48 2
32 169 2
42 205 2
177 225 6
85 89 2
226 262 2
61 205 2
4 7 2
15 137 1
9 135 2
72 209 1
202 238 1
18 244 1
55 140 1
62 165 1
7 69 1
55 170 2
83 126 1
39 242 1
122 205 5
56 143 1
212 231 3
159 186 1
191 237 1
209 241 1
76 142 1
191 215 2
16 175 1
35 123 1
56 75 1
91 209 1
14 244 1
48 210 1
55 236 1
92 121 3
69 161 1
167 234 1
66 95 1
44 68 1
21 262 1
70 141 1
67 67 1
47 79 1
76 236 1
14 61 1
35 71 2
56 85 1
136 254 1
102 130 1
45 191 1
47 141 1
11 234 1
68 191 1
168 170 1
16 130 2
26 155 1
147 239 1
58 236 1
171 192 1
91 210 1
64 197 1
75 123 1
42 241 1
123 232 4
180 191 1
76 207 1
203 211 1
55 89 1
35 149 1
137 218 1
28 192 1
161 182 1
164 235 1
14 89 1
165 236 1
37 189 1
100 254 1
89 231 2
14 80 1
175 232 1
166 259 1
48 241 1
11 151 1
142 182 1
185 241 1
98 130 1
131 218 1
17 202 1
72 90 1
39 55 1
72 85 1
147 166 1
70 92 1
147 250 1
45 136 1
161 213 1
155 165 2
33 155 1
39 62 1
92 197 1
7 33 1
128 244 1
3 151 1
95 129 2
188 210 1
165 201 1
9 92 2
3 182 1
51 247 1
35 257 1
98 205 1
81 141 1
39 210 1
43 208 1
166 216 1
129 215 1
85 189 1
71 71 1
22 144 2
142 218 1
65 155 1
139 191 1
39 200 1
213 242 3
213 254 1
79 169 2
254 263 1
95 130 1
92 220 1
55 186 1
161 206 1
159 168 3
149 155 2
56 89 1
156 170 1
4 195 1
29 91 1
80 181 1
188 191 1
229 248 1
165 222 1
153 242 1
130 235 1
34 249 1
76 179 1
69 143 2
174 213 1
81 238 1
88 91 2
140 201 1
63 140 1
170 182 1
89 225 1
14 49 1
142 248 2
89 228 1
64 260 1
90 228 1
131 203 2
36 174 1
20 51 1
196 197 1
231 235 2
231 247 1
213 237 1
200 242 1
61 71 2
82 218 1
89 234 1
239 250 2
67 225 1
35 213 1
18 250 1
51 249 1
61 236 1
147 208 1
45 210 1
116 139 1
45 215 1
79 210 1
22 67 2
35 161 1
48 169 2
33 63 1
16 252 1
61 232 1
95 123 1
68 159 1
39 117 1
113 208 1
167 242 1
72 124 1
203 231 1
100 167 1
22 79 1
76 162 1
127 259 1
76 77 2
114 188 1
4 123 1
90 225 2
81 94 1
60 88 1
11 29 1
55 155 2
45 212 1
25 259 1
198 205 1
10 181 1
133 181 2
57 167 1
70 192 1
85 139 1
39 227 1
4 61 1
37 225 1
38 130 2
70 205 1
39 135 1
17 244 1
60 179 1
205 209 1
42 202 1
101 219 2
68 180 1
182 261 1
188 222 1
85 91 2
70 130 2
17 42 1
139 218 3
89 163 1
196 217 1
10 39 1
177 215 1
188 242 1
22 111 1
37 49 1
86 95 1
42 51 1
116 240 1
61 177 2
55 185 1
17 129 1
36 37 2
91 205 1
41 51 1
135 166 1
116 232 1
136 213 1
62 71 1
37 96 1
17 168 1
123 133 1
133 213 1
38 170 1
215 218 3
139 215 1
47 143 1
10 61 1
170 177 2
21 26 1
177 242 1
37 203 1
21 162 1
14 26 2
123 189 1
9 216 1
76 200 1
19 101 2
77 101 2
100 182 1
72 237 1
63 95 1
45 102 1
101 229 1
155 222 2
72 137 1
69 208 1
32 231 2
212 220 1
107 123 2
75 225 1
102 233 1
149 225 1
76 178 1
107 216 1
53 130 1
117 140 1
149 150 1
144 257 1
56 92 1
89 170 1
92 92 1
38 186 1
123 181 1
88 146 1
65 92 1
29 170 1
158 216 1
51 250 1
71 130 1
38 143 1
89 113 1
18 166 1
83 171 1
88 165 1
39 90 1
47 125 4
47 242 1
51 236 1
7 14 1
49 200 1
32 43 1
62 74 1
121 216 1
80 238 1
71 79 1
92 167 1
72 170 1
37 188 1
51 126 1
121 140 2
98 196 1
16 121 1
155 210 1
39 149 1
117 205 1
87 220 1
37 61 2
174 231 1
137 157 1
170 218 1
185 208 1
208 259 2
102 125 1
235 242 1
100 106 1
162 210 1
91 177 1
108 170 1
26 117 1
195 228 2
140 183 1
33 257 1
241 244 1
196 219 1
225 237 1
21 170 1
19 86 1
21 141 1
20 94 1
33 188 1
250 263 1
107 254 1
124 215 1
196 258 1
33 55 1
65 171 1
16 37 1
89 227 1
62 181 1
33 116 1
49 228 1
66 260 1
4 21 1
130 179 1
139 197 1
32 186 1
4 76 1
74 146 1
28 246 1
89 232 1
63 124 1
15 64 1
170 173 1
161 241 1
244 254 1
23 135 1
77 89 2
76 159 1
56 202 1
28 102 1
78 244 2
62 249 1
91 97 1
35 233 1
75 248 1
80 225 2
29 225 1
29 86 1
4 167 1
69 185 1
60 250 1
76 182 1
124 257 1
72 256 1
14 40 1
170 174 1
87 205 1
65 244 1
3 17 1
179 198 1
22 238 2
88 250 1
51 182 1
29 233 1
162 247 1
7 158 1
49 256 1
28 140 1
26 149 1
5 48 1
55 165 2
72 107 1
149 220 1
82 238 1
11 45 1
130 236 1
83 142 1
47 254 2
3 24 1
11 228 1
97 197 1
169 195 1
134 185 1
39 87 1
242 259 1
168 174 2
48 250 1
35 142 1
197 225 1
167 193 1
92 96 1
102 180 1
31 137 1
177 238 1
36 135 1
220 240 1
174 248 1
77 177 1
133 163 1
196 198 1
95 178 1
129 142 1
81 87 1
53 82 1
4 197 1
140 241 1
16 88 1
188 224 1
63 149 1
18 119 1
94 167 1
122 130 1
152 232 1
21 45 1
218 218 1
182 205 1
162 241 1
17 177 1
45 108 1
131 225 1
259 259 1
80 88 1
166 200 1
42 153 1
159 185 1
39 86 1
10 17 1
18 42 1
4 92 1
37 77 1
21 261 1
135 157 1
79 220 1
62 88 1
169 179 1
95 216 1
92 218 1
3 161 1
130 171 1
35 234 1
235 259 1
14 29 1
47 241 1
141 204 1
140 240 1
62 232 1
141 157 1
131 230 1
26 55 1
55 261 1
137 215 1
131 137 1
170 203 1
14 209 1
100 175 1
71 237 1
71 131 1
186 210 1
77 191 2
106 253 1
119 233 1
177 213 1
7 86 1
134 180 1
101 218 1
48 95 1
74 86 1
210 256 1
48 76 1
75 174 1
136 259 1
135 192 1
179 197 1
17 123 2
216 226 1
14 195 2
135 258 1
222 229 1
62 164 1
72 228 1
36 227 1
7 192 1
246 257 1
75 192 1
222 236 1
41 77 1
173 191 1
10 117 1
188 229 1
140 203 1
106 255 1
32 243 1
71 149 1
76 149 1
162 212 1
135 215 1
86 231 1
56 233 1
87 222 1
25 149 1
189 201 1
119 166 1
48 212 1
61 215 1
65 219 1
74 197 1
129 130 1
14 92 1
29 261 1
70 76 1
87 225 1
225 233 1
89 222 1
210 238 1
19 124 1
180 205 1
197 203 1
32 259 1
95 125 1
90 182 1
216 225 1
26 76 1
129 192 1
228 234 1
73 113 1
37 117 1
126 163 1
9 64 1
74 134 1
212 254 1
94 174 1
121 139 1
76 123 1
131 179 1
61 143 1
51 65 1
158 159 1
242 248 1
16 73 1
159 188 1
60 213 1
136 183 1
22 148 1
232 247 1
136 169 1
25 122 1
86 262 1
168 188 1
82 116 1
182 263 1
77 98 1
32 114 1
63 258 1
10 90 1
21 77 1
