226 260 37
144 229 40
88 237 3
48 238 96
90 142 27
88 158 14
48 50 242
48 125 24
25 107 5
42 75 43
82 229 10
107 142 23
140 249 28
170 262 34
162 262 19
138 162 9
237 263 82
79 107 748
50 79 74
41 49 1
143 152 4
74 75 118
100 137 44
137 233 87
148 164 146
137 148 441
170 224 24
143 164 22
140 239 25
239 239 56
107 239 23
107 144 114
79 161 98
4 116 2
145 145 41
79 143 33
141 262 90
193 193 39
236 237 85
48 229 104
100 157 1
129 205 1
79 114 527
88 114 18
24 239 29
170 230 122
164 179 7
13 255 2
119 243 1
69 168 3
68 142 50
74 142 17
243 244 13
160 244 1
41 74 54
151 229 8
33 231 11
148 239 61
229 263 138
141 170 105
95 95 8
82 95 5
90 107 130
90 263 34
116 263 10
48 74 41
163 223 12
7 7 103
50 88 10
88 231 25
114 231 139
79 79 708
79 195 4
161 162 50
164 230 183
170 170 120
90 137 55
79 144 383
48 82 13
68 234 173
68 170 139
43 90 10
90 226 20
54 226 1
79 231 249
17 170 2
129 260 19
141 226 30
170 232 16
4 148 205
4 249 79
79 148 1257
148 263 138
24 237 9
166 244 23
107 141 84
107 140 35
40 140 1
246 249 153
68 246 282
48 68 493
142 166 21
45 231 33
79 186 245
186 263 44
116 170 7
48 231 46
48 230 289
148 161 53
161 236 46
48 263 92
48 140 64
10 132 32
79 97 24
4 79 295
4 74 11
164 170 191
4 234 32
4 233 19
144 239 14
48 107 101
68 224 29
161 170 101
56 164 1
14 79 16
231 231 85
114 226 15
137 236 26
141 263 327
48 80 7
80 230 6
24 263 8
79 142 68
161 173 6
79 113 231
144 249 198
114 170 133
49 164 9
113 232 15
90 113 53
228 231 8
79 262 98
170 186 78
142 236 27
7 236 5
169 223 1
169 244 3
161 161 44
161 164 107
41 238 27
137 238 10
129 137 2
7 129 24
80 82 2
13 261 6
36 87 2
4 161 8
50 148 72
148 186 106
186 246 95
7 246 17
41 90 20
43 234 10
113 125 23
158 170 126
90 125 41
87 125 12
13 14 2
75 263 125
107 107 112
107 238 18
260 263 5
107 164 127
42 107 4
75 230 32
75 262 28
162 164 100
170 233 86
48 170 141
48 75 53
140 170 39
229 236 45
140 236 29
87 233 13
113 164 43
48 164 203
238 238 43
224 237 2
79 170 492
49 141 2
116 129 2
129 129 52
236 262 38
162 263 75
113 114 79
164 231 51
231 263 20
142 234 24
48 234 122
163 231 26
13 231 45
107 237 36
163 163 49
107 163 36
226 234 12
137 161 49
170 236 46
163 236 34
163 230 136
36 80 11
37 68 19
74 263 81
231 234 62
40 143 1
40 228 3
148 231 334
13 45 4
68 79 370
79 87 211
140 164 27
163 255 4
142 243 5
143 239 34
41 239 30
236 239 61
239 262 41
246 263 44
239 246 31
152 246 6
48 141 80
48 239 162
143 170 18
141 233 73
48 87 41
49 90 4
79 263 201
151 170 16
4 107 71
226 256 2
140 234 14
163 239 52
149 239 1
107 113 69
113 186 46
48 186 240
107 246 71
246 246 95
142 262 7
79 164 252
166 235 2
68 238 33
68 233 46
87 229 17
107 170 192
137 137 48
68 239 41
48 90 244
90 152 6
62 125 1
181 190 2
89 181 6
144 186 28
45 50 4
68 137 98
140 262 62
238 263 51
48 79 301
113 141 16
68 249 343
158 262 17
41 186 20
94 152 1
14 186 4
140 263 123
45 232 11
4 142 13
161 230 96
151 230 31
230 244 35
148 262 55
66 113 2
113 256 7
81 132 4
79 100 78
79 90 326
68 181 12
97 189 7
141 231 18
68 87 70
231 233 17
234 249 198
41 249 24
80 170 10
137 140 28
166 238 52
74 239 10
107 129 7
188 236 1
229 237 67
229 234 52
211 234 45
48 211 20
140 162 42
68 68 201
48 233 65
41 233 2
137 249 73
161 234 66
48 261 10
87 148 285
148 233 232
68 107 140
231 246 44
125 231 88
132 230 30
79 230 128
143 238 33
107 236 32
100 161 42
230 263 59
133 239 1
4 144 50
4 13 4
13 233 7
153 238 3
4 50 9
141 143 12
234 239 21
144 162 25
170 234 123
48 113 38
88 262 4
75 75 57
170 209 18
24 262 2
107 234 143
144 234 93
162 170 103
56 129 5
90 164 88
239 244 33
235 238 2
125 234 30
42 143 7
114 137 107
141 239 41
74 233 10
7 226 28
161 262 23
262 262 29
90 233 28
41 151 24
142 163 49
4 137 39
50 166 5
80 246 10
7 48 87
79 224 110
238 239 132
100 170 69
50 68 133
68 231 113
158 231 111
158 164 57
234 234 74
170 256 8
87 246 35
229 246 28
140 161 23
80 161 6
163 164 74
163 263 39
145 263 10
140 202 2
107 186 90
186 211 17
148 249 389
4 170 31
97 144 11
144 163 27
4 158 26
90 249 271
7 141 42
158 211 55
80 256 37
148 261 71
112 211 6
107 229 106
75 229 23
74 234 18
163 244 18
43 236 24
82 144 4
226 233 10
140 186 21
263 263 127
141 229 113
107 211 50
79 125 93
142 229 43
50 170 47
144 246 63
34 246 1
152 230 14
41 152 18
79 158 266
90 236 13
143 246 23
249 256 30
48 48 385
90 231 67
87 255 10
87 236 7
42 142 14
166 237 7
143 143 11
79 239 65
75 239 25
158 263 27
233 249 61
41 112 1
75 166 12
162 233 36
75 144 9
79 229 232
163 166 6
24 166 19
90 145 7
232 234 16
166 239 35
141 141 111
52 68 7
40 106 1
181 181 23
40 141 2
113 211 35
170 246 56
170 263 75
224 263 15
107 233 86
181 239 5
236 263 98
141 236 67
48 143 102
143 247 2
65 80 3
244 263 12
164 234 129
41 142 16
41 246 22
142 223 7
223 239 4
223 223 15
75 140 15
113 234 75
234 236 26
113 255 8
217 255 3
79 234 297
229 232 10
4 232 30
140 141 103
90 262 13
116 243 8
140 238 21
114 140 42
49 181 8
151 238 61
142 246 41
137 224 16
158 234 82
169 170 1
50 239 40
50 246 143
25 246 4
231 237 14
19 161 1
142 239 112
4 45 10
4 88 5
162 209 6
97 229 5
160 256 2
167 246 2
7 142 4
68 163 103
79 163 100
24 142 13
141 142 45
255 263 8
43 262 5
262 263 86
65 231 11
41 66 1
37 231 5
88 249 24
87 142 8
25 125 2
41 148 26
48 223 33
162 246 30
7 79 62
137 144 58
33 125 1
37 158 3
13 141 11
158 162 34
97 112 2
22 114 6
4 189 3
140 148 76
13 249 37
236 238 44
68 217 2
170 255 8
107 255 12
163 229 51
74 170 25
50 186 114
50 236 11
181 234 14
137 263 67
65 148 19
87 141 15
79 137 529
7 41 6
90 224 21
14 90 4
226 263 12
75 79 59
164 244 10
80 112 19
37 256 14
140 233 27
140 229 75
141 162 74
79 193 2
79 80 62
144 148 360
90 163 36
145 236 1
160 255 2
168 170 6
168 168 13
45 68 15
45 188 2
163 170 50
61 97 4
75 237 25
136 244 2
4 153 1
61 132 9
61 181 18
146 230 14
75 232 4
48 236 35
48 163 182
140 140 39
229 233 91
87 114 88
13 88 12
88 232 15
68 151 23
48 246 327
39 132 9
50 142 28
90 148 217
141 246 32
231 249 208
68 158 163
220 243 1
43 48 25
43 152 2
116 126 2
107 220 1
48 232 19
170 249 121
186 234 116
142 238 61
72 189 2
106 255 2
170 229 120
163 186 74
163 249 45
233 246 29
80 229 6
231 261 45
37 239 1
141 161 72
140 160 1
102 226 1
36 157 2
148 246 116
114 246 84
114 148 356
48 142 134
143 236 18
186 230 188
230 232 18
50 232 4
107 148 480
132 170 21
186 239 50
125 145 1
162 234 66
45 48 17
25 181 12
116 229 13
42 141 8
125 249 94
50 164 67
68 143 22
162 229 82
141 164 73
62 233 1
234 238 23
230 233 57
107 224 33
224 262 8
170 181 7
148 170 417
79 141 201
79 233 272
132 219 23
140 163 37
74 141 27
249 263 51
125 158 59
125 143 7
232 243 1
13 48 29
161 209 2
95 162 3
196 229 3
112 148 69
112 239 2
48 249 261
161 229 72
186 249 132
68 100 89
100 263 28
202 263 1
145 146 3
87 106 1
107 137 131
7 229 35
162 162 32
50 107 40
79 211 176
211 232 15
142 164 44
79 249 594
41 236 9
141 238 40
69 116 11
148 223 21
65 76 2
41 231 12
161 263 43
4 4 27
4 90 36
170 239 21
162 163 67
7 163 33
133 234 3
75 163 24
24 74 9
87 90 23
151 234 11
92 181 1
209 237 3
145 170 18
146 229 11
224 249 25
9 170 1
14 161 7
79 236 88
50 209 4
179 230 17
181 237 3
37 107 10
239 263 62
50 231 19
137 229 92
158 236 23
7 144 7
170 208 2
7 68 22
162 237 50
43 68 16
164 186 141
142 151 22
74 148 20
107 158 117
116 140 5
151 164 9
246 255 15
13 68 25
68 227 1
151 262 3
151 186 11
186 223 9
37 217 1
80 198 4
90 144 75
17 148 54
198 256 10
37 80 21
232 256 21
74 79 57
162 239 33
137 170 112
42 233 3
157 258 1
216 258 2
28 216 1
42 244 15
41 42 91
48 237 43
7 50 5
41 229 7
42 42 59
145 161 15
112 112 12
112 181 5
234 262 24
68 90 201
90 246 155
132 138 11
61 188 6
33 89 4
255 255 17
223 255 2
48 114 124
88 261 19
28 132 22
42 48 60
7 42 1
148 148 324
4 230 14
33 68 8
114 144 139
113 145 2
79 112 69
43 239 17
90 244 15
68 145 14
151 239 51
48 100 138
100 179 5
113 137 22
161 239 29
42 151 18
74 74 49
82 170 8
148 162 78
170 231 50
90 234 95
20 170 1
20 213 1
186 229 40
144 231 171
143 148 26
233 237 16
14 162 1
66 231 7
17 66 2
33 49 2
48 161 124
7 148 44
36 229 8
25 186 7
107 249 200
151 163 10
186 238 23
162 249 58
33 97 5
231 256 15
65 181 5
66 181 3
45 90 7
87 249 108
87 238 2
50 141 24
107 114 185
164 263 52
186 233 36
170 238 8
41 116 23
116 236 6
107 161 56
230 236 29
4 237 6
148 256 153
36 256 10
114 263 66
141 179 9
48 116 69
127 234 6
3 230 1
42 161 11
116 152 22
25 249 14
25 48 6
137 237 21
56 185 1
132 234 6
209 234 18
87 146 1
4 179 1
68 148 280
97 170 2
97 155 1
233 236 17
107 123 3
116 247 3
230 238 53
141 224 8
141 237 85
107 231 73
137 141 81
114 163 65
129 258 1
166 229 6
90 239 37
36 148 34
80 107 11
148 232 153
24 75 18
90 238 25
79 238 54
233 234 45
142 143 44
43 143 11
17 107 4
141 148 127
181 263 2
151 237 14
50 116 16
145 198 2
52 80 2
26 107 1
17 256 13
87 140 11
25 234 9
186 256 10
145 164 42
74 161 21
25 179 2
90 143 20
142 244 18
142 170 26
42 152 13
41 140 3
7 263 22
161 237 42
74 163 25
113 229 23
137 262 27
48 144 41
127 244 6
230 231 40
75 142 6
179 229 9
90 162 35
48 151 59
37 238 1
233 239 19
37 144 16
87 258 1
45 97 4
1 161 3
17 48 8
48 158 128
24 232 1
137 142 13
74 248 2
164 164 108
42 232 1
186 237 28
42 79 35
87 107 58
33 170 3
75 116 8
116 127 4
37 170 6
88 164 14
88 255 9
211 255 8
127 143 1
137 166 2
13 186 12
45 186 6
79 246 167
7 223 48
233 262 22
237 239 21
48 71 1
137 162 47
148 181 35
116 166 31
37 37 20
148 198 18
137 239 10
79 232 172
7 209 7
164 249 132
161 249 56
50 233 22
50 162 38
162 259 1
48 153 1
68 144 109
223 238 3
24 127 2
50 263 22
68 141 73
164 246 102
48 209 8
87 189 3
169 169 3
127 247 1
168 236 3
143 234 13
161 250 1
142 162 35
137 164 85
116 249 29
164 239 25
141 230 63
87 231 59
114 256 41
7 179 33
137 240 1
144 263 35
116 151 29
68 263 58
13 148 56
127 231 5
33 195 5
54 195 1
79 88 38
107 162 85
80 186 12
68 229 54
80 225 7
73 80 1
162 231 15
37 148 75
87 163 15
45 239 2
7 232 4
186 232 13
42 90 13
36 50 1
48 119 1
170 237 37
49 80 2
144 145 6
140 230 24
68 230 201
74 224 1
100 198 2
79 116 21
208 243 1
7 193 16
163 233 22
141 249 61
75 162 22
146 237 5
68 237 31
144 233 38
166 188 1
41 162 6
142 142 34
48 181 14
90 100 64
140 261 4
40 107 5
144 164 52
45 148 74
144 224 14
163 262 26
50 257 2
142 263 52
48 137 67
229 239 29
163 243 8
127 243 5
114 175 1
112 234 9
25 148 38
13 237 2
68 161 67
239 249 38
17 158 5
142 161 32
127 127 5
74 262 15
233 263 62
50 230 101
230 243 26
87 166 2
161 163 62
79 140 94
129 140 5
4 87 18
4 68 32
113 140 6
40 87 2
231 232 26
232 263 16
100 229 31
87 234 39
113 188 4
88 144 9
160 170 3
50 137 19
230 246 88
80 249 23
79 256 101
4 224 12
4 61 9
83 229 4
83 129 12
249 261 50
7 143 5
146 157 1
148 243 7
48 162 129
164 229 64
145 260 7
65 66 4
144 158 87
125 164 19
79 126 3
97 261 4
50 158 69
33 181 5
36 40 1
126 167 1
167 243 2
50 249 94
114 249 229
148 158 191
234 246 76
107 263 79
79 223 28
211 211 23
87 211 21
74 87 5
148 255 87
41 50 17
68 211 71
17 80 6
79 220 1
4 186 16
76 132 10
95 192 1
113 243 5
75 167 1
74 162 18
142 237 50
162 193 8
229 249 59
158 246 112
75 246 18
166 224 2
74 140 13
209 211 14
90 230 102
142 230 83
45 79 70
149 249 2
90 186 103
225 249 25
237 238 29
74 238 15
61 161 2
50 229 20
87 170 34
75 170 22
24 238 40
79 226 25
41 143 11
13 140 2
4 190 2
4 141 23
100 162 38
140 223 3
43 164 13
42 238 23
7 234 35
50 144 14
90 229 38
113 239 19
7 231 9
42 168 12
141 144 36
125 144 67
68 113 71
31 238 1
33 37 2
37 97 6
163 238 23
140 250 1
50 261 4
4 127 1
82 83 6
50 75 14
13 162 6
152 244 16
125 167 1
142 145 1
95 260 3
144 230 40
230 237 44
83 222 1
100 186 59
224 224 4
145 262 1
49 79 39
50 152 10
79 209 59
87 164 35
143 241 1
75 151 43
100 209 5
173 231 3
113 233 16
24 41 21
41 41 47
42 239 16
42 177 1
25 263 2
143 237 9
43 238 13
13 87 19
13 79 44
68 209 19
88 140 5
43 142 18
151 151 13
4 140 15
106 246 3
37 106 1
4 41 4
4 231 26
113 161 18
164 262 23
162 230 107
144 256 30
4 229 16
132 132 46
17 132 6
33 142 1
90 141 29
164 166 7
238 246 33
50 90 82
142 231 17
97 186 4
79 197 1
162 202 2
80 148 66
189 231 5
188 189 3
82 260 12
148 163 47
41 43 11
87 100 10
61 225 10
17 61 5
143 262 9
88 148 43
79 82 6
67 164 1
113 148 166
43 107 6
48 179 20
100 230 115
164 238 20
74 164 29
90 237 23
68 256 20
141 234 51
41 141 11
41 263 18
41 234 15
145 246 13
143 233 4
113 113 22
74 151 21
43 141 12
114 233 69
79 261 60
7 146 19
146 179 8
88 224 1
236 255 2
236 260 2
28 229 1
255 256 47
234 256 12
151 166 38
75 236 48
114 158 119
148 229 126
116 137 9
43 79 18
114 239 42
141 168 10
143 151 16
49 225 4
151 263 19
87 162 10
164 233 69
41 164 15
4 236 15
113 170 44
33 262 2
114 241 2
68 140 28
186 231 51
89 249 10
48 244 103
68 164 185
116 228 1
48 148 198
129 141 21
41 166 25
152 238 19
74 116 18
143 263 17
90 170 64
4 113 28
113 262 10
79 151 29
50 235 4
95 141 5
42 113 8
106 224 1
161 231 15
90 151 9
114 234 145
114 230 100
36 233 3
50 151 11
186 224 18
33 158 12
43 232 2
14 148 15
231 259 1
45 179 2
146 161 13
7 74 3
100 114 42
4 145 3
50 50 53
129 229 4
144 236 8
125 211 25
170 211 19
164 237 27
148 236 66
236 236 43
138 164 4
244 244 24
116 239 40
42 116 41
13 143 3
75 141 35
224 233 17
7 230 57
25 89 8
43 237 23
90 114 128
181 244 1
13 262 2
107 230 67
232 255 11
113 143 6
43 162 8
7 162 19
228 237 5
40 231 5
25 226 2
80 234 14
224 256 4
50 238 21
137 211 19
148 211 171
80 164 11
100 164 78
107 179 13
141 163 50
75 106 1
164 256 12
4 48 29
7 80 4
50 234 42
37 164 21
100 231 17
100 158 28
73 249 1
141 145 12
107 256 10
114 237 27
114 149 2
113 144 57
25 79 33
74 144 3
150 163 2
129 142 14
114 186 112
246 261 14
90 200 1
116 246 16
140 151 8
79 181 46
181 223 1
220 230 3
57 186 1
137 163 36
100 141 22
13 107 12
164 255 14
87 232 17
100 107 44
48 250 2
137 255 8
7 255 5
25 211 4
161 233 45
209 231 30
80 209 3
75 148 52
151 231 9
37 246 8
223 263 7
231 239 12
41 161 8
37 79 48
107 151 8
80 263 5
233 244 2
164 198 4
261 263 4
9 143 8
246 262 10
74 107 25
231 236 14
48 202 1
112 249 21
87 137 26
13 90 13
45 181 5
179 246 5
50 95 1
41 75 32
140 209 1
95 163 3
164 232 19
100 246 69
246 256 8
36 79 37
141 232 7
87 161 18
126 262 2
7 107 27
50 113 14
244 262 1
48 174 1
61 107 9
4 256 12
90 158 97
65 88 5
36 230 8
7 36 3
114 161 38
164 209 11
224 234 25
80 255 22
112 255 48
134 255 1
88 228 8
14 125 2
37 232 6
174 238 1
232 236 6
151 161 7
74 78 1
41 226 1
237 262 28
68 162 66
13 263 7
209 233 4
209 245 1
137 223 8
56 179 2
148 151 22
211 231 70
45 158 10
142 148 54
48 260 13
159 223 1
97 107 5
116 230 28
13 209 3
47 244 2
166 170 3
51 132 3
113 249 82
181 262 1
80 238 2
143 162 13
132 255 8
148 157 5
42 158 11
225 256 14
80 142 7
145 223 5
158 229 25
13 158 39
141 146 13
126 193 1
112 164 9
127 239 5
144 225 4
40 45 2
14 52 1
43 256 2
67 158 1
67 228 1
114 141 73
144 170 50
90 97 6
41 235 4
107 262 36
75 161 20
65 211 2
164 236 21
143 228 1
7 196 2
83 260 9
50 224 5
145 255 7
83 223 3
136 174 1
28 239 1
137 186 61
95 142 1
7 83 4
233 238 8
200 238 1
209 249 28
114 211 75
50 211 15
88 230 13
40 188 2
40 62 1
37 225 3
230 234 100
230 262 26
116 238 31
158 249 212
226 255 3
48 135 1
125 170 18
173 237 3
70 129 9
140 237 59
87 209 13
113 209 6
52 234 7
114 229 64
36 114 14
79 237 66
137 216 1
148 238 52
36 234 6
238 262 17
79 157 2
56 157 1
148 260 7
229 260 8
24 143 4
140 142 21
125 141 8
25 29 1
43 43 9
247 263 3
170 196 2
158 233 55
158 239 27
37 61 4
56 107 4
129 223 6
151 167 1
68 129 11
125 232 13
163 226 22
112 137 6
143 244 6
159 244 3
140 246 14
179 179 14
179 223 12
7 170 29
180 255 1
90 123 1
256 263 6
7 114 34
114 142 31
107 198 4
75 186 17
4 250 1
234 263 51
107 232 32
7 140 7
237 237 46
42 237 1
223 229 11
49 231 11
231 238 12
107 145 11
41 68 16
74 236 21
68 155 3
41 170 11
152 233 1
106 125 2
7 239 4
4 75 6
7 87 7
4 164 23
229 231 14
162 238 12
190 231 2
25 75 1
166 231 7
106 158 2
68 120 1
65 79 26
49 198 4
170 243 4
36 255 8
144 161 22
161 260 10
164 193 4
153 166 2
80 87 10
80 231 11
97 140 2
161 186 109
177 255 3
37 125 6
141 158 31
170 260 21
17 255 10
69 236 1
94 168 1
211 261 6
25 189 1
148 230 93
42 50 17
43 74 5
71 90 1
170 179 9
116 233 6
113 166 3
100 243 8
45 45 9
24 116 17
129 145 5
145 226 15
24 48 22
196 237 3
68 125 35
42 148 27
42 74 45
42 230 22
232 246 13
114 164 105
68 114 158
229 261 3
14 144 3
107 261 14
25 113 7
7 133 1
24 50 5
45 234 10
144 144 73
7 164 69
137 158 103
237 246 13
162 211 11
17 211 2
125 148 100
89 144 7
211 246 22
137 146 3
116 162 6
68 188 4
88 246 10
224 246 12
136 142 1
12 13 2
48 224 11
144 211 104
58 68 1
4 42 2
230 256 8
183 249 1
166 249 11
80 97 3
75 80 1
25 217 1
65 97 13
14 97 1
89 107 7
49 249 21
17 49 5
43 113 3
173 260 6
88 141 6
75 158 8
137 232 22
61 137 2
113 224 9
112 256 21
141 223 18
25 112 1
80 211 7
4 132 4
49 189 1
189 212 1
89 170 5
33 164 6
1 141 1
116 244 37
107 157 2
79 146 16
75 231 5
42 166 11
65 186 5
49 65 4
4 14 3
229 229 68
106 231 3
25 97 5
48 262 27
37 42 1
50 140 16
151 169 3
94 169 3
68 75 28
179 263 6
120 151 1
249 262 25
129 186 4
148 209 78
90 209 11
7 145 22
24 161 6
137 231 21
7 243 1
243 243 10
13 244 1
129 157 1
229 255 4
61 255 10
90 211 28
24 45 1
79 152 6
41 244 14
220 244 1
224 229 20
54 107 4
132 148 5
50 119 2
29 143 1
60 75 2
161 224 12
48 166 27
7 256 2
68 255 18
25 25 11
37 65 1
36 37 12
17 249 30
65 170 3
125 161 9
75 90 15
181 188 9
113 236 12
143 249 20
68 70 1
17 65 1
94 159 1
211 249 100
249 249 167
125 261 6
40 125 2
7 181 1
74 229 22
137 226 16
37 49 1
17 225 5
48 189 4
142 249 52
137 230 55
37 162 4
83 209 1
83 161 3
74 243 4
41 237 9
75 152 12
106 186 3
56 70 1
14 249 11
114 262 35
162 179 5
151 236 17
241 263 1
48 177 1
82 249 12
132 246 4
168 230 9
4 181 5
33 239 3
37 90 10
45 88 3
80 181 7
54 181 1
17 52 1
163 234 44
33 246 5
113 181 2
79 145 27
94 236 2
186 197 1
87 97 4
132 165 5
48 146 9
186 228 3
158 158 64
161 235 2
163 179 6
14 68 7
158 256 20
37 230 12
146 158 3
24 226 1
65 141 2
94 116 1
132 241 3
87 230 24
68 257 3
61 230 7
83 179 1
67 161 1
33 42 3
43 97 1
122 132 3
100 140 14
42 163 12
25 40 4
233 233 40
146 164 7
87 256 6
24 151 28
189 232 1
49 61 13
40 234 4
107 226 13
68 186 144
145 211 2
43 233 2
166 236 8
170 250 1
159 168 6
90 208 1
125 140 6
137 246 14
50 114 39
66 80 2
80 233 3
223 236 1
87 186 22
224 227 1
181 228 9
43 263 14
13 170 14
239 250 4
25 80 3
209 236 3
231 262 12
38 161 1
65 226 1
45 170 11
229 262 37
75 164 19
18 244 3
69 136 1
141 244 2
83 246 2
137 256 9
41 230 35
17 36 2
87 261 16
80 223 2
17 79 33
43 132 3
135 180 1
54 148 5
52 54 1
181 225 1
97 188 1
52 230 2
141 186 32
97 97 13
75 238 45
74 223 4
9 229 1
164 181 11
34 49 2
209 262 2
68 166 12
43 230 24
231 255 16
50 185 1
75 137 10
79 255 67
113 238 10
50 244 12
75 211 2
100 143 14
10 160 1
45 238 1
61 144 10
7 61 2
238 243 16
4 28 1
158 223 3
166 223 1
217 256 1
129 170 11
196 260 1
18 116 2
40 61 1
45 107 13
137 181 5
145 193 6
146 249 4
151 249 22
181 211 12
162 186 57
164 261 22
17 232 6
17 17 10
45 256 6
134 234 1
144 255 16
102 255 1
39 170 2
112 143 1
100 125 8
50 80 8
125 162 6
41 48 67
24 229 5
88 161 5
158 243 8
107 243 12
238 244 29
166 243 7
230 230 122
186 186 50
143 163 30
143 231 11
158 163 34
80 80 20
223 249 19
228 228 3
13 113 5
129 152 1
25 238 1
37 114 21
146 202 4
74 230 42
74 182 1
158 209 16
4 80 15
162 236 45
223 230 19
68 190 2
37 189 3
74 132 7
68 223 10
22 231 1
74 168 20
82 226 8
224 231 8
151 233 7
144 262 13
74 145 9
82 239 2
140 181 3
13 13 11
158 179 8
87 263 20
137 234 73
65 140 2
161 232 15
97 181 7
48 95 10
49 256 4
45 263 4
42 262 2
137 151 4
151 223 1
87 224 6
4 211 30
74 237 15
127 183 1
127 238 6
91 169 1
100 100 38
234 261 12
170 177 3
45 246 7
148 234 228
143 261 4
50 143 31
50 189 2
141 255 3
49 97 11
7 92 1
161 198 7
181 198 2
148 244 18
186 262 15
68 232 27
170 200 2
79 160 5
113 158 49
22 234 4
133 262 2
51 68 1
238 249 36
158 237 25
116 158 5
166 166 25
66 238 1
224 230 9
223 233 5
224 238 2
233 260 6
88 234 14
36 238 2
14 36 1
211 238 8
4 244 2
4 262 8
132 164 8
198 249 4
106 209 1
25 261 2
68 262 19
25 237 1
25 195 3
25 37 4
79 162 114
79 128 1
142 186 32
106 116 1
52 255 1
49 148 38
50 163 68
179 234 8
74 232 1
114 224 36
224 228 1
181 261 3
74 137 12
180 263 1
1 230 3
229 244 7
14 170 6
112 226 5
162 226 24
37 226 1
234 237 27
211 237 11
230 239 64
145 256 3
80 177 1
127 263 2
13 246 18
140 158 16
17 90 3
188 225 1
61 112 3
106 144 4
151 152 11
40 249 11
52 228 2
112 163 7
112 141 4
125 224 5
43 231 4
13 125 7
68 248 7
65 256 3
80 95 1
87 144 72
112 170 9
78 159 1
168 244 2
151 246 13
107 244 6
114 236 36
142 226 5
41 163 12
42 247 5
50 145 3
79 257 7
42 243 5
116 213 2
169 186 4
4 243 1
50 100 40
140 256 5
181 232 2
142 224 2
236 246 15
125 152 2
79 89 11
113 151 6
164 189 1
142 189 1
170 244 7
13 164 12
107 125 32
61 80 2
25 61 8
13 97 2
89 158 5
24 170 5
125 229 5
107 160 4
4 261 5
112 142 1
164 223 23
141 211 11
33 255 3
4 255 12
79 244 33
79 171 1
79 129 21
141 209 8
24 186 11
151 220 2
40 66 1
97 234 13
255 262 2
106 132 3
25 229 1
234 243 10
87 202 3
76 161 1
95 249 4
50 74 6
7 161 29
45 87 17
61 87 4
147 162 2
33 148 29
213 230 3
114 125 46
48 220 7
25 228 3
25 161 11
100 202 1
4 114 70
40 189 1
25 198 1
87 262 8
234 255 15
37 255 12
147 238 2
80 145 2
113 163 11
7 151 1
75 209 3
60 141 1
42 234 8
144 151 3
106 129 2
50 262 6
129 169 1
80 85 1
62 189 2
188 255 1
61 190 1
97 116 1
33 90 4
142 211 7
79 227 3
61 68 8
87 87 19
90 124 1
186 226 13
146 255 1
112 161 6
113 231 54
232 237 7
25 129 3
24 249 19
61 61 11
189 225 4
80 189 2
89 189 2
161 238 16
188 234 3
4 25 9
48 251 1
233 256 3
133 229 2
127 170 1
241 243 3
137 244 8
113 116 7
148 196 3
56 233 1
113 230 27
113 246 24
148 224 79
132 142 4
10 129 1
228 263 2
43 140 5
95 238 1
41 114 16
146 170 4
211 229 9
49 255 5
17 181 5
143 165 1
43 144 7
144 232 49
90 189 8
13 50 7
95 164 4
140 145 8
114 232 46
4 162 7
116 168 4
198 226 1
87 113 12
7 45 2
200 233 1
225 230 7
42 246 22
137 225 3
13 66 2
66 143 1
13 137 5
61 79 37
161 261 10
80 158 15
148 189 15
61 170 9
181 229 3
40 256 1
88 170 11
88 88 11
79 260 12
141 166 7
171 239 1
116 164 16
33 236 3
68 236 25
16 48 2
61 256 7
61 133 2
224 239 3
79 166 17
24 162 1
7 224 1
127 144 1
50 65 4
74 152 9
152 152 10
129 163 20
163 237 43
50 161 32
140 143 18
37 236 3
138 151 4
161 246 26
61 142 1
13 229 6
88 97 2
151 213 1
190 238 1
158 186 80
186 236 14
140 193 2
147 193 1
90 161 46
116 161 7
49 144 10
49 68 8
90 198 2
95 140 1
53 164 2
49 230 6
106 148 5
25 140 2
48 117 1
49 233 7
82 209 1
97 125 6
114 114 100
220 246 1
170 201 1
146 261 2
87 88 16
66 263 2
112 129 2
144 146 7
146 225 1
113 263 16
24 107 4
97 129 1
7 260 24
142 158 28
141 151 12
189 249 13
226 236 1
168 231 3
37 186 9
249 255 33
186 261 8
4 125 12
82 263 7
160 249 3
117 237 1
97 231 8
17 137 7
233 255 5
7 90 25
33 249 11
145 186 9
125 193 1
45 211 14
144 248 1
7 100 32
90 112 12
17 145 2
37 112 4
107 209 12
24 90 9
24 148 13
7 249 39
37 249 17
217 225 2
41 225 1
143 229 13
75 100 14
113 261 15
236 249 40
164 224 19
80 144 15
33 224 2
33 256 1
55 65 1
66 234 2
65 233 1
41 168 9
52 263 1
42 94 2
100 234 58
100 148 44
202 237 3
62 133 1
91 133 1
89 132 9
41 51 1
141 261 2
163 220 1
50 54 1
20 142 1
20 41 1
42 261 1
229 256 10
50 173 2
39 91 3
37 234 18
45 140 3
4 226 1
41 81 1
256 256 23
193 223 3
25 164 8
211 233 7
234 260 12
151 243 6
87 195 1
236 243 3
129 226 12
143 186 24
37 113 5
26 164 2
68 244 22
68 228 7
142 181 3
89 148 16
89 230 7
116 237 10
45 229 6
79 179 15
80 89 1
36 36 5
89 164 7
239 243 9
220 231 1
100 249 55
143 158 24
40 79 13
17 97 10
83 144 1
114 162 57
152 167 2
143 161 22
112 114 19
142 144 13
45 144 15
89 186 3
52 142 1
125 186 15
112 263 7
113 142 15
150 151 1
49 211 5
42 137 4
100 217 1
68 74 37
164 188 8
42 170 6
40 112 2
181 255 6
181 195 3
43 50 5
164 243 7
144 209 32
24 79 17
170 212 1
212 212 2
142 241 1
25 220 1
69 263 3
33 237 3
158 224 25
13 234 9
42 229 4
55 79 1
137 247 7
152 162 2
4 35 1
181 189 11
121 189 1
145 233 9
79 165 4
22 143 2
144 189 5
229 230 79
163 256 8
68 116 15
143 166 11
3 236 4
41 83 1
61 114 10
68 212 2
133 144 4
14 137 2
7 113 7
48 259 1
48 88 17
7 237 10
211 223 3
209 263 6
24 230 10
48 138 12
137 143 6
112 189 2
147 170 1
148 237 56
14 261 2
145 163 15
129 246 4
36 193 1
112 145 4
24 260 3
33 261 4
100 163 59
24 141 3
41 243 14
114 208 1
158 238 15
41 107 11
66 137 2
25 202 1
14 151 1
24 243 5
25 142 1
48 112 15
48 152 23
90 146 5
90 90 71
33 234 6
61 189 7
225 255 8
116 148 18
48 97 7
144 244 6
66 148 22
87 228 4
114 225 12
89 97 2
122 234 1
50 66 2
90 232 17
97 263 1
22 88 1
162 183 1
80 137 6
158 232 22
17 164 4
164 211 26
230 261 14
70 186 1
37 50 2
107 143 14
142 227 1
145 239 5
80 100 6
14 50 1
106 256 1
162 181 3
42 188 1
129 179 2
87 239 10
159 239 4
168 247 4
119 119 2
48 60 1
188 238 1
24 231 2
145 162 23
74 244 5
41 223 1
48 89 10
162 254 2
116 234 7
129 231 3
144 238 7
127 168 1
185 185 1
235 247 1
33 137 2
107 136 1
94 167 1
129 173 10
82 147 1
79 198 20
25 50 3
88 113 5
106 170 2
106 107 1
179 238 1
42 186 10
140 166 4
4 106 3
213 234 1
52 186 2
17 114 15
22 162 2
49 49 5
129 161 22
53 79 1
25 87 3
244 246 22
144 237 13
126 249 3
260 260 14
158 161 24
87 112 3
4 112 9
79 188 12
69 79 8
198 255 5
41 79 39
75 233 14
37 223 1
112 231 4
163 260 24
148 167 2
57 129 2
107 112 12
238 257 1
189 256 3
113 226 2
45 125 8
45 228 1
211 256 8
232 233 14
36 198 2
40 68 4
146 223 9
142 146 6
166 255 1
80 236 1
234 257 4
95 232 1
107 166 3
160 193 1
232 249 42
129 196 2
152 239 10
75 107 23
100 142 27
50 237 8
142 233 15
68 138 5
127 141 3
72 90 1
196 249 1
87 138 2
112 232 6
48 255 10
55 163 1
126 168 4
233 261 4
116 163 11
162 197 1
82 107 6
142 232 3
100 132 9
161 226 34
166 262 2
24 244 6
226 237 10
209 209 6
11 209 2
116 142 12
77 132 5
132 263 12
142 220 2
24 43 9
70 237 4
164 208 1
225 233 1
25 90 6
25 65 6
65 229 2
167 241 1
20 167 1
25 256 4
189 263 1
134 163 1
170 226 16
4 166 2
161 244 7
45 114 24
75 244 2
146 233 5
126 263 2
48 126 1
163 168 3
49 263 1
48 225 6
77 169 1
42 140 4
122 230 2
65 239 4
130 132 20
129 237 9
170 189 6
129 148 19
95 234 2
87 158 79
7 54 1
112 230 13
82 173 13
52 232 1
211 239 8
45 257 1
49 209 1
97 145 1
112 125 2
45 249 21
170 182 2
50 62 1
126 141 1
119 186 4
173 263 4
163 225 2
100 237 9
90 223 5
179 193 1
40 146 1
4 100 8
48 145 19
159 163 2
7 75 6
65 75 1
170 261 8
88 107 18
137 254 1
85 161 1
151 162 5
45 236 5
61 113 6
43 244 4
175 181 1
100 232 6
50 87 9
80 232 8
87 237 2
107 217 1
82 162 6
158 261 24
61 234 5
90 261 11
94 234 2
169 234 1
87 181 6
126 140 2
137 193 1
151 244 9
164 225 7
162 255 9
88 179 1
36 236 1
186 244 16
152 166 43
75 234 17
237 243 5
100 239 21
232 262 3
129 230 16
116 224 1
36 61 3
226 246 4
89 89 2
133 181 2
80 261 1
82 129 19
227 255 1
14 246 4
36 49 1
45 129 1
83 168 1
54 246 2
228 255 1
145 148 24
50 226 4
43 100 9
68 243 15
162 224 7
4 263 15
129 164 5
170 257 1
25 54 2
119 244 2
119 157 1
125 246 30
170 197 1
168 263 13
56 148 2
42 231 2
112 121 1
223 262 1
25 170 5
132 163 10
28 231 2
198 234 4
89 146 1
188 257 2
80 143 3
40 195 2
80 228 1
82 164 7
42 68 20
48 67 2
7 34 1
68 261 19
125 255 10
181 186 9
89 229 1
43 161 10
22 89 1
68 241 1
145 174 1
56 198 1
73 164 1
226 226 40
95 230 12
169 233 1
56 173 3
226 232 3
62 144 3
181 230 9
33 62 1
230 255 9
228 246 3
36 68 3
56 229 2
36 65 2
146 162 11
95 229 7
162 166 7
3 151 1
36 144 8
158 226 6
89 255 3
17 231 10
65 144 8
83 160 1
45 141 2
80 163 5
83 141 4
260 262 1
100 116 7
125 163 7
66 170 1
211 217 1
225 225 7
13 100 5
89 188 2
181 226 2
186 217 2
25 49 4
87 116 2
33 48 8
48 256 12
144 226 3
151 228 1
143 243 3
165 166 1
25 144 8
79 243 13
225 232 4
17 144 2
141 260 8
7 137 13
152 170 2
152 243 7
100 233 28
12 88 1
150 196 1
45 162 2
89 211 3
22 170 3
189 255 1
45 137 5
24 224 1
141 256 3
37 181 4
45 233 3
36 62 1
61 62 3
145 173 2
148 226 9
209 230 9
43 148 15
4 225 3
75 243 3
128 243 1
125 258 1
100 211 12
88 137 15
133 142 1
146 146 4
161 181 7
200 263 3
36 113 7
41 87 3
137 261 13
181 227 3
13 238 3
87 260 3
80 88 5
66 209 2
13 80 2
74 249 30
121 148 2
138 230 11
147 237 1
75 147 10
85 238 1
14 231 2
12 261 1
237 255 2
41 100 11
136 259 2
87 225 2
107 247 1
225 263 1
140 232 7
25 163 2
148 201 1
97 148 25
61 239 1
128 263 1
74 100 13
145 249 9
74 130 1
170 223 14
74 126 1
36 231 7
161 223 7
120 246 1
162 198 1
223 256 2
132 191 7
36 181 4
48 227 6
76 168 1
90 188 4
127 164 2
70 145 2
112 238 1
94 232 3
112 113 6
1 48 4
75 261 1
223 261 1
80 224 1
92 92 2
79 168 7
140 168 5
157 249 5
97 106 2
68 91 1
75 114 16
72 186 2
97 256 3
160 164 2
224 261 5
36 232 2
223 247 1
157 162 2
188 209 1
33 79 26
7 43 3
61 148 25
148 166 18
164 200 3
140 231 16
83 157 2
29 68 1
82 148 7
193 231 1
218 234 1
79 202 3
135 161 1
88 142 2
152 163 7
239 261 2
161 179 8
195 231 3
168 249 5
61 224 1
7 186 18
7 121 1
97 126 2
140 226 6
7 95 2
188 261 4
33 189 1
88 233 7
87 152 2
7 202 1
66 68 6
33 36 1
7 261 3
33 61 2
42 249 28
161 228 4
141 152 2
52 87 2
161 197 1
80 113 6
43 151 6
66 90 4
125 125 14
90 256 11
36 112 4
13 211 13
160 230 4
165 230 2
83 237 2
88 236 2
42 78 2
181 246 10
4 66 4
113 237 8
41 127 3
89 233 1
188 249 9
112 188 1
13 142 3
161 211 14
56 161 1
237 249 27
82 90 4
88 229 9
200 249 1
123 137 2
163 246 57
224 232 4
13 232 2
74 119 5
25 36 5
125 151 1
152 260 1
65 68 4
250 256 1
146 232 1
83 163 5
65 249 18
49 114 9
49 92 1
87 129 3
36 262 2
33 232 2
41 169 1
132 252 1
132 239 7
33 88 3
186 243 12
39 74 1
179 186 7
211 230 16
37 262 2
65 87 2
256 262 2
88 186 12
133 231 2
127 230 5
186 198 1
97 255 5
17 236 1
114 145 21
90 260 3
83 239 2
85 188 1
181 231 10
189 238 2
4 209 9
158 228 2
69 106 1
129 256 7
48 247 5
36 170 2
188 229 1
178 188 1
130 140 1
4 246 15
74 167 3
13 25 1
91 231 1
97 137 1
33 143 1
232 232 19
151 168 2
68 189 4
148 228 18
52 170 4
52 114 4
42 164 17
239 257 1
159 237 1
155 163 2
50 125 6
36 239 1
56 114 2
89 114 8
80 227 1
17 70 1
49 162 4
52 112 1
89 112 1
100 244 12
142 200 1
100 124 1
114 238 23
3 3 1
4 37 7
164 260 10
88 90 11
45 164 16
39 65 1
83 263 1
25 68 5
4 238 4
24 247 2
119 247 3
158 202 4
89 256 1
37 228 3
137 145 11
148 227 3
166 179 1
17 234 7
4 151 4
106 249 6
40 181 5
143 232 1
116 188 1
18 249 2
41 137 5
62 146 1
48 243 29
112 237 2
48 155 2
114 261 38
74 246 8
212 244 1
75 168 8
136 148 2
151 181 2
163 211 11
42 211 4
66 230 3
88 163 4
100 223 8
50 200 1
143 179 1
80 179 1
83 112 1
157 255 2
31 42 1
198 198 2
37 188 1
129 132 11
52 79 4
100 262 4
24 163 10
74 166 15
49 87 1
137 182 1
168 238 4
13 144 16
114 209 30
100 152 6
80 102 1
7 200 1
75 82 1
79 92 3
48 198 11
36 225 2
35 256 1
69 181 2
17 76 2
223 246 8
9 186 3
80 262 1
116 143 11
188 256 1
17 112 2
208 230 2
7 33 1
181 238 1
66 87 2
209 255 2
14 158 8
75 235 1
48 61 8
229 243 3
68 80 12
102 148 4
144 188 4
72 232 1
94 142 1
94 127 1
87 127 1
161 166 2
54 231 2
143 260 3
79 130 2
21 164 2
114 243 11
24 68 8
69 86 1
17 37 6
56 82 4
17 198 3
79 228 9
86 132 5
190 257 1
76 165 1
33 230 7
100 167 3
125 230 17
75 226 2
146 193 5
146 260 2
80 83 1
100 138 4
19 19 1
148 152 6
132 256 7
48 76 1
68 132 12
37 161 6
141 181 2
107 132 13
35 236 1
108 161 1
144 243 3
142 209 1
68 119 2
29 148 1
133 230 2
166 211 7
17 41 1
7 11 1
56 80 1
82 141 3
25 231 9
42 241 1
7 221 1
95 100 3
132 166 9
45 138 1
237 244 4
14 230 14
48 62 4
90 179 3
107 188 11
132 203 16
132 135 5
116 159 6
113 149 2
69 161 3
225 231 1
102 137 1
24 246 9
82 132 7
100 260 9
127 142 2
48 168 12
113 202 1
230 249 109
100 256 8
189 237 1
243 246 9
148 188 11
36 132 8
226 230 36
48 150 1
1 132 5
166 246 7
3 164 1
72 132 11
162 241 1
48 129 27
155 186 1
42 235 1
79 132 10
132 140 13
194 238 1
138 186 5
48 83 5
74 82 1
75 78 4
132 162 8
133 133 3
67 249 7
166 230 20
151 260 4
25 66 2
16 164 3
132 209 6
162 232 11
212 246 2
36 162 1
161 248 1
14 132 6
181 249 27
50 146 3
158 188 6
163 247 2
82 82 19
159 161 11
132 244 4
75 132 5
79 225 13
69 247 1
54 79 4
17 163 1
168 237 4
132 197 30
216 226 1
1 107 2
82 258 1
88 132 3
16 226 2
125 181 9
79 254 2
79 159 5
11 230 1
53 151 1
78 174 1
88 223 2
142 159 2
28 196 1
13 132 8
93 186 1
17 74 1
48 72 3
132 143 4
143 230 50
80 114 24
102 132 3
42 132 3
132 237 6
107 257 1
125 209 8
10 209 1
62 68 2
26 68 1
48 240 1
62 211 2
24 140 3
120 237 1
114 146 6
132 216 19
36 249 8
186 260 3
120 186 2
74 114 7
65 132 6
148 225 43
50 129 9
170 227 3
1 1 10
132 145 7
173 230 3
132 161 10
7 73 1
102 230 6
164 220 3
48 66 4
108 230 1
7 262 2
148 177 5
42 144 5
136 163 1
116 136 1
82 114 7
36 164 5
226 229 19
148 257 4
132 186 12
167 239 1
173 239 3
100 226 19
40 233 1
37 132 11
40 161 3
61 100 3
14 255 2
155 189 1
161 212 4
21 144 3
61 231 6
220 238 2
217 231 1
127 246 4
75 125 3
48 258 2
68 165 2
223 237 11
177 246 3
55 263 1
83 211 1
52 148 7
227 234 4
45 113 9
145 232 2
54 211 1
50 223 3
64 132 1
25 230 10
162 185 1
33 229 3
67 141 1
197 197 6
145 261 8
116 235 2
79 210 2
79 133 3
42 100 17
76 107 1
200 244 2
48 173 5
166 234 9
234 235 1
107 127 2
100 168 6
1 162 3
48 132 18
74 212 4
114 129 27
50 243 11
132 226 9
7 132 12
69 211 1
69 100 4
132 262 10
1 100 1
37 100 3
151 193 1
114 127 4
7 66 1
168 239 2
106 114 3
50 82 4
129 160 3
127 186 4
189 195 2
13 114 34
138 163 9
114 198 5
40 246 4
152 249 9
100 145 11
249 257 5
133 186 3
13 230 23
7 88 4
55 148 1
144 168 2
211 228 7
223 234 9
7 158 7
232 261 6
179 237 3
100 238 14
246 257 1
68 112 10
132 238 11
116 231 7
144 177 1
79 119 2
22 230 3
4 163 9
62 164 2
68 235 3
35 48 1
228 249 6
141 202 2
114 181 25
124 140 1
129 249 10
17 246 4
186 209 11
173 234 9
36 48 11
125 165 1
228 230 7
42 43 4
69 230 9
61 177 2
132 134 6
52 161 1
29 211 3
42 114 14
48 188 3
129 234 12
83 90 2
68 152 9
112 246 10
85 129 1
114 235 1
164 226 25
100 255 4
68 198 5
114 221 1
188 188 3
71 255 1
69 170 2
40 48 4
17 35 1
143 250 1
102 229 1
50 132 6
163 173 3
136 186 2
33 114 15
83 107 2
90 132 4
146 186 6
145 243 1
14 48 7
33 209 2
108 231 1
18 230 1
166 186 13
68 225 7
24 42 10
217 249 3
114 143 23
24 25 1
65 112 2
66 249 5
125 166 1
24 152 12
167 234 1
148 195 3
45 85 1
132 261 3
107 223 9
107 201 1
144 260 2
116 116 25
62 100 2
100 151 7
72 231 3
116 186 10
62 148 12
167 247 1
62 246 3
30 82 1
43 158 2
114 244 15
164 227 3
132 133 2
65 195 1
181 217 1
90 255 3
83 142 2
74 208 1
114 123 1
74 185 1
37 141 5
61 211 7
225 234 5
230 247 1
181 257 4
140 159 2
180 216 1
161 258 1
7 125 2
4 152 2
36 146 1
65 234 4
3 75 2
24 114 8
186 255 3
179 250 1
97 114 9
91 230 3
61 229 1
125 238 3
238 247 4
65 107 4
36 246 5
145 160 2
132 225 3
114 167 5
244 254 1
113 225 3
4 239 4
151 227 1
164 217 1
9 142 1
45 255 9
79 106 11
89 231 15
32 148 1
157 186 3
24 236 4
61 249 15
145 209 6
88 162 6
61 65 2
161 193 2
113 189 8
40 116 1
49 170 1
64 263 1
137 260 7
1 68 4
209 232 12
82 161 8
75 249 21
40 170 2
158 255 10
69 148 3
217 239 1
141 248 2
159 170 2
132 229 6
79 189 14
8 230 1
36 261 1
28 161 1
121 125 1
76 148 1
114 200 1
152 229 2
65 125 5
26 165 1
41 159 5
177 225 1
9 233 1
48 248 3
48 120 1
90 181 3
25 232 2
158 189 7
68 200 2
40 148 14
62 249 5
17 45 1
83 137 3
65 114 16
48 52 3
48 215 1
41 132 8
88 125 11
114 190 1
22 112 1
1 163 2
28 236 1
261 261 4
130 246 1
85 89 1
142 168 1
40 114 6
114 255 25
83 148 7
26 113 2
164 169 2
114 223 13
95 148 11
107 121 1
69 234 3
114 189 8
90 102 2
76 232 1
90 228 2
49 50 2
18 186 3
114 116 12
37 102 1
12 158 3
48 127 16
249 260 6
160 263 1
43 229 6
146 246 6
168 186 1
61 115 2
17 233 2
100 236 11
79 247 4
193 202 1
209 261 5
231 244 2
158 230 41
190 249 2
78 230 2
161 174 4
95 132 13
7 233 11
17 229 2
129 162 14
134 229 1
132 243 5
244 249 24
66 158 2
33 211 2
97 132 11
24 158 6
127 158 2
114 220 2
41 65 1
173 186 1
24 24 6
142 255 3
68 146 3
65 163 4
4 17 3
65 137 1
133 163 2
12 148 2
113 162 13
209 224 1
106 230 3
80 132 6
151 158 10
1 143 1
170 198 1
143 255 1
66 100 3
81 81 1
69 233 4
114 179 3
97 230 3
88 195 1
62 195 1
48 228 5
43 179 1
198 209 1
140 195 1
138 246 2
132 205 20
227 230 1
75 159 4
88 196 1
47 47 1
82 230 12
66 79 14
132 137 10
31 132 1
230 258 2
93 132 11
83 114 2
49 158 6
6 249 1
65 90 6
141 212 2
112 162 3
141 243 6
79 169 2
224 243 1
157 260 2
143 209 2
256 261 4
68 127 2
162 261 5
213 239 2
48 226 30
211 236 6
192 246 1
132 189 6
112 132 8
116 226 1
132 223 5
20 74 1
114 132 7
43 163 9
74 89 1
25 114 7
175 261 1
191 261 1
133 209 3
41 144 8
124 132 6
33 144 5
132 218 6
65 246 6
132 248 2
80 90 9
162 223 9
141 247 1
45 65 2
211 262 4
45 227 1
40 211 4
145 234 11
100 112 11
146 226 6
237 260 4
82 234 6
124 231 1
45 166 2
50 196 2
144 228 9
144 261 26
68 133 3
113 129 7
37 48 7
22 79 4
4 7 7
71 106 1
68 88 10
132 231 5
45 261 4
45 80 2
62 79 9
127 249 6
132 260 3
225 246 8
116 141 6
56 170 4
87 132 9
164 202 2
112 144 7
14 87 2
45 209 5
164 168 6
54 232 1
107 225 5
97 158 8
25 132 2
197 231 2
74 147 2
88 89 2
132 158 4
61 186 6
237 261 2
90 140 13
65 65 8
129 233 8
193 230 2
162 168 2
40 164 3
70 162 1
95 137 2
59 79 1
42 236 2
97 163 1
132 214 1
49 186 4
60 234 1
56 249 2
259 261 1
138 233 1
80 226 4
141 198 4
43 249 13
67 114 3
68 84 1
42 167 4
132 233 5
26 229 1
68 245 1
26 132 1
146 173 1
138 236 3
82 211 3
37 237 1
113 217 1
74 90 11
68 76 1
144 223 4
50 260 1
1 144 1
47 74 1
121 163 1
74 158 6
100 106 1
132 192 1
35 66 1
70 216 2
8 141 1
39 181 4
229 238 10
75 212 2
152 186 3
54 230 2
145 158 9
188 211 2
145 230 14
52 249 5
14 55 1
123 231 1
47 164 2
125 244 4
61 158 1
83 162 6
67 79 3
13 89 2
170 185 3
60 230 4
114 151 14
79 135 1
137 241 2
88 225 1
179 209 3
202 249 3
43 170 1
163 224 2
138 255 1
89 257 2
41 119 3
158 181 4
45 62 1
4 33 3
132 217 4
132 181 7
226 239 7
146 211 2
90 168 3
146 163 5
127 163 2
21 79 3
79 127 2
137 167 1
158 217 3
202 230 2
202 229 8
202 234 1
209 246 5
41 113 4
107 118 1
65 158 3
114 178 1
123 178 1
74 136 1
36 224 2
141 159 2
25 233 3
114 173 3
132 232 2
198 237 2
144 178 1
133 148 3
33 141 4
33 45 1
132 249 8
114 168 2
202 262 1
126 144 4
140 243 4
106 181 6
26 158 1
158 166 8
161 227 1
55 231 2
42 209 3
106 127 1
68 150 1
43 75 8
162 242 1
141 228 4
132 188 7
10 260 1
87 145 4
88 112 3
43 114 9
24 132 7
41 125 1
82 145 2
77 79 6
93 142 1
82 158 1
132 150 1
211 244 2
138 138 3
70 144 1
168 211 1
1 186 4
68 97 11
40 137 1
17 25 2
71 144 1
93 208 1
126 132 3
33 132 5
36 124 1
138 263 3
129 255 3
106 226 1
133 257 1
113 198 4
158 210 1
100 129 8
114 188 6
7 173 4
228 261 1
33 65 1
66 237 1
43 70 1
49 62 1
92 132 5
88 209 6
152 158 3
45 161 1
146 148 12
74 129 1
138 141 2
165 165 2
226 249 11
26 133 1
112 158 8
7 130 1
60 256 1
17 68 6
88 143 2
70 260 1
61 106 1
77 148 3
163 261 5
90 130 2
130 205 1
90 95 2
112 262 1
141 173 6
173 236 2
90 243 10
107 152 2
68 202 1
17 262 1
17 188 1
33 33 3
66 164 4
189 190 1
87 168 2
148 171 1
67 234 5
100 113 13
100 261 5
132 220 3
116 132 3
223 226 4
134 170 2
168 246 5
50 56 2
116 248 1
248 254 2
94 166 2
129 263 10
137 198 2
132 182 2
100 173 2
119 132 3
79 173 7
116 144 5
143 159 2
137 185 1
92 164 3
21 148 4
56 140 1
227 256 1
87 177 1
108 123 1
69 119 1
100 200 1
132 141 6
66 95 2
112 260 2
61 246 8
116 138 3
142 215 1
132 151 5
51 151 1
185 238 1
132 211 3
10 138 1
57 226 1
13 61 1
83 132 4
14 14 3
133 217 1
79 177 1
22 249 6
119 151 2
37 137 6
79 258 1
77 113 1
107 138 3
75 138 2
243 249 12
132 169 3
97 225 3
36 90 9
13 130 1
48 65 7
116 167 1
26 148 3
24 227 1
170 225 3
48 55 4
52 132 1
138 249 2
148 235 2
91 191 1
112 229 2
67 132 3
142 155 1
112 146 2
232 244 3
191 216 1
45 145 1
14 25 1
28 230 2
49 217 1
25 33 5
70 132 2
132 180 3
95 107 3
69 146 2
24 234 8
75 119 1
17 100 3
79 95 6
76 90 1
13 33 1
69 74 2
88 189 4
164 171 1
13 239 1
119 142 1
97 249 13
70 100 3
28 107 1
42 60 1
51 233 1
140 165 1
120 239 1
211 225 1
243 247 1
11 262 1
37 151 1
74 250 2
68 179 5
212 230 1
159 249 2
93 93 2
4 93 1
48 167 2
41 145 3
150 230 2
82 186 3
51 230 1
45 74 2
49 113 2
85 255 1
116 125 1
36 141 1
107 173 1
162 260 7
162 244 4
74 159 4
97 228 2
179 197 2
164 228 1
148 160 1
132 147 1
114 157 5
198 231 4
90 225 4
76 100 1
63 132 7
87 143 2
132 213 4
45 100 6
18 132 2
90 116 13
69 141 5
25 225 1
85 88 1
45 230 9
136 230 2
9 132 3
56 132 4
89 234 8
88 181 5
141 174 1
113 200 1
165 234 1
37 88 4
228 229 4
162 189 2
132 215 6
40 54 2
89 133 2
234 244 9
18 163 2
24 185 1
162 182 1
33 113 2
212 243 1
158 225 9
144 227 1
100 119 5
127 161 1
127 200 2
116 209 2
220 249 1
82 140 2
159 164 4
79 83 3
95 186 2
114 195 3
21 48 1
4 143 4
236 244 5
74 94 1
227 231 8
159 233 1
18 231 2
49 107 5
244 248 2
193 233 2
107 181 8
140 208 1
69 162 2
158 244 4
228 233 1
208 263 1
52 158 1
75 112 2
171 232 2
11 67 1
235 237 3
94 261 1
34 148 2
26 45 1
170 174 3
230 248 4
61 76 2
28 167 1
233 248 1
16 132 5
70 170 2
144 181 15
74 242 1
241 241 1
47 249 1
127 132 2
127 152 2
169 254 1
69 186 1
146 171 1
113 220 2
85 106 1
230 260 11
238 250 2
7 250 1
114 257 2
83 234 4
35 164 1
74 186 6
157 229 2
32 174 1
254 260 1
193 234 2
37 163 4
121 230 1
32 230 3
12 113 3
131 132 5
121 121 1
132 198 5
209 217 1
90 167 1
12 230 1
140 247 2
49 125 1
57 260 1
69 249 2
59 263 1
7 97 1
17 161 2
129 144 7
33 162 3
47 144 1
157 211 2
68 226 8
140 196 1
40 50 4
169 230 2
225 229 1
193 246 1
88 248 1
119 169 2
64 237 1
157 230 3
161 243 2
48 133 2
18 74 2
141 235 3
162 228 2
138 223 2
40 138 2
248 249 1
28 82 2
49 89 1
132 167 1
162 167 1
90 235 2
177 186 1
102 161 1
42 162 4
68 169 1
95 145 1
82 137 3
112 261 2
129 261 2
76 158 1
164 190 1
43 186 9
66 140 1
144 173 3
102 140 1
106 106 1
138 144 2
161 217 1
40 100 1
233 250 1
234 241 3
239 248 1
141 259 2
67 148 5
68 260 2
48 49 7
95 246 4
26 231 2
163 228 3
12 100 2
162 256 5
158 198 3
55 132 4
8 146 1
114 227 4
68 85 2
157 261 1
62 230 2
75 113 11
75 143 5
85 164 1
239 260 5
135 230 1
173 196 1
8 226 1
48 136 3
134 216 1
148 217 6
112 198 2
135 170 1
132 171 2
136 261 1
71 79 1
143 211 7
221 221 1
132 144 2
65 113 1
151 200 1
61 209 2
132 195 2
152 262 1
132 212 1
45 49 4
198 230 4
17 257 1
116 211 3
36 186 5
74 247 2
65 227 1
66 114 3
132 228 3
14 89 1
36 137 4
12 249 1
87 244 4
148 150 1
22 161 1
130 162 4
71 132 8
42 193 1
255 260 1
89 246 2
160 161 3
132 196 2
61 237 2
56 209 1
168 173 1
14 164 3
181 209 2
42 138 1
140 179 3
157 161 1
7 117 1
211 257 1
140 144 9
107 116 2
8 100 1
88 151 1
145 179 4
54 164 1
179 260 2
25 56 1
79 250 1
33 161 3
48 235 8
72 100 1
42 263 3
100 224 5
119 166 2
12 48 4
48 106 1
68 106 2
50 179 3
170 228 2
78 186 1
4 97 4
157 256 1
75 193 1
232 239 2
36 161 2
90 129 5
37 209 1
119 249 1
100 235 2
153 244 1
114 228 6
216 232 1
45 224 3
52 107 5
50 168 2
17 125 1
33 107 3
74 120 1
144 217 1
132 139 3
82 237 5
155 232 1
42 159 3
72 249 2
91 132 7
135 239 1
132 222 2
134 186 2
95 135 1
49 226 1
141 225 1
167 249 1
113 223 3
125 262 2
125 256 5
10 224 1
79 136 1
69 229 2
132 146 2
85 231 2
6 68 1
74 88 1
45 146 1
166 241 3
92 95 1
12 229 1
136 170 3
50 256 1
61 72 2
216 230 2
33 140 2
21 162 2
163 181 4
92 163 1
177 231 2
82 163 5
64 229 1
51 244 2
106 113 1
41 232 1
81 146 1
22 61 2
125 260 2
65 164 5
69 113 2
100 188 1
126 244 2
125 137 9
29 234 1
61 233 2
119 141 1
6 91 1
145 229 10
13 161 4
95 255 1
148 179 11
107 146 3
163 232 4
18 229 1
196 258 1
68 252 2
126 230 2
48 51 1
17 113 6
42 119 1
62 181 2
82 146 2
179 255 3
137 217 4
48 169 2
132 176 1
107 165 1
36 107 8
188 231 2
4 168 1
125 239 3
14 88 2
125 233 3
136 162 2
125 129 2
137 209 5
52 141 1
206 234 1
32 163 1
195 246 2
132 258 4
7 238 3
11 113 1
24 144 1
4 89 2
13 163 2
146 234 5
112 157 3
100 144 12
75 126 1
256 260 1
43 116 2
195 239 2
25 133 1
43 209 1
126 158 1
69 114 1
17 88 1
37 45 1
52 97 1
75 146 3
97 141 2
112 177 1
18 43 1
174 239 2
36 211 9
25 162 3
32 68 1
209 243 1
48 69 6
173 211 1
69 75 1
20 164 1
9 234 1
45 198 1
41 158 8
119 236 3
52 113 1
21 114 2
14 114 4
23 88 1
100 190 1
171 226 1
83 226 7
166 263 4
61 90 4
75 88 3
95 129 1
4 198 1
24 100 2
20 230 4
36 145 2
189 211 2
148 168 5
12 125 3
65 238 1
138 229 2
55 90 2
83 231 3
82 233 1
46 90 1
83 170 4
179 249 3
213 216 3
90 247 2
165 249 3
185 262 1
18 142 1
148 185 1
35 261 1
143 144 11
82 180 1
163 202 1
33 263 2
198 232 3
43 137 2
14 116 1
135 229 2
142 177 2
48 57 1
4 49 1
16 148 1
33 87 1
119 148 1
131 131 2
38 132 6
223 231 4
54 256 1
189 189 2
232 238 2
36 263 1
11 61 1
7 16 1
48 190 1
112 186 5
164 173 2
144 166 2
226 231 2
66 125 2
163 185 1
35 132 2
227 246 1
17 87 1
109 263 1
148 202 2
12 144 2
62 261 1
71 87 1
123 234 2
80 106 2
120 230 1
26 140 1
81 162 1
129 224 1
185 236 2
132 259 1
47 61 1
74 113 5
24 233 3
144 179 3
235 244 3
158 168 4
15 113 1
15 114 1
188 232 4
79 190 2
173 249 3
16 68 1
48 217 2
74 213 2
35 40 1
114 134 2
20 163 1
113 244 6
143 200 1
152 231 2
7 70 2
166 209 1
129 158 2
193 211 1
198 246 1
82 113 1
230 250 1
151 232 4
49 66 2
113 132 2
17 226 2
241 249 2
80 160 1
60 261 1
136 137 1
137 189 1
250 263 1
146 263 7
229 248 2
201 232 1
66 144 6
51 74 2
173 255 1
94 250 1
157 164 4
163 209 3
43 211 2
116 262 1
116 232 3
138 260 1
66 107 2
118 234 1
173 173 4
16 170 2
50 61 2
43 145 1
43 112 1
123 158 1
80 217 1
88 155 1
4 36 5
17 263 3
74 235 2
126 234 2
26 100 1
179 224 1
161 177 1
170 193 1
37 142 2
123 233 1
107 212 1
209 229 6
79 185 1
45 151 1
24 113 1
123 144 1
45 163 5
246 260 1
125 237 5
89 161 1
160 260 1
95 121 2
196 234 1
7 112 2
112 236 1
78 116 1
90 173 2
230 235 2
158 178 1
66 179 2
18 48 2
158 160 5
114 259 1
112 138 1
160 233 1
7 216 1
32 158 1
83 83 1
13 177 1
181 256 2
32 144 1
49 196 1
143 196 2
24 164 4
256 257 1
75 97 2
10 10 3
90 108 2
4 133 1
97 232 1
40 224 1
69 244 2
7 211 6
7 82 2
49 138 3
61 91 1
40 80 1
68 89 2
230 259 4
70 148 1
25 41 1
161 168 3
49 232 2
47 60 1
100 147 3
7 63 1
230 257 3
141 155 1
113 131 1
17 186 4
133 164 2
138 161 4
13 17 1
145 237 5
153 247 1
29 50 2
147 211 2
85 97 1
107 228 2
80 165 1
230 242 1
70 82 1
127 148 2
32 229 1
186 227 3
155 230 1
151 211 4
69 140 2
134 249 2
83 145 2
90 227 1
189 234 6
114 118 1
114 217 5
125 142 6
240 246 1
113 173 2
48 208 1
185 208 1
18 90 1
74 127 2
50 157 1
11 144 1
62 66 1
47 48 1
114 150 1
132 235 2
66 232 1
24 129 1
140 224 1
163 198 1
20 42 4
14 141 2
61 164 4
119 239 1
48 92 1
135 148 1
67 90 2
72 177 1
41 262 5
53 170 1
148 214 1
132 227 2
100 215 1
26 48 3
72 225 1
241 244 1
25 72 1
140 211 2
24 145 1
132 254 3
142 260 1
49 242 1
138 146 3
20 100 1
138 148 1
60 237 1
62 158 1
79 200 2
121 161 1
33 163 6
152 171 2
126 237 1
97 233 1
67 163 1
75 87 1
161 216 1
135 237 1
17 209 1
123 249 2
66 257 1
90 119 1
71 158 1
79 221 2
56 237 1
133 211 2
99 216 1
97 123 1
161 255 5
114 193 2
12 90 1
68 206 2
7 106 3
80 125 3
25 145 1
127 220 2
88 100 4
5 11 1
145 258 1
74 143 2
82 236 1
12 246 2
193 229 2
145 151 1
164 205 1
94 162 1
66 106 1
25 239 2
107 159 2
32 114 1
137 168 5
138 140 3
186 212 4
174 263 2
48 200 1
18 137 1
85 113 1
39 89 1
26 144 1
117 132 3
113 127 1
82 160 2
41 153 1
220 239 2
11 79 1
83 113 1
70 230 3
40 186 4
37 229 2
211 260 3
136 151 1
48 196 5
125 263 3
189 230 3
137 228 1
32 132 2
28 226 1
61 141 1
48 157 3
193 256 2
48 160 1
77 107 1
130 134 1
107 168 4
119 238 1
40 144 2
232 247 2
54 87 1
41 88 4
144 213 1
35 86 1
56 263 1
78 170 1
47 78 1
15 132 3
28 162 1
97 164 6
173 246 2
24 89 1
106 228 3
61 163 3
83 230 5
132 149 2
132 178 4
62 225 1
114 247 1
13 133 2
69 107 3
127 229 2
95 161 3
202 246 1
3 132 2
107 235 1
180 256 1
140 198 1
45 195 1
106 162 1
225 226 5
96 239 1
100 212 1
112 233 3
22 132 3
92 233 3
70 263 1
16 143 2
121 141 1
16 163 2
121 132 1
4 193 1
43 125 1
132 257 2
169 238 1
138 256 2
140 217 2
152 263 6
41 80 1
62 138 1
83 87 1
4 182 1
132 201 2
138 225 1
232 260 1
186 189 2
132 155 4
132 200 1
123 132 1
11 234 2
138 181 1
138 227 1
114 159 1
212 263 2
132 177 5
45 61 1
18 100 3
42 82 1
74 261 5
68 214 7
28 130 1
155 234 1
62 97 1
82 97 1
35 222 1
186 257 1
79 134 1
136 141 1
48 257 2
87 247 1
62 170 1
100 181 4
197 262 2
167 230 2
211 226 1
50 97 1
95 237 1
134 226 1
83 146 2
33 100 1
92 230 1
161 201 1
20 132 3
66 112 1
85 114 1
119 262 1
129 138 2
177 261 2
148 241 3
97 226 1
198 261 1
48 102 1
241 246 1
56 163 2
49 163 1
85 181 6
55 228 1
243 262 1
72 115 1
186 241 1
31 263 1
144 198 3
145 157 2
235 243 4
138 145 1
197 205 1
71 88 1
166 168 2
21 132 2
152 161 2
90 166 4
147 212 1
62 71 1
65 162 1
41 94 1
40 133 1
129 211 3
66 186 1
148 208 2
88 95 1
83 95 1
4 18 1
246 248 1
232 257 1
100 193 3
159 238 2
186 235 1
68 95 2
24 76 1
79 102 3
193 260 1
145 152 1
75 129 1
215 226 1
155 233 1
68 168 4
120 249 1
20 143 1
9 239 1
25 82 1
141 169 1
106 234 2
37 211 3
84 229 1
76 80 1
237 247 3
126 159 1
125 157 2
47 114 1
36 45 1
22 233 1
61 89 3
149 261 1
164 258 1
231 257 1
127 166 2
79 216 1
85 132 2
91 229 1
79 149 2
88 217 1
68 177 1
100 225 1
188 248 1
40 209 1
170 202 1
31 161 1
75 224 2
82 235 1
79 192 2
132 157 4
24 159 1
160 162 3
161 256 4
91 148 1
24 220 1
230 252 1
42 45 2
157 231 1
83 158 2
152 234 3
138 170 1
79 174 2
62 132 1
25 197 5
4 62 1
129 241 1
50 165 2
216 231 1
23 249 1
52 90 1
36 102 1
243 263 2
87 197 1
130 138 1
65 223 1
13 138 1
5 162 1
18 164 2
162 173 1
125 236 1
106 161 2
112 140 1
66 190 1
146 238 2
114 166 4
192 192 1
121 255 1
74 138 1
161 200 1
140 244 2
25 166 1
87 226 1
62 224 1
69 167 2
168 209 1
74 211 4
129 236 1
40 40 2
43 243 1
89 100 2
130 130 1
75 260 3
93 261 1
25 141 2
113 133 2
1 246 1
94 148 3
28 42 1
100 133 1
42 70 1
34 234 1
138 261 2
52 52 3
146 231 3
39 133 1
62 114 5
78 129 1
65 179 2
83 198 1
124 249 1
21 68 1
97 246 2
42 127 1
33 186 2
68 93 1
102 114 2
7 93 1
167 244 1
159 248 1
138 243 1
137 138 1
114 248 1
132 236 6
125 136 1
7 160 1
17 138 2
95 233 1
50 138 1
13 116 1
140 260 2
119 237 2
41 227 1
159 236 3
93 170 1
5 48 1
69 132 2
15 170 1
24 138 2
43 181 1
211 263 9
21 170 1
209 238 1
22 140 1
167 188 9
118 132 1
52 65 1
85 190 1
160 163 2
61 95 1
97 209 1
80 157 3
45 142 1
25 158 2
82 157 1
4 52 1
90 171 1
171 171 2
113 260 3
138 244 1
138 262 3
13 157 1
62 116 1
148 193 2
195 263 1
138 257 1
186 254 1
75 256 1
26 161 1
135 234 1
163 196 1
145 231 4
76 151 1
200 234 1
119 163 1
226 258 2
7 40 1
152 198 1
16 16 1
29 230 2
185 230 1
138 240 1
148 200 1
157 198 1
100 127 6
168 193 1
90 138 2
141 193 1
65 106 2
222 233 1
235 235 1
48 193 3
56 226 2
88 159 1
32 246 1
169 235 1
125 228 1
16 177 2
28 262 1
66 255 2
25 52 3
20 148 2
179 262 1
173 226 1
68 220 2
231 243 1
65 230 4
89 123 1
123 228 1
92 129 1
64 230 2
7 197 1
196 230 2
42 146 1
148 213 2
29 90 1
17 224 2
56 79 2
164 197 3
173 188 1
35 100 1
85 100 1
14 234 3
244 247 2
114 165 1
138 216 1
28 164 2
88 256 3
83 164 3
163 197 1
153 249 1
97 161 1
66 132 2
135 256 1
95 114 2
71 164 1
40 142 1
10 39 1
9 48 1
62 232 2
40 232 3
22 164 2
25 257 2
124 148 3
97 113 2
144 252 1
141 242 1
51 177 1
22 45 1
40 113 1
28 197 1
146 209 1
68 83 2
43 83 1
56 83 1
56 131 1
138 231 2
148 197 2
142 259 1
71 113 1
137 160 1
36 158 5
144 254 1
74 256 1
88 263 3
82 92 1
85 249 1
95 211 3
212 236 2
49 145 1
56 230 2
137 159 5
131 249 1
142 152 3
128 261 1
138 211 1
36 173 1
157 163 1
97 177 1
14 113 2
148 252 1
142 261 4
36 88 1
170 259 1
88 238 2
48 56 3
61 125 1
72 79 1
62 72 2
137 259 1
145 166 1
252 252 1
69 213 1
67 88 1
70 70 1
137 179 1
66 66 1
144 196 1
132 242 1
43 82 1
226 247 1
36 100 4
137 196 1
146 236 1
8 162 1
65 236 2
97 195 1
17 195 1
22 186 2
116 223 1
71 230 2
75 241 1
69 151 1
120 166 1
25 100 3
48 85 1
14 107 2
56 144 1
41 209 1
162 171 1
185 237 1
80 239 1
61 232 1
132 210 1
148 173 1
4 159 1
52 256 1
179 211 4
50 181 1
132 159 2
49 238 1
100 189 1
28 68 1
120 170 1
26 217 2
7 166 1
146 256 1
107 189 2
25 62 1
41 179 1
13 256 2
189 246 1
166 169 1
107 174 1
82 120 1
171 249 1
234 247 2
167 237 1
167 263 2
162 178 1
209 225 2
74 117 1
136 164 1
67 256 1
37 198 1
11 163 1
120 168 1
26 87 1
79 241 1
88 244 2
71 249 1
114 260 1
83 249 1
79 217 2
152 164 1
3 263 1
167 186 1
158 190 1
173 229 3
49 234 3
50 127 2
92 148 2
159 230 1
17 89 1
90 212 1
114 160 1
159 262 1
115 117 1
49 132 5
45 217 1
147 233 2
17 230 3
69 255 1
65 255 2
152 256 1
50 193 1
41 92 1
93 164 1
41 69 1
139 230 1
147 148 1
40 263 1
28 140 1
52 61 1
40 158 1
79 259 1
148 178 1
140 205 1
7 198 1
90 196 1
163 189 1
162 243 2
76 216 1
82 142 2
89 90 3
10 170 1
170 173 3
149 246 1
219 219 1
65 263 1
59 246 1
88 239 2
95 201 1
234 254 1
13 127 1
14 263 1
49 246 5
217 246 1
55 232 1
74 179 1
100 208 2
7 116 1
136 143 1
167 238 1
197 255 1
26 234 1
123 148 1
129 146 5
230 241 2
80 162 1
48 159 3
186 200 3
217 236 1
162 177 1
152 232 2
195 256 1
21 224 1
40 229 2
237 241 1
79 196 1
56 162 1
77 186 1
231 260 1
7 225 1
89 261 1
88 211 3
113 152 3
247 262 1
45 132 2
177 209 2
18 234 1
77 249 1
249 252 1
43 166 3
1 164 2
181 233 2
107 215 1
116 119 1
163 213 1
52 181 1
209 260 1
225 262 2
142 167 1
161 167 1
114 212 1
93 259 1
228 238 1
152 240 1
89 162 1
69 69 1
82 246 1
7 157 1
85 85 1
53 92 1
63 114 1
174 186 1
136 231 1
126 236 1
53 114 1
143 168 2
61 88 1
112 225 1
130 186 1
47 137 1
141 217 1
35 246 1
14 142 2
138 215 1
7 138 2
74 255 1
138 179 1
78 182 1
138 252 1
83 120 1
247 247 1
41 78 1
42 145 1
25 85 1
209 247 1
194 194 1
74 194 1
138 210 1
69 232 1
162 200 1
71 155 1
57 237 1
79 167 1
132 193 1
163 258 1
77 144 1
89 163 2
65 161 2
202 255 1
78 263 1
50 220 2
170 247 3
68 82 3
18 79 1
22 68 1
52 164 1
91 161 1
76 76 1
55 100 1
52 100 1
132 179 5
17 261 1
17 217 1
25 137 3
48 149 1
100 126 2
141 227 1
162 180 1
56 260 2
100 227 1
71 163 1
166 259 1
94 256 1
234 258 2
22 22 1
161 202 2
160 160 1
158 260 1
63 140 1
94 230 2
50 159 1
19 164 1
200 230 2
197 234 1
189 229 1
48 219 1
54 158 1
247 249 2
123 161 1
13 236 1
237 256 2
48 171 1
142 153 1
168 248 1
18 125 1
71 148 2
146 208 1
88 235 1
196 196 1
146 198 1
28 146 1
68 173 1
164 250 1
100 257 1
82 179 1
152 168 2
168 254 2
89 113 1
50 169 1
82 196 1
39 48 1
88 221 1
88 93 1
91 246 1
181 206 1
137 147 1
140 212 1
14 229 1
37 87 2
137 178 1
13 65 1
66 97 5
45 133 2
78 151 1
37 82 1
142 242 1
42 185 1
9 230 1
95 170 1
224 255 2
188 230 1
47 230 1
90 254 1
79 131 2
254 263 1
45 237 1
106 232 1
26 114 1
128 234 1
61 143 1
83 236 1
162 174 1
56 100 1
191 230 1
166 233 1
95 144 5
242 242 2
100 171 1
89 137 3
225 261 1
22 144 2
15 68 1
102 234 1
35 186 2
78 208 1
171 211 1
102 141 1
42 169 1
113 228 1
8 148 1
66 88 1
73 79 1
161 247 1
120 238 1
234 252 1
95 196 2
39 162 1
177 249 2
17 133 1
68 193 3
29 249 1
71 231 1
161 188 1
100 177 1
37 261 1
35 35 1
186 216 1
48 147 1
95 239 1
37 263 3
50 255 2
17 189 1
100 166 1
220 229 1
95 113 2
50 76 1
12 226 1
67 239 1
80 141 1
62 255 1
92 170 1
148 192 1
12 79 1
192 230 1
69 142 1
52 246 2
64 163 1
3 68 1
83 173 2
42 182 3
235 263 1
54 255 1
114 152 1
51 249 1
62 107 1
100 250 1
209 226 1
77 230 1
83 235 1
68 126 1
166 261 1
52 89 1
81 239 1
18 233 1
168 234 1
174 254 2
100 220 2
80 94 1
164 167 1
157 158 1
62 62 1
78 141 1
148 180 1
88 188 1
41 220 1
198 211 1
18 263 1
18 47 1
11 107 1
229 235 1
33 40 1
188 239 1
49 137 2
150 150 1
179 233 1
144 212 1
40 239 1
36 151 1
45 262 1
12 211 1
126 164 3
70 168 1
168 261 1
91 249 1
166 167 1
121 260 1
144 257 2
4 65 3
152 200 1
94 164 1
94 146 1
112 224 1
160 229 1
90 136 1
39 211 1
60 248 1
4 223 2
179 244 1
45 189 1
197 261 1
95 158 1
102 142 1
68 102 1
91 144 1
186 193 1
20 79 1
208 237 1
68 247 1
17 177 1
49 88 2
206 230 1
147 151 1
16 88 1
88 226 2
129 262 1
70 226 1
95 102 1
36 74 1
211 224 2
217 232 1
118 148 1
93 232 1
66 177 1
148 190 1
41 255 1
169 232 1
95 134 1
164 196 1
107 196 1
188 233 1
127 151 1
134 148 1
88 208 1
48 253 1
48 185 2
14 67 1
157 226 1
25 151 1
106 163 2
108 234 1
33 223 1
9 171 1
26 189 1
66 163 1
90 241 1
19 48 1
66 211 1
127 140 1
195 232 1
7 134 1
152 237 1
55 249 1
45 73 1
74 209 1
147 230 2
160 237 1
152 159 1
37 66 1
86 90 1
177 232 1
142 147 1
45 75 1
39 234 1
142 157 1
62 113 1
234 242 1
159 229 1
66 229 1
49 100 1
107 126 1
13 24 1
41 211 1
223 260 1
220 262 1
68 121 1
148 149 1
77 177 1
79 120 1
16 158 1
49 229 1
43 129 1
36 190 1
53 129 1
76 246 1
107 202 2
179 261 1
134 181 1
22 90 1
21 186 1
142 256 1
82 231 1
31 48 1
7 244 3
35 90 1
23 231 1
140 257 1
45 168 1
22 148 1
75 248 1
29 100 1
66 157 1
42 125 1
54 114 1
162 240 1
165 186 2
24 125 1
194 237 1
138 238 1
68 196 2
4 228 1
70 130 1
69 159 1
163 216 1
61 217 1
26 211 1
134 137 1
54 189 1
65 232 1
100 149 1
146 159 1
89 216 1
141 220 1
83 196 1
60 114 1
179 239 1
66 141 1
25 45 1
179 226 1
20 141 1
228 234 1
212 233 1
50 198 1
18 68 1
168 262 1
70 114 1
220 241 1
42 93 1
102 263 1
62 137 1
79 212 1
90 248 1
238 248 1
173 256 2
42 248 1
158 173 1
7 152 2
24 209 1
50 213 1
255 261 1
106 195 1
100 196 1
114 202 1
92 186 1
124 226 1
154 216 2
41 213 2
76 230 2
8 229 1
210 210 1
152 250 1
132 160 1
114 210 1
107 260 1
91 261 1
98 230 1
39 85 1
209 223 1
142 196 1
132 206 1
98 132 2
89 224 1
10 142 1
134 233 1
1 125 1
220 263 1
114 138 1
196 226 1
90 169 1
179 216 1
82 138 1
164 213 1
17 75 1
89 141 1
59 113 1
121 129 1
88 168 1
174 200 1
41 138 1
147 236 1
17 141 1
61 140 1
88 245 1
72 91 1
4 138 1
170 240 1
216 216 5
41 224 1
152 247 1
149 161 1
126 232 1
193 238 1
95 146 1
70 83 1
14 140 1
11 100 1
90 193 1
54 209 1
88 129 1
74 220 1
35 230 2
13 191 1
92 145 1
77 170 1
195 234 1
147 147 1
137 190 1
129 147 1
43 101 1
25 143 1
36 89 1
106 211 1
148 258 1
79 138 1
86 229 1
123 170 1
107 149 1
113 179 1
68 218 1
186 196 1
45 252 1
87 95 1
66 162 1
198 229 1
53 132 1
97 211 1
142 247 1
231 252 1
135 162 1
75 247 1
143 225 1
76 144 1
42 97 1
26 79 1
205 233 1
39 142 1
192 232 1
18 144 1
164 206 1
62 106 1
142 174 1
3 229 1
137 173 1
83 224 1
141 257 1
82 192 1
130 234 1
43 127 1
136 161 1
152 226 1
78 107 1
120 161 1
87 151 1
183 236 1
202 233 1
62 90 1
100 228 1
126 229 1
165 246 1
16 237 1
119 140 1
57 107 1
130 146 1
42 216 1
151 261 1
164 212 1
119 230 1
52 262 1
47 233 1
19 249 1
1 211 1
85 186 1
106 140 1
56 196 1
144 147 1
24 169 1
17 162 1
161 189 1
198 263 1
209 256 1
67 170 1
113 168 1
180 260 1
17 50 1
125 189 1
36 83 1
25 76 1
14 236 1
182 185 1
114 147 2
43 226 2
119 168 1
157 170 1
56 74 1
73 132 1
188 237 1
178 186 1
193 197 1
52 144 1
10 77 1
136 232 1
86 191 1
10 35 1
49 130 1
205 205 1
131 191 1
14 188 1
76 180 1
19 188 1
35 76 2
215 218 1
72 219 1
17 55 1
35 91 2
82 102 1
63 69 1
61 165 1
51 254 1
208 259 1
55 257 1
35 159 1
60 159 1
47 254 1
121 225 1
89 225 1
89 91 1
39 138 3
35 121 1
62 203 1
108 186 1
10 197 1
165 222 1
41 250 1
46 208 1
126 130 1
122 191 1
213 243 1
139 225 1
62 159 2
86 188 1
97 165 1
56 66 1
72 72 1
37 216 1
10 168 1
213 254 1
50 197 19
47 132 1
194 210 1
74 174 1
85 215 1
152 241 1
132 168 1
77 100 1
89 168 1
244 250 1
121 205 3
168 174 2
137 174 6
14 206 2
90 165 2
75 117 5
21 182 2
39 205 2
76 218 2
34 242 2
154 194 2
65 191 2
114 121 2
92 122 3
138 152 2
90 213 2
77 82 2
89 121 2
86 181 2
47 208 2
216 252 1
47 116 1
10 117 1
48 205 1
17 216 1
21 232 1
138 259 1
168 212 1
13 258 2
20 181 1
48 130 1
167 167 1
177 254 1
79 208 1
136 222 1
14 168 1
120 245 1
51 174 2
75 145 1
71 177 1
117 177 1
130 232 1
187 210 1
218 218 1
155 216 1
16 249 1
49 76 1
89 213 1
39 222 1
63 198 1
76 213 1
68 205 1
72 117 1
61 198 1
90 149 1
157 225 1
85 226 1
186 205 1
72 261 1
