48 142 1156
238 263 430
142 263 363
142 238 1676
42 151 70
43 255 2
80 255 4
90 170 417
90 238 47
144 261 103
164 230 660
163 224 22
68 107 302
163 239 684
164 237 472
141 162 950
142 239 2502
88 231 140
163 186 873
142 143 1167
230 237 754
114 164 178
236 239 1642
231 261 253
161 170 1158
79 79 404
68 246 890
12 239 5
79 249 426
158 158 99
114 161 216
211 237 107
97 186 7
33 161 23
130 132 172
170 186 1092
107 186 729
100 163 666
132 241 4
148 261 68
79 163 104
236 263 1983
239 246 277
50 239 280
10 132 333
161 163 1383
161 237 2521
43 43 433
79 215 5
230 246 955
132 162 599
132 163 499
68 90 783
78 144 1
170 225 5
114 138 61
142 161 1021
237 238 784
141 238 354
107 137 445
137 233 354
107 107 285
137 162 412
41 74 247
166 238 662
24 238 388
41 132 67
43 75 132
229 236 760
113 148 148
151 238 1173
100 239 161
48 161 917
186 233 449
132 164 529
48 113 124
79 114 384
74 236 432
132 145 161
113 234 703
45 142 7
43 151 209
230 239 610
142 164 231
229 263 430
107 263 134
107 233 348
132 189 62
137 237 144
141 141 711
238 244 68
152 244 26
116 152 43
1 166 5
68 132 305
138 198 21
163 234 449
48 164 355
142 230 901
142 236 1365
143 238 994
24 142 170
186 238 119
142 237 1575
48 162 518
161 229 691
74 75 641
68 138 253
79 132 236
140 263 925
52 229 2
116 239 73
24 170 17
163 261 80
68 163 456
164 249 208
88 142 15
113 246 222
163 211 129
163 237 1301
43 142 796
142 244 43
97 132 68
161 249 244
68 144 198
144 211 131
137 234 361
116 230 13
113 230 221
163 164 520
41 170 22
87 246 72
144 186 209
50 186 240
237 239 1060
142 200 8
90 142 123
79 211 235
90 246 595
50 132 70
143 143 396
43 161 893
113 161 367
202 229 11
48 50 503
163 230 1039
164 234 789
161 164 1443
230 230 476
142 162 595
43 163 523
132 236 211
140 163 299
161 230 1226
100 230 976
100 229 187
100 186 479
141 186 268
138 237 291
48 132 490
43 246 147
132 233 274
138 236 242
87 138 164
74 263 358
75 236 984
236 238 1762
90 249 597
125 234 188
107 237 370
132 223 100
158 161 189
100 161 1062
41 163 36
238 239 2812
229 238 122
161 234 1338
170 236 433
48 141 174
132 140 119
17 132 65
87 249 77
68 249 526
68 222 1
43 238 520
75 238 374
50 140 42
50 238 162
68 79 252
130 138 22
42 132 31
88 141 24
12 164 6
43 237 1014
161 161 869
161 209 65
209 261 35
170 234 1362
148 161 115
7 223 26
67 138 3
114 237 95
43 114 39
80 132 76
141 230 264
43 239 678
43 236 942
141 263 1443
24 75 61
236 236 2956
140 262 971
162 229 779
142 229 318
162 186 1184
186 243 9
162 238 198
161 181 23
211 233 43
68 164 456
166 186 43
132 230 995
141 229 796
170 263 167
12 211 5
141 163 471
68 143 207
79 137 458
142 246 405
1 125 18
79 144 298
13 211 134
13 140 50
48 234 386
132 239 205
138 143 96
129 138 310
138 186 199
48 186 825
246 261 113
170 237 852
162 163 802
138 242 7
113 144 271
25 40 7
40 231 11
230 231 266
50 230 366
140 232 43
45 87 63
239 239 1073
132 143 87
138 256 43
140 141 934
140 229 763
229 239 173
48 237 490
132 142 237
224 249 26
234 237 467
162 230 891
138 260 73
143 246 242
186 246 765
100 100 150
82 125 2
170 211 159
211 246 177
246 249 313
141 161 726
137 163 94
87 211 88
143 239 1587
164 233 282
100 234 510
75 161 114
88 125 16
125 158 143
125 249 187
1 230 64
113 158 275
24 230 18
230 236 521
132 141 150
41 151 219
114 186 232
125 148 50
132 188 44
170 249 251
90 230 315
24 114 2
24 151 224
237 237 2386
140 236 1437
137 186 374
25 195 3
48 233 133
79 233 243
170 229 592
238 246 149
239 263 382
162 237 1846
161 162 1208
132 170 528
107 249 304
132 138 369
13 261 101
13 231 522
239 261 12
211 239 33
26 140 3
48 246 969
132 256 85
25 181 26
132 132 891
75 141 258
68 236 187
68 230 706
229 246 86
161 246 681
13 230 227
138 181 67
74 151 118
90 107 393
68 220 3
7 132 100
68 232 31
79 148 336
79 186 471
48 79 137
231 231 400
132 158 99
66 79 13
142 166 247
43 88 22
75 263 559
113 211 306
211 234 422
151 230 81
237 263 1371
145 163 26
142 142 730
100 162 555
4 226 5
50 79 41
48 138 292
138 161 835
79 229 201
113 233 102
233 237 363
140 233 369
144 249 249
90 114 206
90 137 149
162 170 1073
116 116 28
43 166 106
262 263 962
125 132 93
164 211 161
132 211 115
45 113 30
142 148 23
79 226 12
164 231 171
48 230 781
107 138 192
68 186 652
41 68 23
170 170 507
113 261 61
67 261 2
67 230 1
50 161 293
186 211 205
186 234 1137
107 170 1080
140 257 1
13 236 36
68 261 90
231 249 414
113 249 472
186 230 2046
75 186 57
138 262 160
140 237 1446
141 236 2254
107 132 240
41 239 162
79 142 72
186 236 338
50 170 108
230 249 220
90 236 108
113 132 137
137 141 246
137 140 199
233 234 260
13 107 57
13 65 13
132 196 66
79 164 241
138 151 55
151 236 466
113 239 44
48 211 86
186 224 77
43 48 331
142 234 220
163 238 341
238 249 34
239 249 66
211 230 193
229 230 306
87 140 39
87 158 64
114 231 238
232 232 18
49 132 81
132 186 287
90 113 394
13 132 136
66 263 4
166 263 55
151 166 502
142 163 1050
233 233 134
113 164 289
230 262 113
144 231 290
48 231 188
100 249 158
211 249 305
231 233 80
113 186 428
66 234 14
41 42 181
162 249 167
50 138 54
142 262 275
50 142 381
50 162 165
162 164 623
88 100 36
137 262 117
68 100 392
107 144 207
144 246 128
68 234 914
100 231 144
162 209 39
107 148 163
143 170 116
140 164 112
132 234 212
95 186 7
100 237 324
41 90 10
132 262 145
170 230 689
137 170 501
162 189 6
161 261 171
43 230 640
151 263 109
140 170 271
107 162 647
48 249 184
114 132 82
125 231 216
79 231 252
43 125 13
144 161 254
132 161 634
113 113 194
114 232 35
43 170 190
142 151 511
138 230 1094
114 125 74
68 233 110
68 68 519
87 114 52
41 41 173
138 239 261
186 232 53
33 132 93
163 229 446
229 237 1075
141 262 842
48 112 6
132 231 170
230 261 228
161 224 67
79 170 478
43 68 148
48 170 422
162 236 1278
144 229 45
107 161 567
107 113 407
142 186 375
113 142 112
48 144 120
100 125 47
68 161 617
13 161 203
236 237 6076
7 163 12
100 164 395
87 113 105
25 48 5
54 138 7
164 236 257
48 48 602
226 237 20
90 233 90
75 75 314
24 239 292
95 132 102
140 230 134
141 237 1945
142 231 81
143 162 196
79 162 314
113 224 62
107 234 578
90 224 49
230 233 305
164 170 767
100 246 529
137 164 265
88 211 30
138 153 3
132 181 145
43 143 212
236 262 1922
68 158 309
161 262 279
42 142 41
233 246 84
45 161 48
141 232 15
141 142 551
137 224 117
164 229 252
13 144 117
48 261 125
48 239 714
239 262 231
75 90 17
24 236 113
238 238 790
230 234 562
164 186 536
132 238 198
107 151 30
107 231 140
161 186 1760
140 162 828
186 249 434
48 166 84
138 229 191
41 116 59
75 237 473
48 68 1046
186 262 121
50 236 89
161 263 330
50 143 249
141 239 456
141 143 178
75 151 227
162 234 624
89 132 77
15 138 19
61 132 122
90 211 189
132 249 120
13 233 59
161 211 247
186 263 154
132 178 13
7 138 126
113 262 42
45 170 39
45 230 50
43 141 367
48 260 4
40 68 3
142 249 88
48 158 167
143 229 77
48 143 574
234 249 683
50 234 134
45 137 27
45 163 17
45 132 35
87 231 304
42 236 59
41 137 29
42 152 45
162 211 137
87 170 112
162 239 350
13 114 73
45 261 54
114 144 136
224 236 34
107 163 180
43 262 176
114 249 315
140 231 71
24 237 65
39 132 41
233 236 176
170 209 35
82 138 32
101 132 16
13 162 168
138 247 2
50 151 56
1 48 35
162 224 83
79 107 662
12 230 32
237 262 1074
261 261 40
13 87 159
50 114 24
161 189 5
90 100 306
100 233 213
74 132 46
164 246 437
79 161 299
13 186 208
123 164 1
100 144 117
142 144 37
141 234 166
43 90 66
170 239 178
50 237 132
28 132 165
93 107 4
137 263 107
229 234 275
234 236 289
232 261 24
42 244 31
68 239 224
48 90 337
79 234 658
151 237 204
237 249 129
114 158 193
237 244 18
79 237 149
229 261 25
48 238 352
138 225 22
75 239 191
41 236 223
151 246 45
151 239 990
107 239 71
4 144 40
137 144 54
43 234 145
90 90 202
181 243 1
48 107 154
229 229 245
88 161 106
143 161 316
162 233 489
100 137 145
114 162 133
114 211 134
113 237 199
90 164 343
114 234 463
138 263 172
90 186 520
249 249 241
158 209 21
113 170 402
170 224 122
144 234 315
95 163 4
43 107 70
158 211 206
234 261 74
144 233 61
43 231 42
158 229 30
45 125 11
45 246 22
50 263 30
161 239 602
141 233 382
162 263 431
132 151 82
57 230 1
12 100 5
138 164 390
88 170 68
43 79 47
79 87 144
151 164 25
43 263 271
82 132 107
145 145 221
50 261 25
161 236 1614
140 186 252
163 236 1079
13 113 113
13 125 106
144 170 171
138 163 479
79 125 95
125 138 58
114 148 125
90 141 47
113 232 64
148 249 118
79 113 519
158 224 9
100 140 119
68 229 91
97 138 34
143 151 288
90 143 64
87 209 42
237 261 33
87 186 160
107 262 93
79 262 51
116 238 58
116 132 28
243 263 6
79 141 124
87 237 60
43 164 223
164 261 121
42 74 104
138 148 56
164 238 77
151 151 249
43 132 122
138 145 82
88 261 53
87 233 67
163 246 592
41 238 234
33 138 65
229 233 470
132 229 204
93 186 4
125 246 126
211 229 47
142 170 310
17 138 40
116 142 33
113 163 155
42 114 5
232 237 15
68 263 73
75 132 95
148 244 3
132 219 150
87 234 115
112 138 58
97 231 19
68 125 150
15 132 10
138 232 27
140 142 377
90 148 70
148 231 111
158 231 342
10 161 14
138 166 90
138 210 5
141 146 10
48 236 340
148 246 85
132 216 197
35 61 1
43 162 344
114 229 55
173 226 5
107 142 102
132 193 19
87 132 175
170 233 421
125 211 64
41 142 98
24 43 62
88 158 23
88 162 107
140 143 120
142 211 63
7 7 75
7 226 35
14 132 51
21 132 13
125 186 159
12 186 8
50 246 356
138 140 147
90 239 103
161 238 301
234 246 695
114 246 141
62 132 28
13 234 146
148 164 86
45 231 74
100 261 100
132 263 150
79 151 13
93 132 441
43 140 232
41 263 62
41 48 30
37 74 2
138 179 37
107 164 395
13 13 88
246 246 335
186 254 1
186 229 290
41 134 1
42 76 2
138 261 142
142 261 27
90 132 141
4 87 36
148 209 40
233 261 49
114 230 135
79 236 92
140 158 27
181 186 26
130 229 5
186 186 166
249 263 31
132 255 145
223 262 3
138 141 199
141 170 436
43 261 24
229 262 324
143 262 94
1 186 31
238 262 261
138 228 15
66 87 17
33 66 17
88 144 46
48 163 728
54 161 1
100 107 178
163 249 149
170 246 376
68 170 510
68 140 82
138 157 15
43 186 254
50 158 65
41 140 39
41 75 199
24 41 85
87 144 103
144 255 10
13 164 88
161 231 322
4 79 168
79 246 143
80 238 1
43 50 89
158 170 130
163 200 3
74 141 115
143 230 318
100 113 142
209 230 42
48 262 80
186 200 2
138 189 33
148 148 79
148 170 94
79 100 128
90 138 98
107 229 334
161 233 571
42 48 34
48 151 110
54 132 13
114 170 232
181 189 15
151 262 56
41 138 63
140 144 38
68 226 9
100 142 276
132 166 107
141 211 29
186 237 486
17 68 7
74 138 63
88 114 25
113 231 326
113 151 20
158 238 24
151 152 45
43 100 197
186 231 380
65 186 30
246 263 58
90 162 207
127 186 10
146 229 12
144 164 178
144 236 50
4 161 28
137 148 88
127 138 17
66 181 4
144 163 125
75 127 3
234 234 394
24 166 119
24 164 8
45 158 12
100 232 20
48 100 418
41 246 14
1 90 9
144 263 13
50 144 25
79 230 183
230 238 245
43 241 1
79 138 146
152 152 33
195 210 1
144 230 202
143 186 142
140 151 68
79 255 20
148 234 153
148 162 106
100 211 114
68 211 218
151 163 115
138 246 114
37 230 2
145 161 34
24 186 21
107 238 59
24 74 52
36 43 1
68 113 385
211 261 144
211 211 49
100 143 105
143 233 42
24 50 15
166 239 426
95 230 7
132 148 182
100 238 80
163 231 129
193 193 177
233 263 182
114 137 92
50 90 126
231 246 337
113 181 19
137 249 108
100 263 79
40 65 6
132 215 138
211 262 10
80 144 10
129 170 7
4 113 97
113 141 54
107 236 193
138 138 259
181 234 21
151 233 11
1 68 30
48 137 96
148 211 148
179 186 10
231 234 399
7 229 22
65 97 13
87 87 76
209 233 20
233 239 67
43 66 5
75 229 64
68 162 321
43 113 74
137 229 389
137 145 11
68 142 375
138 233 233
162 261 93
66 230 11
263 263 583
45 45 26
137 158 37
87 261 92
158 234 335
90 163 194
132 222 12
140 239 324
13 237 58
13 48 168
166 237 111
40 132 50
181 228 7
140 234 132
140 140 403
68 231 346
74 170 28
125 161 90
125 263 17
138 238 139
113 114 347
132 133 11
4 107 59
1 224 2
90 161 376
249 261 61
158 261 50
53 132 13
50 163 304
234 238 93
90 234 558
90 231 226
100 170 571
132 218 88
25 33 29
25 25 19
233 262 132
48 140 159
43 144 56
163 263 183
161 232 33
138 234 165
40 234 9
45 144 35
68 137 131
13 50 49
146 170 5
137 230 97
163 163 296
148 232 73
95 138 61
114 114 62
125 164 74
4 114 39
25 79 7
56 132 95
158 249 274
87 107 102
43 233 82
132 228 19
125 233 18
52 132 37
79 90 277
112 132 83
164 263 87
148 230 86
129 141 6
74 159 7
48 247 5
1 158 14
145 162 39
196 256 1
68 141 117
50 68 349
42 247 15
141 261 21
45 164 25
211 236 58
33 113 18
138 170 386
50 87 21
16 132 23
75 166 82
137 182 10
68 238 103
69 100 3
25 132 84
87 161 148
87 260 5
138 142 221
75 170 60
90 140 43
66 68 8
144 262 16
186 239 255
24 42 25
137 161 239
89 164 3
75 138 79
13 158 220
68 224 30
224 234 111
239 244 63
158 246 338
231 238 37
43 74 65
13 249 135
129 132 56
82 230 11
137 137 113
113 162 227
141 164 148
48 145 14
93 224 3
138 158 47
158 237 85
13 224 9
137 142 83
74 164 16
13 100 101
137 181 9
87 229 45
74 262 116
125 163 44
50 141 52
25 230 11
45 48 30
132 169 6
143 163 449
50 100 146
4 237 18
66 148 9
214 214 2
92 132 23
132 197 84
66 161 14
33 87 17
43 229 167
107 141 198
125 144 79
140 161 518
223 229 5
143 237 493
234 239 128
13 256 5
161 225 5
100 145 10
17 49 5
65 230 17
164 255 8
209 231 78
41 230 46
158 186 221
43 158 43
68 262 45
90 261 35
82 82 11
50 211 23
142 168 1
74 230 37
223 263 10
13 229 30
43 249 44
90 151 32
127 239 7
132 175 17
26 132 24
42 237 48
224 229 37
148 158 79
137 238 33
75 216 1
33 107 14
43 138 115
141 249 46
160 229 1
100 132 287
100 148 51
90 262 38
56 224 1
13 141 30
37 182 1
132 225 48
114 239 42
132 144 108
45 141 8
87 217 2
116 138 45
107 261 43
88 107 66
194 262 3
194 234 1
68 145 16
226 260 30
79 261 59
113 140 66
24 262 19
41 50 13
148 163 65
79 232 137
116 163 16
75 100 34
14 138 8
36 138 24
189 261 3
71 85 1
61 72 2
35 66 1
144 162 112
114 163 94
238 243 30
164 239 149
113 238 50
143 263 121
45 148 32
144 148 106
45 186 49
138 144 61
87 148 84
140 211 27
87 100 43
87 263 31
220 230 5
186 255 12
158 230 140
114 256 14
141 148 23
41 43 104
100 158 100
87 230 100
79 239 42
90 158 303
66 256 1
50 229 46
141 151 87
13 138 136
107 230 194
163 166 54
13 43 36
41 237 91
209 263 11
158 164 104
41 152 66
42 238 94
41 100 23
138 249 63
181 236 4
74 168 18
68 114 211
12 48 19
24 141 19
186 261 186
138 244 63
113 125 119
162 162 641
125 261 32
79 238 34
61 138 48
140 238 287
42 100 13
100 244 12
45 65 14
1 170 22
69 120 1
47 159 5
114 224 25
74 244 10
75 142 125
107 143 56
152 238 47
66 88 13
88 209 32
65 138 61
66 209 8
195 262 1
100 262 49
145 170 35
114 238 18
66 164 8
52 66 6
168 229 3
42 138 44
100 138 278
164 164 256
74 74 163
162 246 354
100 220 3
162 194 2
65 229 6
232 246 19
158 163 122
41 262 24
127 168 1
48 243 22
41 209 7
75 163 79
112 234 14
4 163 13
107 246 193
163 262 182
7 118 1
13 142 48
79 263 83
168 236 10
142 233 117
90 229 84
262 262 262
7 263 8
141 144 28
137 168 8
144 239 26
1 161 60
164 262 53
145 233 14
48 148 57
1 148 9
145 151 4
70 100 3
224 237 27
66 261 19
90 125 123
143 236 464
143 231 37
186 228 3
143 234 107
249 262 26
162 262 294
249 256 6
260 260 22
24 163 28
24 263 27
41 166 191
107 232 64
33 249 7
33 225 4
145 229 22
50 164 101
200 238 5
231 239 71
65 144 17
180 258 1
164 224 36
113 256 13
140 255 15
163 232 9
49 162 4
138 162 750
125 125 26
132 137 76
107 158 102
65 234 9
90 243 6
97 261 11
12 231 30
70 231 8
50 113 35
237 246 285
41 143 38
116 168 4
66 66 4
145 260 5
163 170 636
243 246 7
42 75 93
186 226 15
1 1 54
38 138 8
129 129 27
132 177 16
166 166 163
74 140 137
74 107 26
132 157 57
79 260 2
93 263 11
31 236 1
132 237 224
107 211 151
141 209 9
13 68 208
42 239 43
68 151 39
79 256 14
1 114 7
230 263 114
234 262 116
215 230 11
163 247 2
75 230 53
88 230 70
234 263 80
142 224 14
1 163 71
75 246 30
79 158 158
45 79 57
33 231 54
98 132 14
144 145 5
49 138 33
144 181 9
13 170 89
48 229 172
236 246 182
50 50 114
163 260 7
160 230 1
33 79 19
211 231 321
66 132 41
80 138 36
144 256 15
87 162 150
227 231 3
144 158 136
88 246 52
124 132 37
7 107 15
21 138 4
161 244 9
17 161 9
113 137 153
33 140 20
170 244 5
74 238 125
68 237 248
43 137 32
116 186 17
75 83 1
132 209 52
90 144 114
113 152 7
152 166 100
100 151 28
29 224 1
68 148 93
4 262 8
163 233 194
170 238 107
93 141 8
100 141 133
112 229 5
66 125 3
48 244 24
43 211 42
137 246 58
143 166 114
162 179 11
138 226 58
231 232 49
107 114 260
72 132 16
48 75 55
75 140 179
132 243 23
243 243 19
114 233 47
42 42 87
162 254 2
138 231 167
132 224 46
68 91 1
229 249 52
88 249 24
89 143 1
152 249 2
142 152 21
13 246 275
33 148 9
138 171 16
158 178 2
161 235 1
100 114 93
143 144 13
50 244 7
244 244 38
4 48 8
67 231 7
4 137 47
166 230 50
132 246 111
1 239 18
197 226 2
88 234 41
75 234 33
148 233 51
148 237 56
83 226 7
93 229 4
91 132 29
145 230 39
80 90 2
125 141 4
223 239 6
24 152 17
100 179 5
112 186 22
79 224 93
209 229 11
88 113 28
141 158 24
13 90 86
132 226 163
148 263 14
13 238 23
74 239 96
162 226 36
33 234 21
95 121 2
4 249 36
90 152 3
4 162 38
224 261 3
138 167 6
42 263 24
148 189 3
26 181 2
13 148 55
151 234 30
74 116 28
140 226 18
79 143 23
148 151 4
89 195 2
132 155 25
148 186 130
80 249 4
234 247 2
42 127 7
127 142 9
83 186 2
179 223 18
57 138 5
28 138 15
7 237 34
137 143 23
170 231 213
87 239 15
162 223 12
61 170 4
12 13 28
12 161 16
170 232 55
48 223 4
132 146 49
45 209 24
33 33 30
49 61 3
4 236 8
65 170 11
45 90 12
79 140 99
1 231 39
66 186 12
1 211 11
132 232 53
166 246 38
137 231 49
137 236 106
132 152 15
4 132 35
130 226 2
114 255 11
211 255 15
48 74 33
71 132 25
216 216 25
74 142 52
13 33 12
144 151 4
13 88 116
140 166 39
127 143 6
129 163 2
186 209 38
88 233 52
114 261 50
100 236 186
231 257 3
41 243 6
68 256 8
132 261 131
7 137 12
165 181 1
61 97 10
83 132 16
193 260 3
45 228 1
55 228 1
75 224 7
74 235 4
138 174 5
143 249 33
88 164 51
166 223 8
113 229 88
69 79 2
74 162 22
243 244 23
43 116 13
88 263 15
179 229 4
138 223 195
220 239 7
65 68 10
114 143 33
74 247 7
41 244 18
132 198 37
13 163 108
25 238 4
132 258 24
226 238 4
43 260 1
161 196 5
224 233 66
224 224 19
158 236 51
211 232 46
144 232 52
90 232 27
189 246 5
133 186 3
119 235 1
132 180 23
87 137 80
163 168 3
148 239 19
12 246 11
138 243 48
116 246 11
230 244 19
226 226 78
24 138 26
79 80 7
72 145 1
151 162 66
225 232 1
1 50 9
205 234 3
100 129 4
61 177 1
33 186 20
148 255 28
90 145 8
206 246 1
116 263 5
68 87 90
75 126 4
137 138 66
12 45 8
141 159 3
224 230 30
4 230 17
4 186 61
41 79 12
4 229 18
85 91 1
142 181 9
65 239 4
140 200 5
100 209 18
65 132 67
61 113 6
13 41 4
132 203 70
37 132 59
65 261 5
95 249 2
113 145 11
41 223 7
123 132 24
215 238 5
74 100 12
48 219 5
224 239 7
209 232 19
48 88 53
138 211 50
100 217 4
145 239 20
42 166 61
80 100 3
142 226 14
129 142 3
157 226 3
144 237 100
7 233 7
244 246 11
132 201 8
48 87 62
92 100 1
91 100 8
114 226 4
66 233 6
161 215 5
231 236 84
114 142 43
8 186 1
76 132 54
88 132 41
158 262 13
113 263 32
68 112 5
24 48 46
68 223 5
232 234 63
10 231 5
48 146 3
28 239 3
85 138 6
33 263 3
193 261 1
132 260 43
114 168 2
132 244 41
132 134 79
93 170 17
113 209 32
35 177 1
107 257 2
97 97 24
34 66 4
70 107 1
142 157 3
107 224 141
224 238 9
1 113 5
132 191 20
93 164 12
1 144 9
226 229 29
162 256 9
220 238 9
129 260 20
43 148 27
88 148 33
114 151 9
65 107 15
24 68 18
132 135 28
193 247 1
48 114 89
36 186 2
202 202 3
13 14 1
17 66 1
13 45 31
116 151 48
166 244 67
89 236 3
11 210 1
42 235 6
1 229 9
45 68 28
211 224 14
42 234 11
151 231 13
20 235 3
166 236 218
132 190 4
28 144 2
70 138 65
50 233 38
141 157 1
66 138 16
65 237 4
146 234 6
33 170 28
97 195 1
149 226 1
66 163 5
13 263 25
87 163 46
45 211 27
74 161 37
48 116 23
152 236 21
246 262 33
88 140 44
88 163 27
131 132 18
113 138 103
100 146 6
7 152 13
227 232 1
62 138 8
49 79 7
127 132 11
179 234 6
74 163 22
97 162 8
42 163 23
52 161 6
114 195 3
48 263 103
83 231 3
13 97 4
93 148 5
29 29 2
1 233 17
132 205 33
181 233 10
87 262 15
87 164 66
75 262 233
231 237 121
33 181 17
37 66 1
83 260 5
80 107 8
220 236 6
65 148 15
88 186 72
25 164 11
163 255 10
4 263 11
45 114 28
24 132 28
132 179 35
66 162 15
41 148 7
47 74 5
181 249 5
13 116 1
74 237 135
132 165 40
217 237 6
138 255 65
90 237 174
137 239 47
107 140 133
140 246 48
13 239 41
75 129 2
209 234 29
88 236 11
25 87 9
87 125 52
52 97 5
1 162 49
132 160 18
65 88 7
66 114 6
152 239 33
179 179 9
75 162 113
36 170 2
89 138 23
142 223 7
107 133 3
138 224 28
13 209 35
232 233 34
137 232 59
4 148 73
107 209 28
33 137 19
140 148 22
90 116 9
42 116 58
21 21 1
114 209 23
63 132 41
95 107 2
211 223 2
114 140 30
137 211 46
42 141 20
113 255 9
56 161 8
76 162 7
113 236 132
37 138 36
86 226 1
65 161 21
234 244 9
162 231 208
129 140 18
45 100 30
158 181 6
4 260 2
79 225 4
24 116 19
4 13 15
129 236 7
45 233 20
234 260 4
135 135 6
114 141 39
4 140 9
33 114 11
137 223 6
79 139 1
39 202 2
65 231 21
100 152 6
74 229 42
138 254 3
12 41 1
117 137 6
3 163 1
230 232 18
50 231 66
48 257 1
24 229 8
50 262 17
125 236 16
79 209 29
41 234 15
138 209 57
87 141 35
45 88 28
48 130 10
140 249 46
163 209 16
138 220 7
53 226 1
13 137 31
181 211 6
97 228 1
142 243 28
170 262 169
151 256 2
76 138 8
163 220 4
48 95 7
236 249 86
1 100 32
193 229 5
166 170 19
126 163 1
183 229 6
140 256 9
65 232 5
70 132 42
7 68 6
7 234 15
138 146 44
164 209 24
220 244 4
26 249 1
74 242 2
12 43 2
4 233 26
132 208 4
112 170 17
4 138 13
88 151 16
88 239 11
161 220 4
33 50 5
134 236 1
41 161 49
51 137 10
125 262 12
88 237 25
4 166 2
132 168 11
4 231 27
146 193 17
141 224 32
1 87 17
13 52 5
45 140 16
43 209 10
50 137 24
141 226 30
42 168 12
29 39 1
170 226 18
80 161 3
141 202 4
10 138 14
68 88 39
54 158 1
151 244 60
91 91 4
75 137 38
48 49 1
7 179 44
170 261 68
3 41 2
36 132 31
7 193 35
146 186 7
125 237 42
209 239 8
140 224 46
239 255 5
52 142 2
74 194 3
146 163 5
88 232 43
50 226 3
13 66 13
65 164 12
231 262 31
48 213 3
141 231 45
55 235 1
114 193 1
112 198 2
1 164 33
22 144 1
7 173 3
148 236 39
142 158 57
144 144 72
33 230 17
161 193 3
170 243 18
196 216 1
125 170 69
7 140 16
81 161 1
87 91 1
233 238 49
1 249 16
14 148 1
162 166 34
49 68 8
66 255 3
12 79 8
50 88 14
134 138 7
41 186 26
236 260 4
25 138 61
152 163 3
10 236 5
88 88 16
116 244 43
133 161 1
80 146 1
48 92 2
24 143 59
1 142 15
112 232 2
234 255 15
161 166 51
32 167 1
79 88 76
163 223 9
45 143 5
51 87 9
41 233 23
14 33 2
48 125 59
66 231 24
88 243 5
151 209 6
13 79 93
144 209 27
170 257 3
4 211 26
166 262 27
43 97 2
28 237 7
87 142 29
64 132 16
224 263 17
37 39 1
132 257 22
69 170 3
33 237 15
5 14 2
71 138 6
143 179 3
130 162 5
100 188 1
83 234 3
125 162 48
137 157 7
31 263 1
50 107 40
236 256 6
100 226 8
75 143 55
132 195 9
45 49 9
26 50 2
239 243 27
143 203 1
140 145 27
142 209 10
209 246 25
138 175 6
75 146 4
95 260 2
75 152 22
68 181 12
232 262 10
70 162 6
4 170 43
50 232 4
33 236 13
238 261 10
10 13 4
82 164 7
164 202 2
209 249 27
52 195 2
143 158 32
116 164 6
75 243 7
49 97 10
142 220 7
28 236 4
161 226 23
223 238 6
50 249 71
138 257 9
69 263 3
229 231 52
38 132 18
97 234 10
43 65 6
10 137 2
7 164 6
87 90 48
17 97 4
58 100 1
4 234 67
231 263 35
181 209 10
158 162 84
92 261 2
75 233 44
82 129 5
26 107 4
140 217 5
170 256 10
195 246 3
209 217 3
244 249 9
134 237 1
140 243 8
87 181 22
116 166 62
164 232 37
148 229 36
42 159 4
45 162 31
7 146 45
33 246 11
45 138 26
1 237 18
107 145 5
109 109 1
92 138 28
42 140 19
25 210 1
74 210 1
140 261 13
4 45 21
114 228 1
45 234 46
39 91 2
74 186 12
127 249 2
4 246 18
98 234 1
51 79 1
66 142 3
14 88 13
7 232 2
151 229 35
130 263 1
43 129 3
86 209 2
7 95 1
148 260 2
127 238 7
12 162 7
7 230 14
74 166 148
186 197 3
48 168 4
68 243 6
145 255 6
125 230 73
158 239 46
67 246 1
119 140 1
152 263 6
74 143 19
40 107 11
33 90 8
65 140 16
125 255 2
143 164 82
132 139 29
151 186 38
90 263 37
186 216 3
95 161 33
132 254 9
68 75 25
40 52 11
36 68 3
137 260 6
146 237 12
87 256 9
226 239 4
196 230 6
11 65 1
142 196 2
234 243 8
4 88 24
140 223 15
14 90 2
106 132 15
14 14 8
140 244 8
74 148 5
75 261 7
14 261 3
79 127 3
164 188 3
196 246 1
100 223 7
140 193 9
93 163 9
209 262 7
48 152 24
43 179 1
188 234 2
158 225 1
209 209 33
51 209 10
237 257 3
113 143 32
169 169 2
145 196 1
53 196 1
163 202 3
43 152 3
66 229 3
80 232 7
132 210 14
85 250 1
100 116 7
25 42 1
4 4 21
224 232 8
13 171 1
181 181 31
97 181 8
7 145 21
209 211 42
233 249 66
130 232 9
39 170 4
43 87 10
112 141 9
261 262 6
112 256 6
247 247 6
4 256 2
25 84 1
10 224 2
32 137 1
125 257 2
159 168 5
33 261 11
74 233 22
45 225 7
75 211 6
114 263 19
48 224 24
216 237 5
75 164 37
40 246 5
89 186 9
90 112 5
72 138 3
116 161 11
195 231 4
66 158 2
132 154 3
33 68 8
186 260 6
144 244 8
24 219 1
112 164 10
65 66 10
246 256 5
145 226 15
32 236 1
18 138 5
186 195 2
119 132 2
68 160 2
65 79 12
25 163 7
60 147 1
142 260 3
182 234 2
25 35 1
56 164 3
93 162 11
10 234 3
1 132 21
97 225 8
19 132 19
140 241 4
76 76 5
45 232 21
232 249 34
144 202 1
33 54 3
140 188 2
145 193 13
135 138 25
42 50 13
12 170 5
62 137 2
129 173 3
196 226 5
97 137 13
66 97 8
161 256 7
41 141 33
12 229 2
158 233 23
132 217 11
52 138 18
7 48 12
61 237 2
88 130 2
40 263 1
48 256 8
67 162 4
12 163 11
42 43 17
124 205 1
74 113 5
11 14 2
10 163 8
1 236 5
87 93 4
40 140 4
10 145 4
219 219 4
211 256 10
173 260 3
132 213 5
152 230 12
87 88 79
87 232 43
65 162 12
95 140 6
223 261 2
124 197 3
138 177 6
61 62 3
88 90 18
43 134 1
97 170 8
150 244 1
1 107 12
121 138 12
152 186 8
113 130 1
19 138 2
72 230 4
13 40 12
16 249 1
65 137 19
52 65 6
162 215 3
116 236 26
74 152 51
10 170 8
140 202 16
261 263 9
143 211 16
125 229 10
42 262 16
152 153 1
153 166 2
52 54 4
137 261 22
132 220 13
64 138 6
69 75 11
151 161 65
51 75 2
209 226 3
146 146 49
162 255 11
163 179 11
246 255 5
7 186 7
157 232 1
93 244 1
33 52 27
50 116 9
166 234 24
52 52 6
4 224 17
132 235 2
98 130 1
16 138 13
24 90 14
138 252 23
43 130 1
48 216 8
65 113 7
151 170 35
82 141 3
25 106 8
75 148 16
138 212 1
127 141 2
170 181 19
39 48 2
25 52 13
88 143 8
88 137 30
41 247 4
107 196 1
162 232 40
95 170 11
144 195 1
65 181 12
145 164 26
51 107 5
25 233 6
4 189 1
132 252 20
74 246 9
151 261 9
19 82 1
88 226 1
54 230 2
25 37 5
74 137 19
137 255 6
24 244 19
138 235 3
132 207 3
25 36 2
68 209 24
51 138 10
223 237 12
163 226 9
88 224 12
146 239 2
200 229 3
136 236 16
35 48 2
33 211 16
12 142 3
215 239 2
68 130 4
4 145 1
14 161 5
138 152 15
91 209 1
186 244 18
127 231 1
179 230 4
25 34 1
239 260 3
138 192 10
123 261 2
49 256 3
255 263 1
25 140 8
79 116 5
74 114 4
255 261 2
87 191 1
12 125 2
166 249 11
95 197 1
129 226 15
41 167 3
10 68 10
215 215 5
48 106 1
132 171 21
181 239 5
223 236 9
138 197 4
129 161 5
113 131 1
203 219 1
137 151 8
82 246 2
117 195 1
25 189 7
88 181 12
4 90 27
230 256 9
85 236 1
73 138 8
141 246 70
168 186 4
7 143 4
232 263 5
78 252 1
72 100 2
48 61 5
43 181 3
17 217 4
52 170 5
33 144 17
24 47 3
122 138 4
75 116 23
17 170 5
161 255 18
137 198 2
90 227 3
181 231 24
133 138 7
80 230 1
129 137 9
162 175 1
33 43 10
185 262 1
173 236 1
68 95 4
194 237 3
97 140 7
114 236 69
43 232 8
138 200 18
224 262 20
82 211 2
49 234 5
125 137 25
229 255 3
119 138 4
140 209 14
148 215 1
11 209 1
25 170 11
80 237 2
86 132 15
79 129 1
138 160 12
49 186 9
33 158 7
4 100 22
82 170 6
82 226 5
138 207 7
112 112 7
42 211 5
10 230 20
28 233 4
4 68 24
65 114 6
130 223 2
177 261 1
112 161 10
63 79 1
40 162 9
49 114 2
161 223 13
141 243 5
211 238 20
100 177 2
181 229 5
31 161 1
145 146 12
12 209 8
13 146 3
90 209 15
117 124 1
138 248 3
4 232 15
219 228 1
33 232 3
87 236 40
196 229 3
68 116 11
179 193 14
220 229 8
19 35 1
102 144 1
143 153 1
107 112 7
80 148 6
68 166 42
4 238 7
75 244 18
138 168 10
65 246 4
40 239 2
100 106 1
48 93 14
132 185 5
123 163 1
66 246 9
127 164 2
82 223 1
1 13 33
141 166 31
138 213 9
114 262 29
34 161 1
48 89 5
116 141 9
95 262 2
93 236 5
10 24 2
13 143 31
215 263 3
14 49 1
13 145 8
102 236 2
116 225 2
52 233 7
68 200 5
100 224 26
25 141 5
140 147 1
70 161 8
238 250 1
42 246 11
37 42 3
62 100 2
78 87 1
51 242 3
163 193 4
142 174 2
116 162 6
29 132 14
152 170 2
45 166 3
68 93 5
209 224 9
82 137 4
93 100 4
3 132 5
66 90 6
80 193 2
97 229 1
200 244 6
223 230 8
236 254 1
10 100 8
83 138 27
255 256 10
24 144 7
93 230 20
116 140 10
88 138 89
35 231 7
68 215 3
17 107 4
168 263 4
116 137 13
157 230 6
48 220 3
40 195 8
161 195 1
186 256 19
10 10 11
33 48 5
61 211 3
51 132 7
163 235 1
32 244 2
74 232 5
181 261 17
100 166 14
130 215 3
18 161 1
130 186 5
17 114 7
1 10 1
226 230 16
108 132 10
10 113 4
40 48 4
35 100 4
75 76 2
75 248 3
40 170 2
41 229 20
45 249 17
152 225 1
132 259 3
49 196 1
41 69 5
61 231 16
71 89 1
117 132 5
140 181 15
145 186 25
82 107 1
179 226 8
4 74 5
181 238 6
79 145 9
24 161 19
12 88 3
10 151 3
97 144 7
145 263 14
25 237 5
33 100 4
75 136 6
68 179 2
230 243 5
25 148 8
13 262 21
79 166 7
35 88 1
138 191 4
69 74 10
52 141 4
69 230 1
36 137 2
48 51 1
25 229 5
24 231 10
121 132 18
132 202 15
255 255 3
181 230 15
14 239 2
234 256 16
33 40 16
7 88 5
163 181 9
42 119 4
90 198 1
125 238 15
232 236 12
244 263 14
100 181 5
198 233 2
164 181 6
18 132 6
68 216 2
148 166 4
55 138 2
18 230 1
97 238 2
40 233 4
48 226 10
145 165 1
12 181 1
28 226 1
233 242 2
85 181 2
75 158 8
40 211 7
166 243 14
211 263 21
56 148 3
52 113 3
109 137 1
143 226 6
75 79 17
20 233 1
40 198 1
216 229 1
48 83 2
95 146 2
232 256 5
82 97 1
125 142 23
37 246 2
25 261 7
193 239 1
148 224 22
75 102 1
79 97 11
33 163 16
148 262 12
65 211 11
228 228 6
148 181 3
137 209 19
145 261 6
190 237 2
78 225 1
32 233 1
138 202 19
12 66 3
12 144 4
164 248 1
36 249 2
50 125 19
9 138 5
25 234 12
132 192 7
136 186 2
93 145 3
25 75 6
202 208 1
10 158 3
112 144 6
25 97 9
92 238 1
130 158 3
66 211 11
33 229 8
162 181 15
163 243 13
50 224 4
158 263 11
40 261 5
138 182 2
17 74 5
137 226 7
182 236 2
54 163 2
50 255 2
233 243 2
146 263 6
129 146 5
186 225 8
97 114 11
232 238 12
13 232 18
45 66 8
49 163 2
75 232 3
25 211 6
238 255 4
164 256 8
164 244 6
61 262 1
145 234 12
80 256 5
145 217 2
114 181 5
11 90 2
90 166 10
97 148 12
63 68 5
41 144 4
211 228 2
141 193 4
219 243 1
82 186 7
75 87 14
163 244 15
50 209 5
12 234 8
136 138 4
14 230 4
45 229 9
95 145 4
24 246 13
48 232 10
236 243 20
89 181 2
144 226 5
198 225 1
136 170 4
107 256 12
6 115 1
100 247 1
5 22 1
151 158 11
97 113 7
186 198 3
7 255 1
125 256 4
7 151 2
112 145 5
112 114 4
40 113 6
36 263 2
142 215 2
146 179 18
45 237 10
235 235 2
112 233 10
43 146 4
36 100 3
61 188 4
181 246 6
143 232 5
48 82 6
238 254 2
152 164 2
42 146 4
83 141 2
107 166 12
112 217 1
66 170 7
179 246 2
39 254 2
125 143 10
88 190 3
97 211 8
37 162 1
130 140 3
37 37 3
125 181 3
88 256 2
132 247 4
75 215 5
74 79 17
67 229 1
90 256 8
33 162 30
80 158 2
14 162 2
161 202 4
25 231 16
13 181 10
88 255 4
146 262 3
197 249 1
79 146 1
12 261 12
79 195 3
137 215 1
216 226 3
61 76 5
33 88 7
236 261 24
143 244 18
116 143 22
152 158 2
34 138 2
132 149 21
152 161 8
142 146 4
157 170 7
40 144 3
45 97 9
31 48 1
52 246 6
42 79 5
130 197 1
257 261 4
7 125 2
43 225 1
87 188 10
112 211 4
7 162 29
48 181 8
163 257 4
129 223 8
62 181 2
137 244 11
42 243 3
40 142 1
113 166 11
72 186 2
151 211 6
66 137 1
33 142 5
202 238 1
66 232 1
76 180 1
152 168 1
181 198 1
68 89 1
79 91 1
40 40 5
1 234 16
45 239 4
4 164 22
113 133 1
226 262 3
56 163 4
13 165 1
82 112 2
194 230 1
168 244 1
1 79 7
215 216 1
191 239 1
24 153 1
241 243 1
52 217 1
66 249 12
28 163 2
33 238 4
129 196 2
142 202 3
36 141 2
162 188 1
25 114 3
194 238 3
95 95 14
50 181 3
95 261 2
107 179 8
45 263 7
25 88 2
40 138 27
75 179 4
10 140 5
68 83 1
50 166 18
75 223 5
68 97 3
45 224 4
52 231 14
116 127 2
146 162 7
56 263 2
232 257 1
230 255 13
202 237 11
45 236 12
48 72 3
145 236 10
146 202 2
80 207 1
117 193 1
93 137 1
132 147 3
81 138 2
213 213 2
88 93 1
123 123 2
260 262 1
132 200 9
100 160 2
133 216 2
133 133 4
41 130 1
93 233 7
9 132 11
79 223 7
83 145 1
68 196 3
50 256 2
74 212 3
197 197 14
41 184 1
198 226 2
130 238 4
138 188 14
129 237 4
49 207 1
18 238 1
17 65 7
61 65 3
56 231 2
132 150 10
144 220 1
68 195 2
45 75 10
68 244 14
1 145 2
62 161 4
1 151 3
7 129 18
50 82 1
77 132 5
66 238 2
193 230 4
161 179 6
194 239 2
7 141 17
68 134 2
7 170 14
158 243 1
18 43 1
66 80 1
52 106 5
70 186 2
138 159 2
24 87 4
68 146 3
80 89 1
53 138 4
32 151 1
75 249 9
134 134 6
10 114 1
52 228 2
50 127 1
79 82 4
63 226 1
80 112 4
107 226 16
4 151 4
68 219 2
137 146 7
95 226 3
125 232 14
75 114 10
40 226 1
106 127 6
4 209 14
48 209 15
226 234 10
82 95 2
49 144 7
107 255 8
40 79 3
33 97 7
232 260 1
37 255 3
106 181 10
86 215 2
112 151 1
70 129 6
4 125 7
133 211 1
112 249 3
4 142 5
152 237 12
116 237 18
229 244 5
25 60 3
25 66 4
138 165 6
164 242 1
7 70 3
151 181 3
223 260 3
52 79 2
95 237 6
7 87 2
1 137 1
66 144 9
125 244 7
161 182 2
157 231 2
21 163 1
33 65 13
202 249 1
48 66 4
48 217 3
52 90 8
97 236 4
65 142 4
70 91 1
32 47 1
226 233 9
48 119 3
82 142 3
145 197 2
141 260 4
145 237 20
83 196 1
77 211 1
186 235 1
1 261 22
159 159 1
37 48 2
35 186 3
45 151 2
4 93 1
45 256 3
148 257 1
164 217 4
42 186 20
52 261 1
42 164 4
33 141 8
90 130 1
25 49 3
10 260 1
170 255 12
170 223 9
80 140 3
138 196 15
48 52 2
112 142 3
144 217 3
179 236 4
112 231 9
182 186 2
160 226 5
163 256 4
10 144 2
65 249 9
4 158 6
106 138 13
36 148 2
127 237 3
182 243 1
141 145 21
7 112 3
223 223 22
50 93 2
52 238 2
82 90 3
146 238 1
92 192 2
66 224 2
227 237 1
1 143 3
141 181 6
17 143 1
200 230 3
51 141 1
144 228 1
116 158 1
97 249 11
138 250 4
228 234 1
142 145 11
106 230 2
73 158 1
92 223 1
95 164 3
7 92 1
52 256 1
65 255 7
24 113 3
106 164 3
217 261 7
194 263 3
83 100 2
162 227 3
61 195 1
40 49 1
41 195 1
164 166 16
144 238 14
33 89 7
52 234 7
95 134 4
116 170 7
141 194 4
119 186 2
68 80 2
166 233 5
30 234 1
48 215 7
217 246 2
75 241 3
45 50 5
158 195 1
62 66 1
70 230 4
34 87 1
25 263 3
13 193 1
145 179 7
225 237 1
14 186 6
39 138 2
88 189 2
79 181 10
36 114 1
85 132 7
34 79 1
243 249 2
119 243 1
48 160 1
48 127 8
74 234 17
37 144 3
137 152 2
89 170 10
134 163 4
87 216 2
90 226 3
82 196 3
25 161 13
17 87 3
43 243 7
138 216 14
39 90 4
209 236 15
65 65 24
68 127 4
189 231 4
158 189 2
49 189 3
42 148 4
83 157 1
141 255 7
209 237 9
100 256 4
167 226 4
65 95 2
231 244 13
107 125 50
114 189 2
236 244 23
173 198 1
138 185 6
67 132 9
116 211 3
112 163 5
25 162 14
45 107 18
107 146 3
151 182 1
24 211 4
130 163 8
37 225 2
88 229 31
143 148 5
33 239 5
80 129 1
10 48 10
80 163 2
75 168 18
17 80 1
43 194 1
233 256 4
179 249 2
4 116 2
7 236 13
74 147 1
193 237 6
89 230 5
70 229 1
52 88 2
100 215 5
49 230 3
4 43 2
87 95 10
48 191 1
112 236 5
112 255 12
10 88 2
66 112 3
114 225 3
141 196 3
24 220 2
136 220 1
17 48 4
42 90 7
112 158 2
56 230 8
161 257 3
42 162 10
49 261 5
65 163 5
223 243 2
107 202 1
93 246 3
93 232 2
164 168 1
112 137 15
93 166 1
82 163 2
56 170 4
17 181 1
152 246 3
49 87 6
107 116 3
76 226 4
193 226 5
62 75 6
39 106 5
61 90 3
75 109 1
11 42 2
24 234 15
14 87 5
17 70 1
69 116 3
143 254 3
48 56 4
7 79 9
39 164 2
37 62 3
170 193 1
140 196 4
72 125 3
28 243 1
170 180 1
79 152 5
116 233 4
197 233 1
42 137 11
14 231 3
164 223 5
65 233 6
146 233 4
119 166 1
142 256 3
40 181 5
78 140 1
132 253 5
92 208 1
88 97 2
42 230 24
132 173 5
4 261 16
28 87 1
14 91 5
112 262 1
85 85 1
91 97 4
166 231 23
140 198 1
14 197 1
97 125 5
61 166 9
151 243 9
170 217 11
197 238 3
143 181 3
140 210 8
70 75 2
52 164 2
123 181 1
24 107 10
90 168 4
51 68 10
25 65 12
162 216 4
140 146 8
10 186 5
28 230 8
89 107 4
140 197 2
39 39 3
24 233 2
10 262 1
52 181 7
231 256 8
41 168 8
162 244 7
55 87 9
138 259 3
127 161 4
90 136 2
75 195 2
24 24 24
56 68 2
95 239 1
69 236 5
237 243 10
33 190 2
209 255 2
48 80 6
162 259 1
51 234 1
28 113 2
69 138 6
100 126 1
97 230 7
7 239 1
35 137 6
37 63 2
41 88 17
72 226 1
138 147 4
25 74 7
13 106 1
164 259 1
79 124 8
92 229 1
157 249 1
51 163 1
7 83 2
57 132 1
224 231 17
86 230 2
109 132 1
78 234 2
161 228 1
145 213 4
91 231 2
52 236 3
213 219 1
61 100 4
42 233 6
206 230 1
129 136 1
90 93 5
55 123 1
85 231 8
75 88 14
145 246 6
162 208 2
182 213 2
60 161 2
95 229 7
157 164 2
34 186 2
72 76 5
43 45 4
25 107 9
138 205 4
24 232 2
4 75 6
90 212 2
81 238 1
69 261 1
161 260 13
35 234 7
52 186 6
8 138 2
167 230 1
216 263 1
162 202 9
17 79 6
35 162 2
50 152 5
113 189 4
97 106 1
256 261 9
163 215 3
140 220 2
127 263 3
239 241 2
40 66 4
100 200 3
152 243 6
66 107 6
142 216 2
100 255 3
48 192 3
7 116 1
72 72 1
26 161 11
166 194 3
89 100 10
198 234 1
24 140 15
10 197 2
74 241 2
74 167 4
186 215 2
87 130 2
74 78 2
164 226 7
4 50 3
50 243 4
164 260 6
63 137 1
158 244 4
42 174 1
54 261 1
12 75 2
134 230 3
186 258 3
33 75 7
158 260 1
210 233 2
82 224 1
42 51 3
49 49 1
45 169 2
90 215 1
137 225 4
79 112 6
146 255 4
167 234 3
137 188 12
137 165 5
50 75 14
17 61 3
62 231 10
13 255 9
37 145 3
49 209 4
131 223 1
138 208 9
16 237 1
26 138 10
49 239 1
49 88 4
100 174 6
189 233 7
75 159 4
28 48 3
42 170 9
114 227 1
138 173 8
93 138 17
94 229 1
48 117 1
120 120 1
28 107 3
10 211 4
237 255 7
97 100 2
215 236 6
146 236 5
75 220 4
10 237 4
10 125 3
157 261 2
65 100 7
26 137 3
234 257 2
75 92 2
40 137 6
25 159 1
76 181 3
61 80 2
7 244 1
129 249 7
129 179 4
131 135 1
13 74 2
215 231 3
73 75 1
161 217 8
171 232 1
72 75 4
146 230 4
10 238 5
87 177 2
13 257 2
162 217 2
79 188 4
79 93 5
72 142 2
49 236 2
100 130 5
62 113 1
4 141 8
68 197 2
12 151 4
10 233 7
42 209 1
131 138 7
164 215 5
49 225 3
49 148 7
112 230 6
138 190 2
12 113 2
61 249 3
32 74 1
7 256 1
79 194 2
178 227 1
26 26 9
61 179 1
45 255 2
230 260 3
138 178 6
7 246 6
25 63 2
36 65 3
244 262 13
143 261 8
25 72 3
224 246 10
75 213 3
43 200 1
152 223 3
130 130 11
143 152 6
22 261 2
54 90 2
22 132 17
41 249 4
112 246 7
45 160 1
138 241 7
90 181 7
129 162 13
14 164 2
10 164 13
55 132 6
87 244 3
7 142 10
43 244 8
179 233 3
164 179 3
26 162 5
14 222 2
140 160 3
74 209 1
48 183 2
100 112 5
225 233 1
35 132 5
72 137 7
37 77 1
80 170 8
85 170 5
146 260 5
140 159 2
43 76 1
25 158 7
1 43 2
14 76 1
70 179 2
107 181 15
157 161 11
11 55 1
233 255 7
61 190 3
87 238 8
47 69 1
75 144 5
132 187 2
158 220 1
146 246 3
39 130 4
25 256 2
106 170 2
17 17 6
1 189 1
41 162 17
164 200 1
14 237 4
215 237 3
31 42 1
138 139 2
45 61 9
116 231 12
113 195 6
161 173 1
129 164 2
20 244 1
40 125 2
13 80 2
33 227 1
112 179 1
88 91 7
82 237 5
42 248 1
219 237 1
162 196 2
25 246 10
13 133 1
20 95 1
137 227 1
1 88 10
60 183 1
232 239 4
86 188 2
116 153 2
26 133 3
41 87 5
32 100 1
146 205 2
133 257 2
92 231 3
61 61 11
256 256 8
117 141 1
43 70 3
25 251 3
18 142 2
143 224 12
49 52 4
43 185 1
10 142 3
229 243 3
127 236 7
137 257 2
25 137 13
37 76 8
96 225 2
73 164 2
217 236 6
68 74 5
4 219 1
33 39 2
56 82 4
61 137 4
208 238 3
168 247 3
126 143 1
33 49 6
21 164 4
100 257 2
160 246 1
107 250 1
41 113 6
125 140 12
161 216 7
93 113 4
21 186 2
170 215 9
51 140 3
22 164 4
102 170 1
8 163 1
10 107 3
49 113 4
37 238 3
10 239 4
50 223 1
13 91 4
61 164 4
223 246 2
25 142 2
56 138 13
89 140 3
89 89 5
82 152 1
132 182 5
94 140 2
121 130 1
42 231 3
179 209 15
40 161 6
136 141 2
56 137 6
41 164 11
116 216 4
87 124 3
14 100 2
152 262 2
161 188 6
70 247 2
162 213 1
143 168 6
51 238 2
28 197 1
28 28 3
28 186 5
42 188 3
10 148 6
28 164 10
40 100 3
134 170 3
14 257 1
49 137 4
65 225 2
65 209 7
130 164 8
136 166 2
87 255 6
166 211 2
145 231 5
25 186 8
24 162 16
210 261 2
134 145 1
66 237 3
125 145 4
37 186 7
7 260 12
106 236 1
1 138 6
133 209 2
237 260 12
153 239 5
4 239 4
112 140 8
37 97 9
56 233 3
80 239 1
93 237 6
22 162 1
142 205 3
20 132 3
28 135 1
48 195 1
42 113 7
40 164 2
129 143 1
113 196 1
82 209 1
130 161 5
14 140 3
13 54 3
165 229 1
74 231 13
43 145 6
106 125 1
164 175 2
90 185 1
22 123 1
67 87 2
127 151 5
26 43 2
112 238 1
255 262 2
48 258 1
200 246 1
13 56 1
49 246 3
76 234 1
49 170 5
65 106 3
213 233 1
49 141 3
63 189 1
54 114 3
216 218 1
61 225 6
52 148 2
136 136 2
17 148 9
138 227 1
39 188 1
137 243 5
61 68 3
166 167 2
41 122 1
182 182 1
63 95 1
97 107 6
92 107 1
240 240 1
82 162 7
93 161 8
132 184 1
33 61 2
181 257 8
78 136 5
24 100 10
100 243 4
88 215 1
28 90 4
66 226 3
80 246 3
69 231 1
49 181 4
42 143 19
7 100 8
71 205 1
43 71 1
165 227 1
88 116 1
177 203 1
75 149 1
45 241 1
1 246 23
239 257 1
17 113 3
13 67 1
65 228 1
140 192 1
143 243 7
67 168 1
139 139 1
50 148 17
18 140 3
62 107 1
70 222 1
202 263 2
72 188 1
95 222 1
10 90 3
97 189 4
200 239 3
209 250 1
229 256 4
170 173 2
49 255 2
28 246 2
70 87 2
225 261 1
60 79 3
98 138 4
33 164 12
136 235 1
71 188 3
100 191 4
41 231 5
42 223 3
116 234 4
49 161 7
100 198 1
127 230 3
125 166 8
93 158 2
88 262 10
63 231 2
138 169 5
75 107 30
129 230 5
112 148 9
66 95 1
234 242 1
170 189 3
20 79 1
65 256 2
21 228 3
12 232 2
106 232 4
74 179 1
87 197 1
113 146 1
195 234 1
87 127 1
62 65 1
50 97 1
41 125 1
200 237 3
216 244 1
157 163 3
145 158 4
160 164 5
52 262 1
24 223 1
4 65 2
231 260 8
10 226 3
93 239 5
223 250 1
28 158 1
140 208 2
50 200 1
179 225 1
45 149 3
41 208 3
127 244 5
41 158 3
106 106 10
89 231 9
157 233 2
15 121 1
89 125 3
100 193 2
28 162 4
67 170 1
89 237 1
217 238 1
215 233 1
145 256 1
100 196 4
125 188 1
153 243 1
76 170 9
102 140 4
68 255 6
68 86 2
37 79 3
95 166 1
238 256 2
7 74 3
35 138 1
97 158 2
60 231 1
17 88 2
144 224 13
119 244 2
28 142 5
127 243 2
54 237 1
164 193 3
26 125 1
36 61 6
133 234 3
87 224 14
164 191 3
12 249 1
21 161 4
18 152 1
169 236 1
162 225 4
74 119 4
45 238 6
151 235 1
25 262 1
146 161 7
134 140 2
48 200 3
229 232 12
138 217 9
116 243 4
43 202 1
195 241 6
42 45 5
212 213 2
25 45 7
237 256 5
113 129 5
160 161 2
90 189 2
51 224 2
49 116 1
48 174 2
214 221 1
107 225 1
155 164 2
69 142 1
147 232 3
179 237 3
148 226 4
48 76 3
123 143 7
138 218 2
93 142 4
69 162 5
7 32 1
14 67 2
92 201 1
69 69 3
74 261 4
66 236 6
83 83 6
54 231 1
60 152 1
106 158 2
3 182 1
132 194 11
22 186 1
90 150 4
200 263 1
48 184 5
68 84 1
22 183 1
75 235 2
128 138 2
198 230 1
141 152 3
66 100 4
17 137 7
117 188 1
108 261 2
91 237 4
186 227 2
5 23 2
3 78 1
112 237 5
88 227 1
216 261 3
144 171 1
13 75 4
145 173 1
65 236 6
25 130 4
95 130 1
48 67 1
133 237 2
45 215 2
76 79 1
61 114 5
151 249 7
80 88 5
60 167 1
42 68 10
163 189 1
62 140 5
78 151 1
212 250 3
117 159 1
91 234 4
126 138 3
72 79 6
26 113 1
75 169 2
45 165 1
37 148 6
143 209 4
40 158 4
74 224 1
72 210 1
1 209 3
61 140 5
42 242 3
107 178 8
52 144 4
52 125 4
25 62 6
85 107 8
121 226 1
186 250 1
66 141 1
122 130 1
25 61 4
32 259 1
147 186 1
106 237 1
149 231 1
45 127 1
202 236 4
89 137 12
144 215 1
61 171 1
226 236 13
70 142 5
29 137 1
1 66 1
36 48 4
160 237 1
168 168 29
68 133 1
28 234 3
70 163 4
69 242 1
71 181 1
93 238 5
69 166 2
148 216 1
74 243 4
25 54 4
76 263 1
22 143 1
36 244 1
24 158 3
33 149 1
213 237 2
157 246 1
195 228 4
28 238 2
138 194 4
45 89 1
66 113 4
29 68 2
28 45 1
80 87 4
7 114 2
131 163 1
14 48 3
116 196 1
43 168 3
127 127 8
155 209 1
85 164 1
141 200 1
163 228 2
69 163 3
40 186 6
65 77 1
107 129 6
78 132 2
142 232 4
146 164 5
125 239 12
161 227 1
53 142 7
90 126 2
95 162 2
12 87 7
25 113 3
40 232 2
49 231 11
18 237 1
143 227 1
42 147 1
127 232 1
42 228 1
129 229 6
52 162 6
107 200 1
40 106 3
87 179 2
42 205 4
114 166 8
226 246 4
26 87 1
65 87 10
168 262 2
125 210 1
165 170 1
79 206 1
102 237 5
113 244 2
61 186 6
39 117 2
63 138 4
74 87 7
22 22 4
11 26 2
136 159 1
130 230 13
223 226 6
17 144 3
95 233 8
150 151 1
40 43 2
113 123 13
41 159 1
4 49 2
52 237 3
106 137 1
71 143 1
78 209 2
40 141 2
88 134 2
235 247 4
122 132 4
107 215 3
69 247 2
53 161 1
63 144 1
61 87 7
41 65 3
22 67 2
68 106 5
79 160 1
42 158 1
80 186 5
138 219 3
148 256 16
161 219 1
149 162 1
97 117 1
142 257 1
49 80 1
188 188 6
34 164 1
47 186 1
220 246 1
5 123 1
138 193 10
7 90 7
78 138 1
87 106 2
54 170 3
92 170 2
145 262 5
39 79 1
75 193 1
61 125 6
12 68 5
127 170 3
162 182 1
116 262 2
80 195 1
75 231 19
80 234 4
163 213 1
108 138 1
82 144 2
49 95 1
74 215 1
213 263 3
133 246 4
10 50 1
7 262 3
12 148 3
78 164 1
97 161 4
162 260 4
164 241 1
200 236 5
33 257 3
107 157 3
209 238 4
112 226 4
39 100 3
76 107 2
83 161 2
71 162 6
1 45 1
12 224 1
106 231 5
85 157 2
34 211 1
56 246 1
13 112 2
97 164 6
80 226 2
61 88 3
77 161 1
48 167 2
186 220 6
195 237 1
150 158 1
49 211 3
87 143 14
159 167 1
24 137 4
28 231 4
166 229 16
133 143 1
85 142 2
146 226 10
7 75 6
166 232 2
64 219 1
83 164 2
12 65 3
1 141 2
210 210 2
117 145 2
20 138 7
112 136 1
102 132 13
17 142 2
217 228 1
141 244 11
124 169 1
17 223 1
128 238 1
81 132 2
28 74 2
83 173 1
151 220 1
94 132 2
55 55 1
145 219 3
7 65 1
15 145 1
97 188 2
122 226 1
85 229 1
52 263 1
189 234 5
212 247 1
4 33 1
4 36 1
225 231 16
112 113 3
112 162 12
35 148 1
22 55 2
194 210 1
66 106 3
65 125 3
4 133 1
55 137 6
49 112 2
12 114 7
43 112 4
36 162 2
75 177 1
76 186 2
7 192 1
125 209 11
141 173 1
42 161 15
151 167 1
145 171 1
143 195 1
231 255 7
40 217 1
41 107 6
7 82 2
36 79 3
89 258 1
41 250 2
152 182 1
61 107 3
69 239 2
25 209 8
236 255 6
97 141 4
28 145 4
129 158 2
12 166 1
141 149 1
114 244 2
228 230 2
51 167 1
47 55 1
49 263 2
143 220 1
48 255 5
13 62 1
97 224 2
41 45 5
142 198 1
82 157 3
25 239 5
48 193 3
50 260 1
153 220 2
168 238 2
52 61 1
90 129 2
92 260 2
28 229 1
42 88 5
3 137 1
51 235 2
123 168 1
95 234 3
92 162 3
48 177 1
7 93 1
66 140 7
170 212 1
48 159 1
48 196 2
79 189 2
10 35 1
181 188 1
141 169 2
10 246 1
107 169 1
90 97 7
7 25 1
196 233 4
66 145 2
37 170 2
25 255 3
41 232 2
127 246 1
249 255 3
108 246 1
13 26 1
17 186 7
4 97 2
47 226 1
212 236 2
195 249 1
42 203 2
168 239 1
40 256 1
82 260 6
17 50 2
125 219 1
82 160 2
102 225 1
193 263 5
140 247 3
146 152 4
142 167 1
48 153 1
95 236 8
62 70 1
25 143 1
7 148 3
13 151 6
7 161 11
69 232 1
48 197 3
35 170 1
46 225 1
134 143 1
4 41 1
66 91 3
46 138 1
16 142 1
7 130 1
45 188 3
93 226 1
25 244 1
17 261 1
226 231 3
158 232 7
12 233 4
74 88 2
107 159 1
80 236 2
12 137 4
146 211 4
129 189 1
54 233 1
13 223 1
33 228 4
54 113 1
42 216 2
83 237 1
75 113 8
137 212 1
69 168 2
50 74 4
83 263 1
133 228 1
13 166 3
189 211 3
37 244 1
41 126 1
130 142 2
45 74 9
164 219 2
143 145 1
85 186 2
148 167 1
13 123 2
14 234 4
130 244 1
12 236 1
94 138 1
163 225 1
114 145 6
69 141 3
95 113 2
181 237 7
162 165 3
48 126 1
226 248 1
65 196 1
123 138 5
49 142 2
114 219 1
113 257 1
24 247 1
119 247 1
120 132 1
170 201 1
12 158 3
97 163 1
74 129 1
43 226 8
148 228 2
138 195 6
25 90 7
95 102 1
42 212 1
65 189 3
135 239 1
47 168 1
92 258 3
211 244 2
1 4 1
131 145 3
100 165 2
41 127 1
14 170 1
243 262 4
15 170 2
17 249 2
140 179 10
29 149 2
45 181 4
34 65 1
18 239 1
33 45 5
80 80 4
130 239 1
157 157 4
182 246 1
162 198 2
102 134 1
17 246 2
24 243 2
43 127 1
61 181 5
52 114 3
41 261 2
142 255 2
135 143 2
10 153 1
169 263 1
17 207 1
78 239 1
36 37 3
127 152 2
24 65 2
138 203 1
130 236 1
80 211 2
189 228 3
224 256 1
43 224 4
145 211 4
42 129 1
161 168 3
148 238 3
123 130 1
125 224 3
93 234 2
89 97 3
151 232 2
48 179 5
68 227 3
10 75 2
49 237 3
37 158 1
60 75 2
49 65 7
87 112 2
189 236 3
42 219 1
52 87 5
130 218 2
90 220 1
129 148 2
89 133 7
40 90 2
97 237 1
70 223 3
49 107 4
162 228 3
95 158 1
56 144 2
163 217 2
100 133 3
222 261 1
130 262 3
28 161 7
13 34 1
140 168 1
8 132 3
25 236 7
10 229 5
82 83 3
60 263 2
25 190 1
61 226 5
42 213 1
90 219 1
56 162 4
7 50 1
82 113 2
144 216 2
87 218 4
87 208 1
40 97 5
26 261 3
179 260 4
132 214 1
68 152 1
132 156 2
145 209 3
177 186 1
45 198 1
1 238 3
17 100 2
116 148 1
93 151 4
54 97 1
93 114 3
87 145 2
52 211 2
66 198 1
74 158 1
146 256 3
71 123 3
119 231 5
188 228 1
70 131 1
10 232 1
161 258 3
40 87 4
10 162 16
65 69 6
133 239 1
43 196 1
138 149 3
33 256 2
127 234 2
25 124 1
95 231 10
13 244 1
88 238 6
4 10 1
116 144 1
168 170 3
88 254 3
47 236 2
26 227 2
54 181 3
12 132 3
52 249 1
174 249 1
52 225 1
33 233 5
155 239 2
17 211 2
209 244 5
19 226 2
81 162 3
43 220 2
232 255 5
26 100 1
39 155 3
65 90 2
83 140 1
131 263 2
112 239 3
154 261 1
215 262 2
68 213 2
49 50 1
10 189 1
97 197 1
35 188 2
60 238 1
144 197 1
87 97 2
43 82 3
10 249 1
61 162 5
87 226 4
16 137 3
163 175 1
64 78 2
136 231 1
21 230 1
179 196 1
219 249 1
37 45 1
11 162 1
125 130 1
43 248 1
148 219 1
66 143 2
67 234 2
51 185 1
197 248 4
60 159 1
159 226 2
219 261 1
68 258 1
193 256 1
14 21 2
112 261 2
33 262 1
208 241 1
186 223 2
17 90 2
238 259 1
7 43 5
67 228 1
247 263 5
108 209 1
25 228 5
39 71 4
90 255 4
47 142 3
50 241 1
44 151 1
164 213 1
14 181 3
146 223 4
63 198 1
90 96 1
141 256 2
140 215 2
209 225 1
137 256 7
49 90 6
129 198 1
43 217 1
62 188 2
37 223 1
146 147 3
107 188 12
37 90 2
45 182 1
134 260 2
10 45 3
213 229 1
37 137 2
137 167 2
82 100 5
170 202 5
23 132 1
38 162 1
145 248 1
13 39 1
121 140 1
9 161 1
107 189 3
82 140 5
71 239 1
81 126 1
22 125 5
1 83 1
89 162 1
137 189 2
4 196 1
224 243 1
157 162 1
82 233 3
39 86 1
39 145 3
10 143 2
208 261 1
25 68 6
14 22 2
153 263 1
248 248 1
20 20 1
70 116 1
174 174 1
157 237 3
45 116 2
85 95 1
13 71 5
25 196 1
56 142 2
51 51 1
188 236 1
90 127 3
97 222 2
133 232 1
53 83 1
21 170 1
40 88 4
62 87 1
140 213 1
252 263 1
230 247 1
45 159 1
37 232 3
70 92 3
165 211 1
17 232 2
107 220 1
137 220 1
163 216 2
100 135 2
74 248 2
74 146 4
11 132 2
43 256 3
34 52 1
3 146 2
69 238 4
61 146 1
4 194 1
130 137 3
72 87 1
25 55 2
83 230 1
48 235 2
42 69 2
223 233 1
74 91 1
152 195 1
145 202 1
90 92 2
107 108 1
36 97 1
34 229 1
56 140 2
130 148 3
36 189 1
143 259 1
8 146 1
25 188 1
107 244 1
107 247 3
168 234 1
123 140 2
90 244 7
210 226 1
226 263 5
49 188 1
92 226 3
137 208 2
47 136 3
102 136 1
49 62 1
49 164 6
95 141 2
133 229 1
162 173 13
106 142 2
14 225 4
88 208 1
17 140 6
235 236 1
17 236 2
35 197 2
20 42 2
125 151 2
209 223 1
141 168 3
130 233 3
212 231 2
97 142 4
62 77 1
236 241 2
52 68 2
163 196 2
72 166 6
219 254 1
28 170 2
39 230 5
25 100 3
124 161 2
32 261 1
197 239 1
3 140 1
72 162 5
72 216 1
89 233 3
65 149 1
231 243 3
209 220 2
167 186 3
159 161 1
113 171 5
25 89 5
76 80 1
52 140 2
41 72 2
76 231 5
61 75 4
39 228 2
126 169 1
188 233 2
76 222 4
89 188 5
82 234 3
124 252 1
193 202 1
41 194 1
75 247 2
33 195 4
134 162 2
174 208 1
121 129 1
137 196 1
208 236 1
61 142 7
145 244 1
25 177 4
196 196 1
55 230 1
87 178 1
162 200 3
225 228 1
60 100 3
120 152 1
39 238 2
13 188 1
49 125 1
107 227 1
92 142 1
94 169 5
152 234 2
41 211 3
35 76 1
97 256 8
48 241 2
7 14 3
234 235 2
40 50 1
68 82 3
100 134 1
62 263 1
13 189 2
47 140 1
10 79 2
168 230 4
122 122 1
73 132 4
62 97 1
151 223 3
68 228 3
83 172 2
25 247 1
41 47 1
129 231 5
107 130 5
73 166 1
226 261 3
159 231 2
125 129 2
11 133 1
38 246 1
171 231 1
34 97 1
65 86 1
107 243 4
3 141 1
144 166 4
39 237 3
179 238 1
76 232 5
186 257 6
82 216 2
65 263 2
227 234 1
22 227 2
197 230 3
11 100 1
106 143 1
69 125 1
61 209 1
17 162 5
146 158 1
42 107 1
142 217 3
126 260 1
36 36 2
17 190 1
55 150 1
133 189 1
137 178 3
89 91 2
87 257 2
107 118 1
116 209 1
170 195 1
14 133 3
26 237 4
65 102 1
74 249 3
52 112 1
87 243 1
127 153 1
225 225 3
106 218 3
92 125 1
13 197 1
97 112 1
174 254 2
39 97 2
14 244 1
25 249 3
130 193 2
222 231 1
129 193 1
207 207 1
127 145 2
73 92 1
129 160 1
80 113 2
142 247 1
130 220 1
45 243 1
82 161 3
170 247 1
192 216 1
215 226 1
36 55 1
228 261 1
90 179 1
85 113 1
20 48 1
81 116 1
162 203 1
14 125 3
126 244 1
111 132 1
108 137 1
164 171 1
137 247 1
47 50 1
129 211 2
155 155 2
141 217 3
71 71 2
211 216 1
145 198 1
61 89 1
107 149 2
72 231 5
140 203 1
10 166 3
87 196 1
82 173 1
125 177 6
106 188 2
229 254 1
79 247 1
137 166 2
76 188 1
52 163 1
93 231 3
62 186 2
13 216 3
54 228 3
129 192 1
56 193 1
13 25 8
219 236 2
137 218 4
105 231 1
173 179 1
20 185 2
68 174 3
1 41 2
219 224 1
140 242 4
83 116 1
77 89 4
212 242 1
24 249 3
135 252 1
169 244 2
181 263 1
97 263 1
7 166 4
10 87 2
90 167 3
202 233 5
164 189 3
50 257 5
40 237 1
124 230 1
87 241 2
50 61 5
130 145 2
72 237 1
35 216 2
11 151 1
48 133 1
229 260 5
193 233 1
181 225 3
4 143 1
64 183 2
25 168 1
48 136 1
28 235 1
53 231 1
78 170 1
126 237 1
25 144 8
137 217 7
141 247 2
97 246 3
182 249 1
186 242 1
89 113 3
36 262 1
52 209 2
68 259 1
140 248 1
33 76 5
47 100 1
17 237 3
102 137 2
157 260 3
65 91 1
48 97 2
136 230 1
129 135 1
37 136 1
43 69 1
113 260 1
185 242 1
32 53 1
56 260 1
65 82 2
165 236 1
102 161 2
41 93 1
71 225 2
4 255 2
106 113 2
91 236 2
217 234 2
132 242 1
25 147 1
145 157 1
48 185 1
215 246 1
18 228 1
10 141 8
80 125 1
162 243 4
7 243 2
155 161 2
194 243 1
32 132 3
143 215 2
152 254 1
61 223 2
72 196 2
170 219 1
89 239 1
239 256 1
92 233 2
152 209 8
195 261 1
170 228 1
144 189 3
45 262 2
76 155 1
152 200 1
81 137 3
7 42 2
25 222 4
236 247 2
74 90 6
47 88 1
61 233 5
40 74 1
65 190 2
33 106 4
24 66 1
40 249 2
41 145 1
132 174 3
83 219 1
113 117 1
166 247 3
89 261 1
233 244 2
129 233 1
75 147 2
113 226 5
198 236 2
88 260 1
147 208 1
148 193 1
169 216 1
188 225 2
211 247 1
141 223 2
88 179 1
17 234 3
37 140 1
40 209 3
83 170 1
10 42 2
159 230 1
163 219 1
49 140 1
13 95 1
35 72 4
186 217 2
22 236 2
100 136 1
87 254 2
111 181 1
54 137 1
181 190 2
72 236 2
160 236 2
72 211 1
25 166 2
147 152 1
174 244 1
14 211 2
42 136 2
132 227 7
136 244 1
119 152 1
140 171 2
142 169 1
118 164 1
14 236 1
225 234 2
29 87 1
70 237 1
22 43 1
24 119 1
79 259 1
89 114 1
97 190 1
137 213 1
166 226 2
28 137 2
75 196 2
107 136 2
76 177 2
17 91 1
186 218 2
170 206 1
167 233 1
107 165 4
28 215 1
73 229 2
61 182 1
156 156 1
50 179 1
47 137 1
167 237 5
141 179 4
65 112 1
10 263 2
164 218 1
246 257 3
129 186 3
100 119 1
12 237 2
18 234 1
139 238 1
83 162 3
114 185 1
149 170 10
80 162 7
185 232 1
71 140 1
82 231 2
74 208 1
160 162 3
65 262 2
37 234 2
76 136 1
48 81 1
18 169 1
10 209 1
33 175 1
164 257 1
100 169 1
164 192 1
40 190 1
74 145 5
220 237 3
196 234 1
33 125 2
157 236 4
72 88 2
127 137 2
134 141 1
113 225 1
168 224 1
34 162 1
89 152 1
11 236 1
80 231 1
112 146 3
74 193 1
106 263 1
153 244 1
70 209 2
75 145 1
28 50 4
132 167 3
43 193 2
152 220 3
107 223 2
61 85 2
174 241 1
129 238 2
190 229 1
16 107 1
95 246 1
179 239 2
36 143 1
145 224 1
160 260 1
11 231 1
37 256 3
52 239 1
47 233 1
86 138 1
244 247 4
61 79 1
152 162 2
28 41 1
7 15 1
195 236 2
35 60 1
43 223 1
30 132 1
78 92 1
5 7 1
9 75 1
80 142 1
126 142 2
151 224 4
225 255 1
170 179 4
25 41 2
129 234 1
250 250 3
24 146 1
47 174 1
28 130 1
189 219 1
158 255 1
93 144 2
33 116 2
79 168 1
48 169 1
32 247 1
42 179 1
36 224 1
92 171 2
168 228 1
198 249 1
238 247 1
143 208 1
90 225 4
72 97 1
42 250 1
125 215 2
189 189 3
68 189 4
48 62 2
97 121 1
35 155 1
34 225 1
132 248 1
133 181 3
64 175 1
76 168 1
76 262 1
40 247 1
28 166 1
36 229 2
157 186 4
100 219 7
148 243 1
47 75 1
134 224 1
76 164 2
69 132 8
48 228 2
22 239 1
186 202 3
28 79 1
132 159 2
14 50 1
136 238 1
12 33 2
138 222 1
24 195 1
106 107 1
25 76 2
54 87 3
13 260 1
75 95 3
116 247 8
65 244 1
34 246 1
137 195 1
34 144 1
48 188 4
13 61 2
107 260 2
70 70 2
87 116 1
42 229 3
230 258 1
91 155 1
79 89 1
80 160 1
38 100 1
93 106 1
54 209 1
106 186 2
203 218 1
13 28 1
102 230 1
100 153 2
159 236 1
114 217 1
137 193 3
10 243 1
90 195 2
152 194 1
112 125 3
120 230 1
87 189 1
11 230 1
138 258 7
159 262 3
202 239 1
188 231 15
80 181 1
142 193 1
40 148 1
129 262 1
89 229 1
50 65 2
157 234 1
43 95 2
40 189 1
186 193 4
189 257 2
75 182 1
98 137 2
135 230 1
74 136 1
151 200 1
92 186 1
98 148 1
49 151 2
198 231 1
228 249 1
170 196 4
114 157 1
89 146 1
142 179 1
145 223 3
233 247 1
138 253 3
190 201 1
48 198 3
88 119 1
24 79 4
79 244 1
24 127 2
80 261 1
18 75 1
54 144 1
24 194 1
70 173 1
70 79 1
24 129 1
170 188 2
50 145 1
1 39 1
128 151 1
188 232 1
75 242 1
77 138 1
10 33 1
56 226 1
70 164 3
143 200 2
233 260 3
161 243 6
197 254 5
40 230 1
70 143 1
37 43 1
33 102 1
154 154 1
163 188 1
138 215 3
21 108 1
158 215 2
90 174 1
56 113 1
235 243 2
70 113 1
130 234 3
242 248 1
24 125 1
165 165 1
191 246 1
36 41 2
47 47 1
106 228 2
28 82 1
48 65 1
29 100 1
123 162 1
68 235 4
135 233 1
129 166 1
140 152 1
117 117 1
78 233 1
83 239 1
143 260 1
49 100 1
40 45 1
11 161 1
140 258 1
14 142 2
127 163 4
33 112 2
60 236 1
113 157 1
18 68 1
113 134 1
145 148 2
149 217 1
37 192 1
13 219 1
132 206 2
179 263 3
10 121 1
79 192 1
113 227 1
182 263 1
75 255 1
83 88 1
42 130 2
170 241 3
215 249 1
28 100 1
21 126 1
65 158 2
70 233 1
93 93 4
217 256 1
158 219 1
116 229 3
135 161 1
107 207 1
7 225 1
4 55 1
10 244 1
151 168 2
55 89 2
166 197 1
74 126 1
10 259 1
159 162 2
77 90 3
173 197 1
87 195 1
95 196 3
50 146 1
242 244 1
158 226 3
100 155 2
98 140 1
35 71 1
76 209 1
130 203 1
50 189 2
13 17 1
134 226 1
88 89 1
32 138 2
28 88 2
72 233 2
3 231 2
64 161 2
22 29 1
28 134 1
90 169 2
87 92 1
87 149 2
33 123 3
95 258 5
32 258 1
97 166 1
29 186 1
10 92 1
98 226 1
215 234 3
55 75 1
91 232 2
107 121 2
136 169 1
43 247 2
62 227 2
69 244 2
61 238 1
141 228 2
192 215 1
140 259 5
28 68 2
67 140 1
210 232 2
182 261 6
69 147 1
26 90 1
48 129 3
86 191 3
75 209 3
1 24 1
88 166 3
157 229 1
42 226 10
8 237 1
78 168 1
165 186 2
65 124 1
38 164 9
143 146 1
69 143 5
29 45 3
29 261 2
113 116 1
45 227 1
42 181 2
13 76 1
92 239 2
122 146 1
117 216 4
75 256 1
92 254 1
74 258 1
128 140 1
17 197 2
223 244 2
33 218 2
116 145 1
26 170 2
80 137 4
170 260 5
3 233 2
100 216 2
87 235 5
210 231 1
75 167 1
48 85 3
260 263 4
121 135 1
43 102 1
28 95 1
36 209 1
226 250 5
68 198 1
15 163 1
39 113 1
69 159 1
25 191 3
22 137 2
233 259 1
169 202 1
22 65 1
76 238 3
39 119 1
48 58 1
19 145 2
56 141 3
7 258 1
130 202 1
205 207 1
143 223 1
100 167 1
146 231 4
16 186 1
130 216 2
61 261 4
28 258 1
93 95 1
100 131 1
17 226 3
62 232 1
148 157 1
95 198 1
177 231 1
216 225 3
34 100 1
135 196 1
37 61 3
243 261 3
140 177 1
42 252 1
28 129 2
4 22 1
158 166 3
40 229 1
37 52 1
31 138 1
9 233 1
86 137 2
113 243 7
88 95 1
102 229 1
193 234 1
68 168 1
260 261 1
209 243 1
38 82 1
54 262 1
51 197 1
151 217 1
165 244 1
56 234 2
22 142 2
132 183 1
107 168 4
65 166 3
166 168 3
41 193 1
178 178 1
11 88 1
155 263 1
72 136 5
20 230 4
197 215 1
141 192 1
61 71 3
35 86 1
37 107 1
139 215 1
81 164 1
141 198 2
49 66 1
70 263 1
50 159 2
196 237 3
256 263 2
33 129 2
12 116 1
14 40 1
160 233 1
134 148 1
158 202 1
24 215 2
77 164 1
69 137 3
33 166 1
10 39 1
196 223 1
70 106 1
23 181 1
41 119 1
16 95 1
14 209 2
132 245 1
101 138 3
202 232 3
55 82 1
97 258 1
97 124 2
102 142 1
26 74 1
186 221 1
72 181 1
87 166 5
125 182 1
166 261 2
88 200 1
10 43 2
100 260 4
26 65 1
168 241 3
42 87 2
53 65 1
87 194 1
113 217 1
167 250 1
76 261 1
65 80 2
141 210 1
181 232 1
37 161 2
93 262 2
52 107 4
3 75 1
189 209 1
179 262 2
219 230 3
87 168 1
10 38 1
9 15 1
12 50 2
100 197 1
76 239 1
127 140 5
17 33 1
93 140 1
159 263 2
185 225 1
63 100 1
137 169 1
95 215 1
75 125 1
123 246 1
47 138 1
39 140 2
13 228 4
11 74 4
100 227 1
22 100 1
65 224 4
45 80 1
52 232 1
56 87 1
90 188 1
86 86 2
26 67 1
102 138 2
14 107 2
54 88 1
119 242 1
60 74 1
18 200 1
69 169 2
32 90 2
87 227 2
164 216 2
165 233 2
70 226 1
69 213 1
72 113 1
133 233 3
177 209 1
21 151 1
36 171 2
125 189 1
181 206 1
81 140 5
88 123 3
114 220 1
174 236 1
161 165 1
68 123 4
108 234 1
174 233 3
79 133 1
13 168 1
198 262 1
33 223 2
48 254 1
196 262 2
113 205 1
117 161 1
25 152 1
197 205 2
87 223 1
186 247 1
117 140 1
51 232 1
28 143 1
47 149 1
51 170 4
25 151 1
100 123 1
132 153 2
146 195 1
42 70 1
83 107 1
71 91 3
244 261 2
56 90 1
130 170 2
79 217 1
80 164 1
124 140 2
137 248 1
229 252 1
29 161 1
170 178 1
189 237 1
161 250 1
11 244 1
148 225 1
17 72 1
79 190 2
74 127 2
77 95 1
39 74 1
93 129 1
219 229 1
54 229 1
67 90 1
81 143 1
129 242 1
49 228 1
52 91 1
137 197 2
90 228 2
36 163 1
145 238 6
49 238 1
124 131 1
170 216 3
88 235 3
17 25 3
33 56 3
39 65 2
97 145 1
58 138 2
92 135 2
4 185 1
137 160 4
11 233 1
76 140 2
16 236 1
137 190 1
50 168 2
107 258 3
45 146 1
69 183 2
10 65 1
97 123 2
87 160 3
92 230 1
243 247 1
146 190 1
13 63 1
42 220 2
170 197 4
82 145 1
39 227 1
25 67 1
133 163 1
88 145 1
74 213 2
76 88 3
76 113 1
14 62 2
164 220 1
144 177 1
10 130 3
28 101 1
74 134 1
62 197 1
96 132 1
79 210 1
40 163 1
14 130 1
8 142 1
193 262 1
37 163 1
194 236 2
159 247 1
28 262 2
170 198 4
24 261 1
134 164 2
124 124 5
190 231 2
145 247 2
116 249 3
129 263 1
168 235 1
4 112 1
190 234 1
51 236 1
145 232 1
195 211 1
142 188 1
37 80 1
112 224 1
41 169 1
83 142 1
55 195 1
52 158 1
181 195 1
54 255 1
55 97 1
79 220 1
71 141 1
75 212 1
72 225 2
37 233 1
37 231 1
61 130 1
25 125 3
33 255 2
90 194 1
92 163 3
12 40 1
48 202 1
92 146 1
203 234 1
68 260 1
76 194 1
73 170 1
70 82 2
47 132 1
45 145 1
102 162 1
14 68 1
53 164 1
223 234 1
134 249 1
164 243 2
30 87 1
46 242 1
144 227 1
147 147 1
9 230 1
38 102 1
72 205 1
40 255 1
61 161 2
24 94 1
95 142 2
144 223 1
95 96 1
150 261 5
55 188 1
148 217 1
114 188 1
236 259 1
190 246 1
67 88 2
212 233 1
155 186 2
3 138 1
167 167 1
28 114 1
173 238 1
133 164 1
79 196 1
62 189 2
42 241 1
92 148 1
43 106 1
167 263 1
95 148 1
205 218 1
36 113 1
92 145 1
148 169 1
51 233 2
13 49 2
32 263 1
41 215 1
75 194 1
36 239 1
61 236 1
132 212 1
167 182 2
55 236 2
215 261 1
61 158 1
127 193 1
205 215 1
106 229 1
188 229 2
43 83 1
69 151 1
160 186 1
127 229 2
168 237 1
43 235 1
36 66 1
75 198 1
36 146 1
37 65 1
89 257 1
89 163 1
186 196 1
26 231 1
188 246 1
100 202 1
100 248 1
10 127 1
14 79 2
43 80 2
237 250 1
152 167 1
60 132 1
68 129 1
67 186 2
198 198 1
80 224 1
100 190 1
41 160 1
32 41 1
74 189 1
75 226 1
71 87 3
113 177 1
80 196 1
112 143 2
56 100 2
124 209 4
43 149 1
37 114 1
81 189 1
94 235 1
132 250 1
116 261 1
3 90 1
125 241 1
100 228 2
164 247 1
100 102 1
216 262 1
38 75 1
228 257 1
114 247 1
50 220 1
26 239 1
70 97 1
41 129 1
72 244 1
26 165 2
36 255 1
68 157 2
49 158 2
163 190 2
200 200 2
37 242 1
125 228 1
106 189 1
100 240 1
48 208 1
164 225 2
162 220 2
86 189 1
17 182 1
188 238 1
93 116 2
89 262 1
37 249 2
25 257 1
84 132 1
130 141 1
164 180 1
217 255 2
232 258 1
7 231 6
52 189 1
173 231 1
142 225 1
231 258 6
76 134 1
137 222 2
216 239 1
7 49 1
52 67 1
140 157 2
114 243 1
12 143 2
4 12 1
123 165 2
34 132 2
90 177 1
25 232 4
89 234 3
140 227 1
68 248 1
134 234 2
162 258 6
127 146 1
130 219 2
24 134 1
12 225 2
195 220 1
151 215 1
39 72 1
87 129 1
22 107 2
33 209 1
131 137 2
26 89 1
152 229 1
85 163 1
257 257 1
11 11 1
87 121 1
152 231 1
134 229 1
226 249 1
41 205 1
178 237 1
137 173 1
140 204 1
55 232 1
51 81 1
26 106 1
106 261 1
88 217 1
217 232 2
100 157 1
4 235 1
82 148 1
61 169 2
125 227 1
164 196 1
177 177 1
74 125 4
82 146 1
183 233 1
168 220 1
68 217 1
178 211 1
150 230 3
17 225 1
157 256 1
95 210 1
168 259 1
162 257 1
122 141 1
130 210 1
83 236 1
51 162 3
28 261 2
71 76 1
41 114 2
56 237 2
216 231 2
145 159 8
25 43 4
17 257 1
24 25 1
141 147 1
61 234 1
65 157 1
170 220 1
82 188 1
47 238 1
228 231 1
81 107 1
106 246 1
166 179 1
217 231 2
22 140 3
140 254 1
26 233 1
148 152 1
61 144 1
73 140 1
72 148 1
107 235 2
7 41 2
32 242 1
67 113 1
68 182 1
28 218 1
42 249 2
11 125 1
117 209 2
22 74 1
93 209 1
39 181 3
130 134 1
26 66 1
32 42 1
5 5 1
175 237 1
106 161 1
11 142 1
170 213 1
70 158 1
6 138 1
149 181 3
55 227 1
108 233 1
36 70 1
186 205 1
173 173 1
87 200 1
197 219 1
136 246 3
42 93 1
41 179 1
121 260 1
196 236 1
62 62 1
137 202 3
259 262 1
130 143 1
106 108 1
216 233 1
161 178 1
72 170 2
24 226 1
141 175 1
1 140 1
237 247 1
92 164 2
100 254 1
160 170 2
133 149 1
28 216 1
69 148 1
11 79 1
36 140 1
20 68 1
196 218 1
127 166 1
67 237 1
19 95 1
208 223 1
82 143 1
137 240 1
174 213 3
159 212 1
37 217 1
18 141 1
51 88 1
14 29 1
140 260 4
23 138 1
14 35 1
33 80 1
193 244 1
93 152 1
93 125 1
160 197 1
17 160 1
113 219 1
107 195 1
159 250 5
230 235 1
21 45 5
37 210 2
134 186 1
15 101 1
79 85 2
17 229 1
53 223 1
42 261 3
91 239 1
25 123 1
74 203 1
108 231 1
164 210 1
107 150 1
94 236 1
70 90 1
33 69 1
162 197 1
209 257 1
42 144 1
137 210 6
29 236 1
34 68 1
50 195 1
125 216 1
14 229 1
12 138 1
209 256 2
28 151 1
129 216 1
230 250 1
61 116 1
37 55 1
56 93 1
100 168 2
119 238 1
52 146 1
88 106 1
41 96 1
54 246 1
55 234 1
195 230 1
36 87 1
85 188 1
108 128 1
159 208 1
26 54 1
62 249 1
76 182 1
39 137 3
40 166 1
76 233 2
218 218 2
134 263 1
50 196 1
163 197 1
43 180 1
229 235 1
80 114 1
56 79 2
238 242 3
71 151 1
189 230 1
83 90 4
17 235 1
35 261 1
70 188 1
132 251 1
35 193 1
80 217 1
79 95 3
14 189 1
15 237 1
97 129 1
235 239 1
1 263 1
161 208 2
25 102 1
144 198 1
161 194 2
135 170 1
138 180 1
144 188 3
36 142 1
191 231 13
49 233 3
93 211 1
127 162 1
107 193 1
179 231 1
125 196 1
160 216 1
51 212 2
69 262 1
65 195 1
33 134 1
40 133 1
79 241 1
17 112 1
75 80 2
161 254 1
3 212 3
157 160 1
160 160 1
42 169 3
124 261 1
113 139 1
16 162 1
3 166 1
114 171 1
26 143 1
128 164 1
200 261 1
209 216 1
7 261 1
17 195 1
42 55 1
125 213 1
35 75 1
62 226 1
48 134 1
35 87 2
158 216 1
20 90 1
89 246 1
93 261 1
65 67 1
74 223 1
87 215 1
24 209 1
89 142 1
22 233 3
76 159 1
76 130 2
132 221 1
5 132 1
43 49 1
71 161 1
165 210 1
70 260 1
106 233 1
140 252 1
33 72 1
74 144 1
17 209 1
43 126 1
208 228 1
152 226 4
78 141 1
124 170 3
136 254 2
140 195 1
42 167 2
51 74 1
159 237 1
228 232 4
123 155 2
123 231 1
95 263 1
132 172 1
33 224 1
148 192 1
78 146 1
169 225 1
95 218 1
11 246 1
25 133 2
217 217 1
173 237 1
78 166 1
78 78 1
51 229 1
7 202 1
118 229 1
61 232 1
37 142 1
112 263 1
42 258 1
78 249 1
42 49 3
53 101 1
63 130 1
36 261 1
83 113 1
32 213 1
96 135 1
122 230 1
48 123 2
165 261 1
55 90 1
88 197 1
132 136 1
181 262 1
211 226 2
26 232 1
13 226 1
79 180 1
56 186 1
106 249 1
136 243 2
119 159 1
85 123 1
52 100 1
38 130 1
33 189 1
67 67 3
202 215 1
25 208 1
142 173 1
92 161 1
230 257 2
180 230 1
92 168 1
197 216 1
65 93 1
121 148 1
74 181 1
92 237 1
56 215 1
24 169 1
3 186 1
114 129 1
75 240 1
197 246 1
20 166 1
159 254 1
209 260 1
48 73 1
90 108 1
26 149 2
131 164 1
86 165 1
20 131 1
213 226 1
16 135 1
7 157 2
56 72 1
113 254 5
88 258 8
75 197 2
226 232 5
21 165 2
33 85 1
89 177 1
72 232 2
241 260 3
116 232 1
90 123 1
244 248 2
85 162 1
114 250 1
74 97 1
67 183 1
26 243 2
122 143 1
76 91 2
78 235 2
51 148 1
77 81 1
87 150 1
170 185 1
130 131 2
49 222 1
87 117 2
155 230 1
129 197 1
14 165 2
45 216 10
136 250 1
134 196 1
90 196 1
91 226 2
133 170 1
203 242 2
48 150 2
10 28 1
62 89 3
209 240 1
61 254 1
88 117 7
213 235 1
81 169 1
150 234 1
131 209 5
75 257 1
146 167 1
48 63 14
126 182 1
69 119 1
72 116 1
65 205 2
86 232 13
155 219 7
95 125 2
25 213 1
14 151 3
130 200 1
82 261 1
10 139 1
148 174 1
234 250 1
69 83 5
125 169 1
112 210 1
146 188 1
137 177 1
41 91 1
48 91 1
39 216 1
77 107 2
90 247 1
136 232 1
29 91 1
81 117 1
219 234 1
209 235 2
86 234 3
205 216 1
74 174 1
75 259 2
89 210 2
4 47 1
47 94 2
43 165 1
89 209 2
38 163 1
36 102 1
90 182 1
16 28 1
147 230 1
92 98 1
24 130 3
89 218 1
139 218 1
123 141 1
51 208 1
183 247 1
81 90 1
235 249 3
45 76 1
60 144 1
227 256 1
13 15 6
107 218 10
136 213 1
209 248 1
21 80 3
147 231 8
91 116 1
22 80 4
149 233 4
147 233 1
37 205 1
38 231 1
91 197 1
91 137 2
155 261 3
107 190 3
10 131 1
100 205 4
151 191 1
39 248 2
207 231 1
87 119 2
91 261 1
32 161 1
72 222 2
18 162 2
130 260 1
10 80 1
87 89 4
92 177 3
133 251 1
170 210 3
22 25 1
55 239 1
89 158 1
232 244 1
98 145 1
82 197 1
73 226 3
185 238 1
72 91 1
71 177 1
77 222 1
157 193 1
181 247 1
35 119 1
18 69 1
35 39 3
108 196 1
197 212 1
10 254 1
119 230 1
17 193 3
188 192 1
50 197 1
17 39 1
93 216 1
91 162 2
180 197 1
157 216 1
95 143 2
55 261 2
75 208 2
136 208 2
20 171 3
35 123 2
65 168 2
63 72 2
14 108 2
94 234 10
120 158 2
69 88 6
74 226 4
62 150 2
61 213 2
168 182 5
65 210 4
83 247 2
37 228 2
167 232 3
49 232 2
136 233 2
92 234 3
41 76 2
17 37 2
70 74 2
68 167 8
155 216 2
77 237 2
17 177 2
161 174 2
37 164 3
133 165 5
163 171 7
41 224 3
142 153 2
142 227 2
126 141 2
89 90 2
16 244 2
168 209 6
72 77 2
136 140 2
186 248 2
28 224 2
93 168 2
87 167 4
24 72 2
21 40 2
61 91 2
92 225 2
173 186 8
126 226 2
95 219 2
168 202 2
123 124 2
42 145 4
42 182 2
68 212 4
43 94 2
41 197 2
32 169 2
18 76 2
49 197 2
35 79 2
101 135 2
74 250 12
117 197 2
92 236 3
119 143 2
70 80 2
65 76 2
91 225 4
72 143 2
45 119 2
22 141 2
75 82 2
78 242 2
45 69 3
140 155 2
50 215 2
95 137 2
65 72 2
49 85 2
25 225 2
72 89 2
205 231 2
89 227 4
7 247 3
252 257 2
28 180 4
177 197 2
216 260 3
216 258 3
21 91 3
62 233 2
107 213 2
92 92 2
82 131 2
66 76 2
143 242 2
117 123 2
63 98 2
89 123 2
91 257 2
37 201 2
76 106 3
158 235 2
131 170 3
159 234 5
22 231 2
165 249 2
16 92 4
67 89 4
25 53 4
36 145 2
193 215 2
89 226 3
67 137 2
167 252 2
91 227 2
68 208 2
86 93 2
89 92 3
15 252 2
139 205 2
218 219 2
134 247 5
76 92 2
47 182 2
143 165 2
86 224 2
33 167 2
61 205 3
42 185 2
106 225 2
194 231 2
71 233 2
58 236 2
10 60 2
92 174 2
152 213 2
26 72 2
216 252 2
94 107 2
49 56 3
29 107 2
145 208 2
21 176 2
100 171 2
107 182 2
35 195 3
151 242 2
14 210 2
135 145 3
4 242 2
42 61 3
52 188 2
22 161 2
18 20 2
71 209 2
35 85 2
120 125 2
210 223 2
119 197 3
81 194 2
92 137 4
72 90 2
35 101 2
87 173 4
75 97 2
10 82 2
122 142 3
45 167 2
39 92 2
68 210 3
197 261 2
76 97 3
26 225 2
76 198 2
76 161 2
22 35 2
205 209 4
219 231 2
205 237 2
15 231 2
35 77 2
71 75 2
11 262 2
17 146 4
45 147 3
89 225 3
51 121 2
69 134 2
35 156 2
85 137 3
163 254 4
87 133 2
79 150 2
49 167 2
33 51 3
37 168 2
69 220 3
130 231 8
74 80 2
76 258 2
76 225 3
210 238 2
90 218 2
25 198 2
88 222 2
170 191 2
228 237 3
124 129 2
35 97 2
71 228 2
191 191 2
116 125 2
126 126 2
11 80 2
81 89 2
21 144 2
87 219 2
20 231 2
81 231 2
116 159 3
174 205 2
65 89 2
101 234 4
45 190 4
32 63 2
4 130 2
126 148 2
139 163 2
31 97 2
117 224 2
123 225 2
140 222 2
56 262 2
72 228 2
136 155 2
135 185 2
167 235 2
68 188 2
119 226 2
68 94 2
143 210 2
17 116 2
74 252 2
161 169 2
74 89 2
167 248 2
136 164 2
37 68 2
91 220 2
35 130 2
21 148 3
218 225 2
92 119 2
61 191 2
213 242 2
126 220 2
220 254 2
89 235 2
35 246 5
162 248 2
7 56 4
129 261 3
50 177 2
177 210 2
195 238 2
130 180 2
76 197 3
95 193 3
129 243 2
113 147 2
165 258 2
16 213 2
51 61 2
200 243 2
37 46 2
121 263 2
21 237 2
26 144 2
185 230 2
141 214 1
51 237 2
51 129 1
155 231 2
25 223 1
102 209 1
168 231 1
25 149 1
37 100 1
61 216 2
42 255 1
240 244 1
75 124 1
134 203 2
65 74 3
220 243 1
88 212 1
88 165 1
35 65 2
39 203 1
69 82 1
40 61 1
222 233 1
136 241 1
219 250 1
26 91 1
25 116 2
213 252 1
62 91 2
77 170 1
126 232 1
125 208 1
70 83 1
49 216 1
133 227 1
61 220 1
74 196 1
65 85 1
87 165 1
20 134 1
129 182 2
107 259 1
18 248 1
18 65 1
137 235 1
32 79 1
35 222 2
21 97 2
35 217 1
91 134 1
14 106 1
3 226 4
256 258 1
90 197 3
35 237 1
87 182 1
41 214 1
21 26 1
135 263 1
182 254 1
17 42 1
74 177 1
20 51 1
72 161 1
35 113 1
101 239 4
33 260 1
91 170 1
56 125 2
101 231 1
210 234 1
15 239 1
162 205 1
170 218 1
117 218 1
158 188 1
121 258 1
98 131 1
76 228 1
57 78 1
60 162 1
74 197 3
18 18 1
101 134 1
90 95 1
222 234 1
208 230 1
68 109 1
64 135 1
19 42 1
78 148 2
155 233 1
11 181 1
22 61 1
19 113 1
51 231 2
3 107 1
87 205 1
51 182 1
25 71 1
22 150 1
41 183 1
76 205 1
63 196 1
49 203 1
89 250 1
89 106 1
91 161 1
91 140 2
205 219 1
81 82 1
49 208 1
136 224 1
71 97 2
119 252 1
167 185 1
50 250 1
86 193 1
145 188 1
85 223 3
89 166 1
18 137 2
79 119 1
75 81 1
39 42 1
78 254 1
91 228 1
42 232 2
17 26 1
23 25 1
117 226 2
79 171 1
10 257 1
224 241 1
72 249 1
177 256 1
124 165 1
18 209 2
45 77 1
72 134 1
25 185 1
136 215 1
41 191 1
39 209 1
14 228 2
95 157 1
65 131 1
26 157 2
33 117 1
55 226 1
29 162 1
33 41 1
37 72 1
45 81 1
76 117 1
168 216 1
13 101 1
41 136 1
188 191 1
62 222 1
97 232 1
86 95 2
63 77 1
51 151 1
26 155 1
144 160 2
69 76 1
171 171 1
171 192 1
14 26 2
73 186 1
197 241 2
91 233 1
71 107 1
102 164 2
16 61 1
39 234 1
137 149 1
254 259 1
258 261 2
48 242 1
192 262 1
64 236 1
89 179 2
4 128 1
39 229 1
50 89 1
39 101 1
22 26 1
76 148 1
77 226 1
155 163 1
17 230 3
140 185 1
35 242 1
223 235 1
47 220 1
29 50 1
96 140 1
113 215 1
233 248 1
200 208 1
31 100 1
205 226 1
170 177 1
95 216 1
38 142 1
219 242 1
165 180 1
51 213 1
19 191 1
61 151 1
165 232 1
101 130 1
131 162 1
29 88 3
167 197 1
225 227 1
107 171 1
125 247 1
17 40 1
74 202 1
38 49 1
22 181 1
155 162 2
71 215 1
197 218 1
102 123 1
75 200 1
81 197 3
63 234 1
62 261 1
235 261 1
45 258 1
78 90 1
86 140 1
35 131 1
139 175 1
45 95 2
113 127 1
107 139 2
55 114 1
82 130 2
95 100 1
167 174 1
108 162 1
37 166 1
147 168 1
5 107 1
43 85 1
51 113 3
169 234 1
52 81 1
225 260 1
97 250 1
28 141 1
143 178 1
196 209 1
165 201 1
35 244 1
88 121 1
28 232 1
61 235 1
21 234 1
94 186 2
191 213 1
81 243 1
144 175 1
31 159 1
45 91 2
61 152 1
126 136 1
85 209 1
141 205 1
170 227 2
209 241 2
107 219 1
117 164 1
135 178 1
55 162 1
220 231 1
39 62 2
137 228 1
123 137 1
87 210 2
71 155 1
75 188 1
3 76 1
37 56 1
155 165 1
32 133 1
213 261 1
37 243 1
51 248 1
69 182 1
116 149 1
18 224 2
235 244 1
61 228 1
185 213 1
231 241 1
133 137 1
232 254 1
197 228 1
68 117 2
19 101 1
42 222 1
129 145 2
55 141 1
13 247 1
191 261 1
136 171 1
13 92 1
75 178 1
41 55 2
148 213 1
167 240 1
159 261 1
28 76 1
123 154 1
205 232 1
86 124 1
72 224 1
159 185 1
174 231 1
147 244 1
72 197 1
38 234 1
39 85 2
48 108 1
17 18 1
123 238 1
163 182 1
71 100 1
15 16 1
195 225 2
53 213 1
100 213 1
171 215 1
165 230 1
137 250 1
55 116 1
200 220 1
39 76 1
238 240 1
213 244 1
69 140 1
62 162 1
165 209 1
70 218 1
149 210 1
217 225 1
169 261 1
202 230 1
51 139 1
16 88 1
77 188 1
22 133 1
91 150 1
229 240 1
87 213 2
136 198 1
74 169 1
178 239 1
168 217 1
72 98 1
169 195 1
83 216 1
91 107 2
86 255 1
182 197 1
57 95 1
186 188 1
38 76 1
85 140 2
74 82 1
88 150 1
77 140 1
50 133 1
17 166 1
54 244 1
51 146 1
107 117 1
137 159 1
182 256 1
25 219 1
141 220 1
47 78 1
89 244 1
181 191 1
197 203 1
114 152 1
161 213 1
125 165 1
19 125 3
88 196 1
41 70 1
79 173 1
63 232 1
74 81 1
62 90 2
141 183 1
89 108 1
49 213 1
61 148 1
29 210 1
42 193 1
33 157 1
70 216 1
51 100 1
20 145 1
113 168 1
76 218 1
155 170 1
67 107 1
121 141 1
89 136 1
116 226 1
14 55 1
102 235 1
72 191 1
95 175 1
185 244 1
89 249 1
79 130 1
83 143 1
72 112 2
95 160 1
136 259 1
51 259 1
188 230 1
71 72 1
39 143 1
80 233 1
117 229 1
107 194 1
167 194 1
196 203 1
155 236 1
178 231 1
86 233 1
14 223 1
137 203 1
142 213 1
107 135 1
16 70 1
21 231 2
233 250 1
127 220 1
51 226 2
37 226 1
26 76 1
63 170 1
117 162 1
126 231 1
123 201 1
61 141 1
51 250 1
55 170 1
197 250 1
41 78 1
153 200 1
68 131 2
123 222 1
3 250 1
218 261 1
109 236 1
205 208 1
227 249 1
149 177 1
126 145 1
96 254 1
24 139 1
164 227 1
17 159 1
72 108 1
65 165 1
249 257 1
89 222 1
127 254 1
107 217 1
164 169 1
36 238 1
169 175 1
62 210 1
39 142 1
121 191 1
159 170 1
72 177 1
95 238 1
61 219 1
108 216 1
79 136 1
137 254 1
21 233 1
26 129 1
75 250 1
39 163 1
169 254 1
15 137 1
87 228 1
129 208 1
53 129 1
75 222 1
28 205 1
45 254 1
225 230 1
136 209 1
129 259 1
72 255 1
56 135 1
179 198 1
98 231 1
11 227 1
168 232 1
159 174 1
159 169 1
67 233 1
33 235 1
37 222 1
31 94 1
55 233 1
45 168 1
65 177 1
194 213 1
92 95 1
35 181 1
41 248 1
101 143 1
