41 263 87
50 239 233
13 79 194
107 170 1129
25 61 8
164 230 898
161 229 767
162 238 281
170 231 267
234 249 816
138 189 36
80 186 30
138 236 182
138 140 138
48 249 523
113 142 227
137 138 55
32 47 1
107 229 527
107 233 472
48 142 1230
68 170 595
141 262 567
238 262 153
157 260 4
132 142 162
230 232 49
68 189 16
68 246 619
229 233 456
100 186 322
144 230 274
239 239 600
107 239 164
163 238 344
48 132 276
140 162 386
186 263 257
236 238 825
132 232 46
68 186 628
186 230 1580
43 230 287
48 230 1077
45 186 33
107 230 509
132 224 67
100 100 100
186 262 173
90 230 514
79 186 769
68 90 566
112 162 44
98 138 6
129 226 14
162 263 539
141 229 981
132 238 165
162 162 343
161 226 52
162 229 647
132 134 66
13 13 67
13 144 100
26 132 17
137 186 407
28 132 215
235 263 6
163 186 622
230 233 451
142 143 686
48 143 645
132 261 59
87 158 96
132 189 79
163 236 652
41 236 126
236 237 2908
230 244 51
132 236 142
132 219 191
132 132 473
151 238 548
48 50 564
116 143 13
237 262 616
230 236 674
142 238 1407
79 107 1262
100 161 584
48 163 740
48 100 566
48 144 126
186 239 252
75 236 468
87 138 74
107 132 141
170 229 778
141 263 1340
236 263 895
138 162 193
41 138 83
138 180 2
100 170 625
162 186 762
107 186 843
137 262 84
48 246 767
163 237 676
90 234 468
100 234 362
114 163 117
151 166 263
141 239 447
142 151 462
142 262 426
239 249 188
164 186 353
132 137 69
237 263 829
132 181 203
48 107 343
164 246 279
107 158 190
132 249 103
186 249 627
162 163 603
151 239 698
142 229 637
79 138 100
137 229 491
79 80 54
229 262 377
43 262 99
74 263 235
132 216 125
138 238 150
48 263 233
263 263 384
43 263 145
90 132 102
137 162 475
138 231 83
107 107 361
229 236 607
68 141 178
132 171 19
132 255 198
112 138 86
35 35 4
142 244 88
127 262 4
158 249 393
113 186 402
68 164 384
162 230 948
163 233 192
45 80 3
25 25 16
97 106 4
68 262 89
114 230 319
163 239 560
161 186 935
161 230 1115
125 161 62
36 211 6
68 151 70
239 244 73
142 163 839
138 255 76
97 244 2
162 211 130
230 234 759
87 230 164
141 237 1195
132 141 170
48 158 318
79 234 872
114 148 330
144 249 373
114 227 3
68 161 534
48 237 499
237 237 1197
186 229 452
140 226 19
17 132 109
141 158 62
158 163 136
79 161 620
74 107 35
107 249 641
79 163 200
68 234 716
79 233 457
79 144 516
163 229 538
170 230 965
79 113 722
79 79 743
61 132 159
107 164 422
238 239 1315
162 232 50
144 161 219
161 232 58
48 233 252
140 229 570
161 237 1081
132 218 81
74 132 43
132 163 165
140 263 661
138 225 29
151 230 175
166 238 319
16 162 2
220 236 7
161 163 693
100 162 411
45 144 54
144 233 71
138 141 167
90 170 471
97 186 22
88 186 42
114 261 68
170 236 417
138 148 49
144 162 167
162 237 1059
107 140 186
142 237 1418
143 239 776
68 211 168
132 246 66
114 162 242
142 186 377
79 142 198
4 79 313
132 144 75
114 170 348
179 226 7
158 164 144
137 161 345
48 238 605
100 229 271
75 142 172
65 261 8
79 170 1014
226 234 24
40 132 69
113 170 437
163 164 420
141 161 822
163 226 38
114 186 356
90 143 104
143 163 402
113 164 311
4 211 39
75 132 84
249 256 46
179 255 2
129 132 109
68 230 863
138 232 30
138 209 34
10 61 1
186 238 152
113 148 246
140 239 199
142 142 474
186 236 463
163 231 148
148 234 250
45 234 29
50 230 390
43 142 439
141 142 786
238 243 64
90 239 146
87 132 130
79 148 877
13 148 65
224 224 15
132 239 157
90 249 783
79 125 158
143 230 450
48 55 2
170 211 135
211 211 54
143 229 96
161 236 1072
148 232 124
164 233 354
113 234 530
231 234 387
144 164 171
161 164 764
48 161 949
163 230 902
50 163 238
90 144 158
63 138 3
48 79 365
132 256 122
137 233 345
79 162 807
148 162 194
74 75 283
161 233 471
114 137 142
68 249 845
164 229 364
25 132 105
132 139 31
75 238 228
79 232 242
79 116 18
132 230 323
79 231 483
186 237 453
114 132 61
113 114 343
113 249 461
90 161 387
48 164 630
48 234 563
13 48 164
232 232 30
13 114 122
236 262 724
100 230 871
48 186 1038
148 186 249
17 148 25
145 233 19
79 132 198
4 132 45
75 140 114
68 113 372
132 231 107
236 249 184
161 262 394
230 256 49
140 262 519
142 236 1493
92 138 35
107 138 132
48 239 886
43 236 400
74 162 70
75 229 96
141 143 147
50 143 199
186 233 420
142 161 869
141 236 1151
54 186 10
144 231 288
138 143 76
79 114 783
75 75 159
138 145 87
230 238 454
79 237 229
50 132 66
89 186 15
132 262 139
95 132 136
132 229 133
229 263 634
7 229 49
75 263 460
239 262 273
48 87 110
43 238 254
48 90 548
100 164 300
140 144 35
137 141 293
140 140 240
166 239 303
162 164 507
161 162 607
170 186 1227
142 164 272
161 239 554
107 263 234
144 234 253
13 246 133
100 132 118
48 48 723
162 226 28
25 233 6
45 65 16
33 79 85
66 79 28
138 144 33
244 263 17
164 170 663
24 238 200
74 142 85
100 144 95
7 132 136
144 186 228
144 229 77
164 263 175
230 249 546
87 186 149
140 236 521
158 161 224
132 263 124
234 262 123
13 132 83
262 263 492
43 163 169
158 261 43
45 50 6
237 249 232
42 186 40
230 237 702
68 137 164
141 238 226
236 236 1111
246 263 78
13 113 104
232 249 85
148 233 104
186 211 172
87 234 174
41 132 61
41 42 178
148 211 239
162 249 484
79 249 1081
107 224 163
138 164 168
48 68 1405
140 170 279
151 263 125
138 223 131
132 162 177
95 263 6
114 233 94
148 230 203
144 148 262
4 186 80
68 232 42
232 262 9
141 170 632
68 260 4
141 141 613
211 230 160
230 239 711
138 237 133
163 170 486
107 148 416
68 231 306
68 162 417
125 261 40
79 263 246
43 237 413
132 140 105
41 48 115
164 234 533
88 164 33
158 246 212
100 137 182
79 229 476
100 163 405
143 144 15
138 262 135
1 132 13
138 170 193
161 161 501
79 145 48
79 236 232
143 170 132
164 166 21
231 237 142
143 237 248
92 132 68
90 164 321
181 246 35
163 262 195
170 249 547
113 141 149
233 234 257
79 137 791
90 209 30
68 209 41
75 138 64
229 230 717
90 140 69
162 262 352
138 230 349
100 141 202
211 263 36
229 238 134
141 233 528
140 233 209
41 238 173
41 41 132
41 126 2
75 161 166
97 100 10
7 193 21
144 263 34
142 239 2004
238 238 337
114 249 482
132 170 233
87 148 175
33 61 4
161 179 52
223 237 30
113 113 116
230 262 260
90 113 362
148 237 59
45 231 86
90 238 103
75 90 31
68 68 511
112 132 141
249 261 96
13 211 99
138 249 64
90 255 13
113 144 255
144 211 168
148 161 204
56 141 5
107 234 598
97 132 80
113 236 185
146 161 47
79 140 194
233 238 63
237 239 777
87 90 64
230 230 503
50 186 353
68 79 496
130 230 11
50 100 195
138 243 47
116 148 5
50 263 46
26 161 2
186 231 341
93 132 420
79 261 102
231 233 62
24 48 88
161 170 957
211 234 221
79 141 342
132 257 38
138 161 166
137 263 163
112 170 41
65 71 1
113 224 83
100 224 40
211 237 109
143 161 311
79 112 51
161 211 163
7 146 51
67 162 4
141 162 835
138 239 155
132 179 57
4 48 33
141 230 583
138 263 149
24 114 18
246 246 202
65 186 31
79 181 97
229 239 261
24 132 36
75 237 303
90 90 153
137 249 177
49 132 117
13 162 133
162 239 385
137 185 1
161 244 37
68 158 414
163 246 253
148 225 20
65 125 10
166 166 113
114 234 447
48 262 163
55 55 1
151 211 11
74 159 7
79 164 536
50 68 347
95 229 18
48 137 133
48 151 223
138 217 25
224 229 55
170 170 441
48 125 59
1 186 1
107 237 376
141 144 66
79 87 315
140 198 2
68 114 312
107 209 47
39 61 3
158 186 282
132 143 87
233 263 286
79 88 76
50 151 65
25 107 21
186 234 788
41 43 56
151 262 58
7 138 111
186 246 502
113 143 59
162 170 948
65 65 10
70 138 56
142 230 1045
138 142 121
137 157 1
79 256 86
13 163 84
132 211 43
163 234 401
33 263 8
145 263 15
45 79 126
68 144 182
45 249 44
142 170 492
66 142 10
90 262 58
209 246 28
237 246 111
50 116 8
52 132 38
79 211 354
4 107 132
14 79 24
48 209 28
107 141 391
68 263 115
262 262 159
211 249 307
230 246 508
141 226 34
132 209 38
137 170 425
68 223 8
7 260 16
42 100 27
66 161 25
100 107 265
56 137 5
236 239 1155
72 138 6
209 231 111
114 114 119
162 233 358
13 231 421
229 237 960
164 164 178
151 162 89
239 263 465
48 236 446
48 181 39
48 75 90
234 261 87
45 161 28
48 170 657
114 231 375
24 237 47
186 232 73
151 234 60
142 263 530
107 211 209
40 79 28
68 148 197
90 163 230
7 234 47
107 142 270
74 239 99
143 166 78
70 230 5
209 209 11
4 158 25
113 162 302
140 237 646
68 229 213
68 238 199
114 161 280
125 164 62
170 237 557
17 79 27
61 163 4
79 230 532
112 229 24
148 148 131
129 179 4
90 137 153
41 75 107
138 181 103
68 163 365
90 224 76
107 161 668
66 107 25
79 158 288
43 162 153
43 239 309
125 144 106
43 50 41
100 238 115
138 203 4
100 148 87
43 164 81
161 249 572
138 188 24
133 181 3
132 260 53
121 138 15
107 137 479
107 162 889
132 228 35
107 232 78
4 249 115
41 249 21
151 186 71
24 42 16
90 231 289
48 69 3
43 43 147
48 61 7
61 162 13
24 263 24
68 93 7
68 142 414
141 186 414
158 162 169
56 132 88
13 230 163
97 234 25
144 144 86
116 244 53
100 138 84
107 151 42
79 246 226
13 87 189
231 232 74
229 234 361
41 116 41
166 244 60
142 166 237
170 262 210
100 125 46
90 257 6
90 158 320
164 244 19
42 244 15
50 142 336
161 234 842
140 143 93
132 160 31
68 125 133
48 168 8
100 249 215
125 231 207
186 256 51
14 132 56
42 239 52
138 196 15
137 148 160
62 138 26
230 231 335
74 116 24
65 230 42
48 224 48
142 162 687
145 170 73
113 140 58
90 186 496
230 261 136
67 211 1
144 261 88
113 158 225
137 164 280
170 234 1149
113 161 433
4 148 119
140 230 265
138 158 32
164 237 277
142 234 343
90 107 470
223 229 37
166 186 56
148 158 136
148 163 101
75 239 136
231 238 83
148 164 166
100 233 215
163 260 7
144 163 78
143 263 106
13 125 75
186 243 32
41 152 32
41 142 170
173 226 4
142 243 97
114 229 136
48 162 719
138 168 14
7 162 91
141 163 469
87 211 99
160 197 1
4 137 60
19 132 9
43 161 280
37 132 107
65 148 24
28 186 3
138 146 44
138 244 42
45 261 32
125 137 15
74 236 221
161 263 532
151 151 124
47 60 1
60 169 3
224 230 88
68 236 202
90 246 358
140 163 254
75 141 239
246 249 388
66 148 29
163 263 255
7 141 71
43 166 49
90 138 77
42 238 77
100 211 39
142 233 219
123 210 1
74 138 51
113 261 55
7 163 49
7 179 46
88 107 51
140 186 216
21 132 12
41 137 19
138 246 40
48 141 297
140 142 360
161 231 309
209 230 58
50 246 271
50 249 177
234 243 23
132 196 45
41 239 192
211 231 288
88 231 102
166 194 6
238 263 329
229 246 102
234 238 171
90 233 91
234 263 233
170 233 395
162 236 868
226 236 14
107 143 70
145 179 8
43 132 32
80 263 8
32 132 3
91 186 6
186 188 5
43 141 184
114 262 36
158 170 177
164 236 245
72 132 17
13 209 63
209 232 40
112 137 18
132 198 66
62 132 44
68 143 235
20 249 1
74 141 100
79 239 149
236 242 1
82 132 117
132 225 91
79 224 175
132 166 123
68 239 304
82 138 30
116 138 37
152 226 1
132 192 12
48 80 9
89 132 76
148 249 368
13 66 25
13 164 76
114 144 232
162 234 582
107 236 273
89 162 15
50 238 169
41 100 33
132 188 82
40 162 24
140 141 571
114 232 71
52 261 22
87 249 223
87 195 8
100 112 32
132 161 197
140 161 374
125 230 83
50 162 187
68 138 126
100 255 17
162 181 67
107 114 455
197 262 1
163 163 210
164 260 10
25 181 40
142 261 22
45 238 7
179 234 23
45 88 23
87 144 159
143 246 172
142 246 267
87 237 38
151 246 49
143 151 136
79 90 545
143 249 89
237 244 27
74 152 27
90 244 17
97 249 35
75 246 16
42 48 71
42 42 67
42 161 50
137 228 3
170 263 378
42 74 67
48 229 426
160 236 1
43 186 92
90 112 14
68 87 116
20 140 5
43 234 111
130 132 218
33 132 98
237 238 537
148 223 6
158 230 286
224 234 161
100 263 113
149 230 4
74 238 86
113 230 366
13 138 60
224 233 65
141 195 1
125 211 53
138 138 134
113 239 151
161 224 115
224 237 35
61 186 28
123 165 2
114 211 149
151 249 44
7 7 92
132 190 10
249 249 319
113 137 157
132 258 25
18 68 2
132 138 108
113 233 122
186 186 164
249 260 7
7 100 34
87 140 37
90 211 147
79 260 8
132 158 58
239 243 55
42 142 85
75 151 115
49 186 23
158 231 332
80 132 121
224 249 62
113 262 56
132 200 17
152 162 10
43 215 2
127 230 16
13 239 65
144 158 165
48 113 240
148 170 216
75 230 123
113 132 111
87 88 49
54 161 5
42 138 51
13 161 139
37 39 2
137 142 117
143 186 226
74 168 22
233 249 154
113 163 201
88 230 50
75 186 69
142 231 147
33 112 3
112 255 41
141 159 4
66 232 4
107 144 242
140 224 40
79 151 42
113 211 212
4 161 68
45 148 71
132 155 19
114 138 40
138 260 43
100 113 118
33 158 27
24 41 86
42 166 72
43 151 84
143 143 142
132 180 17
231 261 218
90 141 123
79 100 260
43 48 239
132 233 124
132 151 73
162 166 21
45 74 4
82 230 17
163 249 290
164 249 351
87 236 42
132 164 221
229 260 12
113 263 67
41 141 46
151 226 2
141 209 33
42 119 2
49 138 48
97 138 39
140 238 157
141 249 173
138 179 37
148 209 82
50 140 19
41 244 24
132 202 17
158 262 33
82 83 8
10 132 305
186 261 90
13 100 62
13 158 181
116 230 37
100 256 19
83 226 6
4 138 20
78 138 3
75 163 98
231 249 722
137 144 76
50 234 172
137 137 109
14 50 4
140 234 175
54 230 6
138 229 142
116 141 17
116 152 35
48 169 3
132 145 180
231 236 127
69 74 12
132 148 101
41 161 100
24 151 120
32 48 3
107 157 13
164 231 157
7 68 31
141 211 60
24 24 18
107 113 528
4 88 24
79 143 71
48 261 60
11 154 1
26 217 5
33 211 38
48 231 229
181 233 16
13 35 2
137 230 244
13 195 2
24 166 99
48 140 172
143 164 127
7 233 24
141 148 71
82 236 7
43 148 18
52 79 28
163 232 24
143 238 425
72 170 1
249 262 73
74 230 55
58 138 5
37 90 12
223 231 11
142 211 81
25 52 18
231 231 269
41 166 125
123 132 18
87 161 186
3 78 1
158 234 329
142 226 31
13 249 225
137 163 104
230 263 359
50 170 127
25 162 52
88 158 36
141 234 288
88 97 18
68 107 475
66 162 21
141 151 78
100 243 24
137 234 321
7 249 20
41 237 91
125 170 82
80 162 27
90 125 133
43 170 82
169 230 2
132 146 69
141 166 48
13 232 32
88 138 27
166 262 33
167 168 4
75 220 8
148 261 86
41 232 4
152 163 6
144 236 64
4 114 92
25 68 16
217 230 1
12 161 2
56 114 1
162 209 60
7 161 85
141 168 4
68 132 180
100 236 144
13 140 38
181 181 75
37 80 2
49 211 17
74 186 36
75 262 106
137 140 128
50 141 49
116 151 42
148 238 31
89 138 31
13 142 97
158 209 34
116 142 61
233 236 244
129 138 172
132 237 135
100 261 52
226 262 3
87 239 45
50 237 88
138 198 20
95 138 74
4 68 42
138 234 67
151 163 99
143 158 61
79 146 15
68 100 345
140 246 42
35 74 3
143 262 61
69 140 6
42 170 28
137 180 1
100 189 5
113 212 1
130 142 1
162 188 7
77 138 2
13 107 104
209 211 37
41 211 13
125 142 41
186 224 161
70 82 1
132 150 15
37 261 4
43 229 143
13 186 162
40 229 12
132 201 6
114 255 54
49 79 46
13 261 66
93 229 7
236 260 5
125 255 16
24 138 20
24 142 167
145 230 101
33 66 9
142 260 4
74 114 8
140 249 83
144 237 84
24 230 58
181 209 15
25 65 10
100 134 3
48 114 215
233 246 83
113 231 342
114 237 140
74 100 41
151 236 192
144 246 84
234 237 406
93 170 8
127 138 22
125 229 31
234 234 310
229 229 240
141 164 254
143 244 27
4 163 23
107 163 274
90 236 145
75 164 56
61 232 5
42 163 39
37 61 8
7 148 15
41 186 50
33 163 28
43 143 119
41 163 62
41 79 39
50 211 39
50 164 141
79 238 114
114 164 230
100 114 95
132 195 12
48 257 13
186 225 14
49 181 21
130 138 9
75 234 46
24 186 19
113 237 242
48 127 33
158 237 110
74 170 46
92 246 2
209 233 23
137 211 52
233 243 10
13 28 1
132 226 147
48 138 165
125 186 97
225 232 3
97 142 12
87 231 345
48 226 30
41 140 41
79 262 137
79 255 74
148 231 257
238 249 127
239 246 212
4 230 63
1 142 1
90 162 315
142 144 74
90 202 3
246 262 37
4 82 3
159 161 3
74 237 78
50 229 73
162 193 1
132 244 43
65 87 21
7 186 52
233 233 110
138 163 150
148 229 95
37 255 8
229 231 121
24 239 237
4 263 17
108 132 7
18 231 1
100 158 116
80 148 56
87 255 22
181 186 64
164 261 49
24 234 16
88 232 27
4 209 28
230 255 52
87 107 158
68 233 164
78 212 1
66 113 18
114 116 7
12 88 2
100 237 169
152 243 7
114 158 222
131 132 29
140 211 31
50 113 57
41 230 111
162 224 149
50 241 2
65 88 18
75 93 10
200 238 12
61 79 25
168 249 3
24 116 20
166 263 53
113 151 47
65 74 1
125 249 216
50 236 73
114 246 150
116 162 17
162 198 9
137 238 49
132 215 138
93 262 9
12 246 2
41 74 141
161 256 35
138 228 12
42 143 15
132 203 76
33 162 85
79 123 1
137 224 92
75 224 5
143 162 226
4 170 80
164 211 94
145 255 7
16 171 1
107 125 74
88 100 34
148 256 116
75 249 30
65 138 40
142 249 244
144 170 192
48 130 6
249 263 112
43 79 50
107 238 101
55 132 15
33 48 40
48 49 14
126 141 1
41 168 7
144 151 14
143 233 52
23 132 1
10 114 1
42 231 7
62 158 2
132 156 1
28 68 3
209 234 49
37 138 35
202 237 17
179 202 1
140 179 4
231 239 128
36 68 9
163 181 18
95 164 19
166 230 63
14 68 12
43 144 20
45 230 48
152 152 12
50 79 95
100 145 33
234 239 279
43 88 3
143 236 226
158 158 88
138 190 2
100 239 157
87 246 77
13 89 5
163 211 89
68 237 228
43 90 46
100 152 13
244 244 34
50 90 154
68 160 2
129 229 20
158 211 150
17 138 38
45 107 36
45 48 22
14 246 7
53 186 2
116 238 59
100 166 24
138 233 122
90 100 257
143 257 2
10 140 1
41 231 23
56 138 17
116 116 33
142 200 18
132 234 128
50 50 90
42 140 18
138 169 5
116 166 78
157 186 3
42 116 43
161 238 427
226 260 25
138 256 54
161 261 72
132 175 22
106 137 2
132 217 15
100 142 248
107 231 300
202 230 9
114 239 93
113 138 78
48 244 80
125 256 10
88 144 34
3 51 1
189 234 28
75 162 114
74 163 46
24 211 10
167 244 2
75 113 21
132 186 101
79 133 11
181 263 12
45 209 38
146 186 18
158 166 16
42 90 17
186 244 34
80 170 26
43 68 81
43 75 87
7 170 75
145 163 40
173 198 2
22 132 17
97 255 12
255 256 43
88 226 3
100 246 285
42 50 33
68 140 98
48 174 2
177 186 3
97 114 19
17 211 13
37 186 12
41 68 46
138 182 3
13 234 150
80 80 15
87 163 69
164 255 35
236 246 112
41 170 36
138 191 9
49 249 44
37 148 33
33 138 68
112 148 58
162 255 81
76 132 50
40 246 7
132 135 32
170 226 40
43 114 41
129 164 10
164 262 128
140 164 144
50 107 90
229 249 208
42 230 82
80 224 1
164 239 177
234 236 336
87 162 161
231 244 10
36 186 6
132 152 20
114 238 72
164 188 3
7 230 75
132 222 13
233 256 12
48 260 7
223 260 3
95 260 5
25 79 41
129 163 15
93 151 2
66 186 23
10 186 4
164 196 3
7 143 5
48 148 126
170 255 49
70 161 5
207 255 1
61 189 7
33 186 44
52 97 9
142 202 10
132 133 22
226 238 1
209 249 70
87 100 82
117 201 1
25 186 33
88 234 39
158 232 28
114 236 122
132 235 12
68 216 3
79 93 11
42 75 64
88 162 52
98 132 21
148 224 56
157 164 4
10 138 15
87 164 94
132 210 23
145 161 144
43 127 5
93 93 8
132 250 2
24 75 37
78 132 1
93 239 6
48 255 23
186 226 24
74 74 93
193 193 77
138 220 19
138 252 19
225 236 2
4 113 103
68 244 27
4 164 52
75 231 9
90 263 71
43 74 42
87 263 50
142 224 62
45 113 34
238 246 130
59 246 1
9 211 1
138 202 13
33 195 14
234 246 364
145 145 81
74 148 8
170 246 276
250 250 2
66 137 5
246 261 44
132 220 18
25 249 40
79 82 9
138 261 62
48 136 3
140 193 7
100 140 98
137 236 98
114 141 119
43 140 84
24 140 19
43 209 5
45 170 37
112 112 20
65 231 39
162 246 213
90 229 136
25 138 48
42 132 45
140 151 39
233 262 145
142 146 9
74 164 25
11 132 5
82 166 2
87 137 69
121 132 32
132 197 51
101 132 17
138 224 43
144 209 55
116 132 39
236 244 27
50 220 4
211 236 61
137 231 87
66 144 14
50 161 260
87 125 57
4 4 27
42 113 10
95 233 10
151 152 30
107 260 20
233 239 102
37 79 21
13 237 53
146 223 13
69 141 4
121 211 1
148 246 65
87 114 147
4 234 98
48 66 12
129 161 36
151 237 172
64 132 13
162 231 242
66 87 20
148 151 8
13 88 77
163 209 25
45 211 39
61 256 3
90 261 41
113 255 26
41 246 21
163 261 33
146 224 1
87 113 120
14 249 11
259 263 7
148 247 1
143 234 145
93 231 5
113 166 15
114 166 14
65 132 91
113 229 188
232 234 81
61 148 20
52 65 3
166 233 17
148 255 81
128 238 1
88 137 42
164 238 151
79 209 123
70 142 3
53 132 15
113 189 23
138 193 9
74 151 84
237 243 21
112 114 27
157 229 3
166 236 161
152 166 74
42 68 29
79 225 18
88 170 61
132 191 25
68 217 1
148 166 9
161 260 22
226 226 33
75 107 49
142 145 38
13 68 162
144 244 8
188 237 4
66 132 34
33 161 88
74 140 58
24 90 20
169 239 6
40 249 25
14 138 19
33 140 21
125 246 63
244 261 6
129 233 7
87 233 83
33 113 50
75 167 4
129 223 3
41 261 9
142 158 151
116 231 11
61 114 9
33 234 68
33 52 14
13 90 103
142 256 10
12 13 5
65 234 26
13 236 50
138 151 53
48 193 5
4 224 14
90 243 17
42 152 23
113 125 111
166 249 25
50 148 31
4 87 36
76 88 1
141 224 45
112 234 29
7 263 17
107 179 8
162 244 24
234 255 49
190 236 1
162 228 6
237 252 1
61 137 7
140 181 20
32 229 3
163 244 40
125 234 114
40 87 19
90 114 322
112 193 5
112 140 6
107 226 16
49 90 9
41 162 54
80 138 51
56 233 3
63 141 1
225 225 7
144 181 34
231 246 246
211 256 35
125 141 31
75 166 38
49 125 8
33 170 67
107 246 182
48 200 15
42 151 59
40 88 16
140 158 37
74 194 2
141 194 2
141 152 3
132 243 42
129 263 5
162 179 32
75 79 51
13 141 62
127 239 18
42 237 66
196 226 7
161 166 65
14 90 6
65 137 4
129 249 7
88 249 53
13 24 6
4 100 39
170 238 150
138 197 8
232 238 7
87 170 164
88 148 55
33 88 32
170 224 161
65 263 7
42 141 28
42 233 14
63 87 2
145 229 82
13 106 2
132 252 25
161 181 56
87 181 45
4 232 38
181 230 80
107 181 59
125 239 41
186 209 55
137 209 22
170 239 245
181 231 91
24 68 37
151 200 2
45 45 24
163 255 29
107 262 150
243 263 16
90 237 177
50 189 3
163 224 44
125 140 14
24 162 40
233 237 287
151 161 136
15 132 18
51 229 14
45 142 10
7 140 21
162 243 22
74 137 16
100 231 117
14 234 13
51 138 13
261 263 28
138 216 14
62 261 5
26 138 15
65 97 36
140 180 1
142 255 16
91 132 18
219 230 2
75 241 10
116 161 19
125 158 120
239 256 3
82 263 3
112 161 44
68 261 63
140 166 24
43 129 6
80 209 9
65 162 28
236 243 33
97 113 14
145 164 55
90 142 188
68 74 22
7 137 16
48 52 9
40 164 8
127 231 6
113 256 26
87 89 5
152 229 4
48 220 15
146 193 11
28 50 2
52 138 20
231 263 86
65 161 24
50 114 62
209 262 13
148 239 48
4 90 37
100 223 19
113 232 67
217 261 5
138 149 3
48 74 50
166 231 15
79 134 5
48 135 3
43 181 8
75 244 14
106 132 13
87 112 13
43 100 87
41 50 31
45 237 12
80 114 18
137 158 42
138 213 4
14 87 16
138 186 107
163 243 27
100 143 103
261 261 30
234 244 25
25 87 19
14 247 1
24 43 30
220 238 18
141 202 14
145 162 113
107 145 37
90 157 1
24 144 4
230 243 55
148 217 3
114 215 1
43 137 25
66 231 34
94 132 2
114 125 101
114 224 42
74 166 81
1 163 1
87 262 38
142 213 4
50 231 76
70 132 52
220 243 1
116 164 11
132 223 101
158 229 75
160 186 8
161 209 46
41 107 16
158 238 68
137 182 2
125 238 29
231 255 34
142 209 16
79 189 27
107 133 5
166 170 32
144 224 37
177 188 2
13 233 65
90 151 44
65 144 20
95 162 38
82 186 5
185 233 6
186 260 12
132 205 31
152 263 12
24 100 25
144 220 1
220 220 3
25 140 6
211 246 91
161 246 304
3 225 1
189 225 1
4 237 21
40 195 11
90 181 33
48 152 26
158 239 107
66 90 7
47 225 2
168 229 6
82 161 18
129 230 24
71 79 4
127 127 9
66 66 10
12 164 5
39 68 13
79 95 6
119 235 7
28 138 10
209 229 35
45 132 21
45 163 10
148 236 54
209 236 13
100 179 8
152 238 42
33 87 31
49 163 11
45 141 16
160 163 3
24 168 2
82 234 6
137 217 6
217 256 4
24 143 54
49 113 26
143 211 35
100 244 21
45 162 34
107 258 2
224 263 27
137 239 52
45 246 24
69 87 1
66 68 10
83 231 12
33 230 78
52 234 27
87 229 79
132 165 25
88 113 31
74 262 68
129 237 25
97 107 32
69 237 7
61 234 19
41 194 1
49 148 26
125 162 48
197 224 1
87 261 81
116 261 15
80 125 12
116 239 85
45 262 11
88 243 5
40 90 13
13 263 34
13 229 62
7 48 45
142 153 2
146 230 22
164 209 26
16 132 22
25 237 16
91 189 1
161 255 63
5 140 1
200 230 4
43 116 8
79 83 5
179 236 27
170 261 78
79 106 10
61 138 47
97 140 17
146 229 32
133 170 3
13 50 44
145 186 35
13 75 6
127 158 2
61 87 11
113 145 24
161 258 4
116 163 28
4 239 16
22 257 3
17 234 16
113 181 52
144 146 4
89 142 8
14 163 9
95 231 10
66 249 29
33 142 41
50 233 50
41 262 26
114 129 4
114 228 2
88 262 32
49 230 28
79 166 22
151 231 30
68 136 2
40 144 11
166 237 82
58 163 3
47 74 1
249 257 10
179 249 2
48 223 38
7 223 37
198 230 2
4 140 20
4 144 59
113 246 154
80 113 10
142 232 35
231 256 22
52 231 23
25 230 26
124 132 26
97 148 42
71 132 18
112 113 26
166 234 37
33 107 59
87 141 72
163 166 55
24 236 64
88 255 14
227 232 1
43 113 65
142 152 25
152 249 6
129 144 6
61 170 20
37 116 1
4 141 18
106 231 7
41 151 143
41 164 38
138 165 15
138 166 60
89 261 4
62 79 3
43 249 62
52 246 6
223 230 36
24 164 20
43 83 2
112 237 23
17 163 5
25 100 11
112 249 30
137 232 38
75 145 3
140 223 13
125 163 43
54 142 3
106 230 4
36 138 24
137 145 30
17 17 12
106 246 4
80 231 16
142 148 67
87 87 72
48 219 4
137 210 3
200 239 18
41 45 3
25 144 22
127 263 6
45 233 14
18 132 3
90 148 148
33 114 38
170 260 20
114 151 30
173 186 1
113 119 1
135 170 2
27 181 1
114 181 44
116 159 1
129 141 16
68 80 10
177 232 2
33 237 40
90 116 9
49 170 17
129 151 4
42 79 22
13 170 130
48 211 89
16 138 14
4 162 74
48 166 91
161 201 2
170 188 3
158 196 1
79 228 7
179 230 28
7 129 20
48 243 83
31 186 1
211 257 3
148 263 78
37 88 3
246 255 13
226 237 28
232 256 23
146 179 19
17 100 8
238 250 5
80 229 13
144 262 41
97 155 1
91 239 1
141 244 19
152 239 35
142 259 3
88 142 8
7 226 40
243 244 20
166 243 19
4 181 3
49 161 30
127 132 21
40 125 8
151 164 55
181 239 7
216 249 1
114 142 129
40 48 12
74 229 44
78 125 2
132 157 51
61 164 7
144 232 90
232 251 1
107 257 8
161 223 26
38 132 20
229 255 24
116 243 10
130 141 2
243 243 17
138 200 18
17 217 11
3 164 4
129 142 20
114 263 85
12 48 3
40 170 25
145 237 32
175 234 2
8 132 4
42 246 25
189 231 24
132 208 7
142 220 13
43 233 49
213 230 5
226 230 42
11 164 2
15 138 18
229 243 10
4 142 22
127 143 12
138 194 3
163 242 1
188 236 3
181 188 5
98 229 2
132 193 22
87 260 8
79 198 7
25 231 33
41 113 19
186 198 5
163 169 1
145 148 20
41 114 13
7 142 44
82 260 6
186 223 32
223 238 8
45 87 40
232 236 17
42 127 2
87 151 9
232 261 26
65 79 39
75 88 8
97 162 25
164 189 12
138 242 5
143 200 6
60 75 10
56 164 3
22 230 3
144 182 1
164 179 21
26 162 2
65 246 7
68 169 5
226 261 2
83 161 7
51 100 2
93 143 5
69 183 2
4 13 22
238 261 19
159 263 3
119 262 1
42 93 4
181 249 73
148 260 6
141 246 79
140 227 2
134 197 2
158 181 32
33 143 5
28 239 4
14 158 4
137 255 17
101 162 2
144 238 26
125 232 17
112 232 8
45 138 17
45 236 14
33 148 32
152 230 20
114 256 23
49 162 24
88 229 27
16 163 1
48 232 22
170 247 4
83 216 3
130 229 4
146 226 16
102 132 23
74 113 15
75 87 17
79 188 21
51 132 9
33 229 44
48 65 14
130 226 3
127 142 26
138 210 1
226 229 32
239 261 33
48 133 4
24 93 4
138 248 2
138 254 3
93 141 8
181 229 23
77 194 2
39 132 40
36 231 4
75 137 29
25 137 10
85 132 21
68 130 5
88 261 46
88 248 4
65 90 11
17 65 6
10 243 2
65 66 20
45 61 4
36 132 64
93 107 5
170 196 9
211 233 37
51 170 4
112 142 18
50 166 27
74 161 73
43 256 3
13 181 36
28 164 5
95 161 44
249 255 52
4 231 41
79 179 11
10 13 3
161 220 11
33 164 29
25 66 9
50 74 11
129 145 13
37 100 6
138 257 21
45 232 20
17 232 6
4 244 1
75 168 20
13 198 1
13 45 32
138 184 1
93 113 5
170 258 4
82 163 5
127 233 4
88 211 24
24 231 9
66 230 26
7 237 60
146 238 6
144 239 34
170 195 4
136 230 3
50 97 1
137 226 16
74 78 2
142 258 1
138 185 9
211 262 27
161 189 19
48 88 57
33 65 10
50 209 13
40 114 15
134 170 6
106 107 4
232 233 31
238 244 91
95 196 3
50 144 35
57 107 1
234 256 46
138 250 6
13 137 38
68 224 52
226 233 17
112 236 18
82 237 9
152 237 23
80 255 20
75 254 2
106 164 13
88 238 20
88 161 41
10 170 6
7 79 34
36 234 10
48 116 65
197 234 3
48 129 10
151 233 26
153 238 1
24 107 11
48 97 18
4 125 15
45 90 24
13 52 12
62 141 2
24 141 22
116 140 11
61 237 5
4 229 29
93 161 6
74 79 26
88 89 8
230 260 16
13 143 32
28 236 5
40 211 9
162 261 51
146 146 18
125 209 19
87 145 14
50 95 1
151 235 3
14 113 6
142 228 5
33 45 9
33 231 88
74 246 12
126 238 1
74 129 2
186 189 13
152 244 18
151 244 19
62 234 2
202 229 22
161 168 9
87 142 38
33 261 16
4 262 14
22 181 1
138 211 44
145 262 9
1 262 4
90 260 5
75 233 35
211 261 74
138 208 9
244 248 5
137 181 16
137 146 3
141 231 100
145 234 49
164 224 68
52 186 15
65 189 6
107 198 4
68 226 17
117 177 2
40 113 16
127 170 13
137 237 113
66 233 10
42 69 4
57 132 6
24 242 1
13 112 4
68 75 30
75 170 59
17 262 1
211 239 49
95 114 5
95 95 11
40 231 26
42 229 23
150 230 2
132 173 8
113 238 86
177 249 2
45 164 30
100 232 27
80 161 15
88 209 25
67 138 2
181 234 73
68 88 43
49 65 11
87 232 57
45 100 10
29 233 1
24 125 5
42 232 3
93 138 8
97 238 6
33 141 17
244 249 16
52 230 29
132 149 26
136 138 1
12 249 5
17 238 2
147 246 1
107 166 15
186 193 3
68 181 52
148 259 2
143 243 28
37 164 10
17 161 9
36 163 3
43 112 6
50 75 18
213 263 2
52 211 11
37 162 6
164 232 32
116 246 9
56 237 6
142 251 1
33 246 22
50 262 20
50 137 31
14 88 13
141 232 18
159 238 2
28 61 2
76 138 3
43 146 3
137 168 2
36 116 1
89 249 10
223 223 8
48 189 10
36 107 7
72 229 4
141 261 39
157 232 2
166 246 18
17 114 7
164 256 17
1 4 1
65 229 13
132 177 17
147 263 2
75 127 3
158 224 22
224 239 11
21 144 3
79 190 1
45 114 33
52 144 11
232 239 9
40 40 11
100 241 2
141 145 41
40 50 4
13 40 19
66 237 11
33 249 75
33 137 20
138 226 56
112 141 11
65 113 8
25 33 39
158 233 44
47 236 1
40 54 3
146 249 9
4 75 5
25 161 42
227 237 1
79 97 40
114 140 53
85 211 2
106 211 6
181 257 12
88 237 16
232 237 16
40 158 9
140 148 51
168 238 10
41 229 35
168 170 5
48 179 19
107 261 57
8 48 1
92 161 4
158 236 61
4 261 18
223 263 16
7 107 26
260 260 10
49 239 4
134 141 3
25 170 27
33 49 5
125 148 73
225 231 10
42 144 11
221 262 2
41 243 5
239 260 2
132 154 4
109 138 1
89 90 7
87 256 20
40 138 22
129 162 21
140 196 6
74 169 6
13 65 11
112 186 44
114 209 72
33 236 20
17 162 7
45 229 12
45 75 2
37 256 4
223 234 21
163 168 4
87 209 47
186 255 41
48 145 41
17 107 15
45 255 8
50 226 10
7 82 9
167 263 1
25 125 14
48 228 13
261 262 15
147 169 1
24 163 34
34 132 3
42 179 1
95 163 18
231 262 56
47 186 1
140 232 19
36 148 14
89 148 7
145 261 6
65 114 11
158 243 8
32 75 3
4 233 28
91 162 5
65 239 6
49 107 21
97 181 21
142 195 3
14 230 20
50 244 17
79 202 3
68 255 29
24 229 16
129 239 13
61 249 15
33 90 33
35 132 14
125 236 24
174 231 2
88 246 43
49 87 15
71 87 1
233 261 18
100 262 70
97 144 33
25 239 2
45 54 1
226 239 9
145 226 19
53 138 8
90 235 2
79 226 30
137 143 23
25 40 21
17 225 6
51 254 3
128 186 1
211 232 50
114 143 51
95 230 57
144 256 41
164 192 1
75 159 5
78 229 1
142 181 46
189 211 7
7 43 15
25 210 2
17 35 2
211 238 24
25 234 43
181 189 24
61 97 15
158 167 1
80 164 21
137 166 5
131 138 5
97 145 1
164 181 23
67 234 2
60 141 2
90 232 44
165 181 1
45 68 36
74 130 1
37 48 6
33 68 29
25 114 15
40 68 7
13 256 10
41 69 5
13 224 27
168 186 7
28 161 10
143 261 13
69 138 7
162 202 18
142 197 2
152 234 10
161 165 3
37 211 5
95 171 1
140 231 57
123 138 8
88 134 3
95 170 29
49 158 13
157 233 4
170 256 30
143 231 75
113 225 2
223 246 5
187 211 1
125 237 29
17 141 2
50 125 28
66 211 9
151 158 25
48 256 24
61 158 6
107 255 36
36 141 1
88 141 35
45 158 11
166 229 18
229 232 20
14 261 15
28 48 4
43 138 37
82 144 2
130 239 2
32 138 5
134 162 12
48 112 29
17 256 5
132 242 3
79 243 15
153 230 2
28 141 3
87 95 4
87 97 10
70 186 6
24 152 23
67 246 2
158 165 2
42 164 28
75 82 1
179 239 2
68 91 1
141 208 4
4 17 2
230 259 3
68 166 31
36 79 13
140 145 22
186 228 9
125 181 23
95 142 11
158 235 1
82 162 9
42 249 16
24 74 31
52 158 10
27 132 4
50 181 6
195 249 4
4 50 10
173 239 1
211 229 62
129 129 17
93 142 10
45 85 1
223 236 14
42 234 33
89 230 11
121 161 6
82 233 4
43 246 40
17 113 8
125 132 40
51 230 3
191 229 2
74 191 1
148 220 3
56 75 4
33 232 3
42 148 9
80 256 10
75 248 3
79 89 16
194 238 6
138 172 1
90 102 1
92 230 2
75 114 9
13 74 4
13 238 47
161 241 3
49 234 51
116 234 22
82 229 6
69 137 4
82 113 2
45 140 18
144 226 4
24 87 9
36 158 2
186 195 6
46 138 1
141 225 1
92 100 3
42 194 2
138 171 23
74 235 9
80 230 24
125 262 17
68 133 2
228 232 1
42 236 73
65 100 6
42 114 17
4 236 20
28 170 4
10 161 4
138 219 10
58 261 1
10 233 3
163 247 2
79 251 1
23 23 1
83 132 19
35 129 1
218 218 1
28 142 4
43 66 2
33 233 16
132 136 3
88 93 1
163 227 2
225 230 7
82 262 2
77 132 9
61 231 17
132 247 10
10 151 1
196 249 2
48 160 4
25 54 6
97 256 9
80 236 3
7 144 18
45 97 7
48 92 5
185 230 5
233 260 3
52 161 26
4 246 17
126 148 1
90 129 2
145 224 5
43 107 59
7 145 37
106 237 1
4 243 2
158 263 46
28 196 1
137 243 9
95 129 1
146 237 22
83 145 5
196 237 6
132 168 8
140 244 11
50 138 37
145 196 2
193 230 3
82 226 8
42 146 1
169 236 6
83 237 3
4 255 6
29 132 15
74 224 4
92 237 2
24 79 17
95 130 1
100 212 1
157 224 1
41 158 9
24 161 52
52 170 16
125 138 28
143 194 1
166 167 1
134 226 2
96 198 1
148 262 52
100 208 1
163 193 2
83 163 2
62 140 3
82 202 1
145 260 5
7 90 28
127 236 6
69 151 4
127 220 4
164 202 3
202 223 1
75 173 4
7 236 13
25 49 15
67 68 3
211 224 17
82 95 4
61 223 4
83 164 3
162 225 9
68 177 3
197 237 1
196 234 5
193 237 5
209 263 12
1 234 2
25 188 8
146 260 4
102 198 1
17 158 3
95 186 9
52 66 4
145 246 11
125 224 9
129 238 8
247 262 15
69 230 3
33 40 21
181 261 20
213 237 1
174 233 1
92 231 2
7 135 1
82 145 6
17 33 2
230 258 7
146 162 40
170 181 45
241 244 2
127 140 4
43 145 5
4 97 4
25 97 24
79 244 12
141 189 4
68 243 28
224 262 15
24 113 14
43 226 5
137 188 8
225 256 7
88 236 26
54 132 16
66 141 4
28 237 4
106 249 5
50 87 27
164 219 1
49 68 23
237 260 11
97 97 26
97 236 3
7 134 1
95 237 37
241 254 3
162 256 34
36 37 2
22 138 6
228 261 3
20 75 1
82 164 8
95 146 5
95 145 10
95 246 6
69 119 1
34 97 4
42 43 24
40 263 2
40 161 28
90 145 15
43 93 1
4 225 4
75 100 35
43 211 15
107 244 14
50 158 73
189 236 7
148 257 9
112 163 18
146 233 4
112 145 20
112 144 32
76 140 2
10 237 3
144 255 42
25 255 6
141 223 14
29 230 3
24 50 23
83 146 4
146 173 3
36 114 4
95 141 11
40 181 17
181 211 34
232 243 1
83 230 5
22 87 6
70 100 6
137 189 10
66 125 6
52 232 2
7 209 4
95 252 1
49 237 16
234 259 1
47 234 2
28 231 6
37 112 2
88 145 4
24 233 7
193 238 2
106 158 1
179 179 12
4 116 4
61 86 1
188 230 9
161 180 1
42 247 11
148 226 12
207 260 1
112 231 17
151 170 63
95 226 9
10 48 4
49 231 18
88 181 33
87 227 3
151 229 43
82 129 4
66 164 11
41 90 23
32 69 1
116 254 1
1 87 4
25 88 17
65 164 6
161 193 4
74 233 22
42 263 29
170 232 56
75 143 23
68 83 1
68 145 17
28 230 5
95 113 14
130 158 1
14 186 20
33 144 62
148 181 42
179 237 12
141 196 4
83 142 2
75 232 5
61 141 3
74 144 6
107 256 32
161 173 1
41 234 40
128 132 3
148 188 6
74 143 14
25 209 7
70 129 4
99 229 1
205 226 1
112 164 45
102 145 2
37 230 6
10 244 1
119 164 1
4 256 10
116 236 31
13 145 5
49 97 34
66 255 5
225 249 10
45 125 13
131 163 2
196 230 10
119 145 1
68 86 1
157 234 1
227 246 4
88 140 25
241 246 1
25 148 18
88 227 2
141 146 17
97 168 1
79 165 4
198 226 2
45 143 2
88 224 8
100 193 6
207 230 2
234 257 11
196 260 1
138 177 5
209 261 30
127 244 6
181 255 8
181 232 10
68 256 15
14 170 12
3 48 3
83 88 1
164 226 29
78 246 1
75 148 25
52 249 18
61 236 5
68 215 4
83 130 3
143 148 19
163 191 1
20 237 3
43 158 27
113 209 44
14 209 4
209 237 19
194 263 1
193 263 3
37 74 3
95 100 10
140 209 20
162 260 16
106 228 3
49 164 13
237 256 13
42 129 1
181 195 2
50 179 2
226 246 7
100 151 52
33 181 30
65 163 16
25 142 17
61 90 10
233 255 11
131 141 1
80 144 16
17 263 1
146 234 7
56 167 3
88 88 15
52 162 22
88 114 38
4 41 6
83 263 2
114 212 1
56 79 2
135 161 3
61 107 9
83 83 3
225 229 1
106 181 17
80 97 5
21 261 2
129 146 6
97 211 15
40 186 24
90 133 6
244 246 14
146 170 13
107 112 27
146 163 13
7 232 2
95 131 1
174 239 2
20 74 1
7 261 6
33 54 7
132 227 13
56 226 3
148 198 2
28 145 1
75 144 15
215 230 5
52 114 17
100 196 9
8 42 2
130 145 1
51 127 1
177 256 5
61 211 7
20 116 1
112 226 6
145 173 2
48 89 7
193 234 4
170 179 22
131 237 3
239 255 8
12 123 1
40 61 5
186 219 5
236 255 8
82 170 6
116 119 2
133 234 4
69 186 6
4 89 2
125 125 33
4 33 5
93 226 1
10 234 3
18 230 3
10 10 7
10 239 4
82 205 1
152 161 15
41 144 12
168 181 1
36 142 2
80 208 3
180 186 1
49 114 19
49 189 7
89 181 9
28 263 5
7 262 5
157 226 2
224 236 20
9 132 12
40 140 5
36 48 5
83 260 2
112 146 3
10 113 1
40 238 2
93 243 2
62 125 4
57 138 2
134 186 4
107 196 3
68 97 15
65 255 4
148 189 16
137 196 6
82 142 2
68 127 12
164 243 11
141 193 6
112 188 1
100 160 5
163 179 12
229 261 29
130 197 1
40 107 13
74 213 3
138 247 7
17 90 9
66 138 24
93 263 7
45 263 8
14 107 12
132 241 8
10 53 1
168 189 1
17 233 1
10 236 3
42 137 10
220 234 9
4 151 3
72 161 4
226 258 2
67 230 6
158 215 2
112 125 7
48 73 1
162 194 1
66 97 15
66 143 2
132 213 6
179 192 1
26 26 2
170 212 1
224 231 35
90 96 1
119 132 7
106 138 9
137 246 62
119 138 5
186 208 4
162 171 4
18 140 4
122 132 9
91 138 4
93 114 5
39 138 5
14 114 6
116 137 5
97 230 25
65 262 7
42 205 2
49 100 12
145 249 15
82 88 1
88 143 10
138 155 2
92 142 3
113 257 7
79 257 6
30 132 2
138 167 2
68 152 9
244 262 7
117 132 7
4 45 6
114 257 9
133 230 4
42 145 1
54 138 10
66 100 3
130 243 2
24 128 1
173 234 1
148 177 9
152 262 3
93 179 1
10 164 5
107 217 1
66 114 17
10 168 1
37 68 8
161 195 2
88 190 1
142 185 2
74 167 1
159 168 5
137 261 39
14 148 3
186 202 8
113 226 13
13 262 23
132 254 5
37 141 2
124 210 2
88 132 34
179 223 12
151 195 1
40 230 26
10 79 5
202 234 6
136 163 1
93 166 6
71 86 1
25 257 4
143 181 8
157 162 3
17 246 4
87 224 27
134 134 1
48 78 1
33 257 2
83 138 20
140 261 17
33 255 4
113 129 5
45 224 8
67 186 6
138 205 8
48 225 4
40 239 9
75 223 5
54 87 8
166 220 7
90 95 4
68 198 4
33 97 24
63 132 15
138 175 11
79 196 4
19 138 4
90 197 1
50 261 29
102 114 1
116 263 20
87 189 13
55 138 2
113 152 7
66 91 2
39 177 2
90 177 1
74 92 2
117 117 2
140 202 9
75 212 2
41 136 3
112 261 5
82 148 9
152 164 7
75 261 6
148 244 5
4 258 1
82 249 2
67 163 2
48 93 11
89 97 6
256 256 12
209 239 18
157 230 9
202 239 5
48 213 4
97 239 5
112 230 50
80 158 6
128 218 4
69 247 1
24 209 4
54 79 7
65 95 2
162 190 2
13 255 25
119 143 1
196 262 5
33 239 18
114 145 12
4 112 3
68 228 12
250 262 2
93 233 6
72 148 1
7 116 3
50 173 1
93 137 3
122 239 1
82 258 1
145 193 11
100 168 4
1 114 1
89 144 7
143 146 2
33 256 6
116 186 31
7 83 2
14 211 1
14 237 8
97 164 17
10 68 13
7 166 4
146 236 5
37 75 1
223 255 3
129 255 1
193 229 3
113 259 1
34 138 1
79 254 1
115 164 1
170 215 4
17 230 7
25 256 6
18 237 1
130 262 3
137 151 14
132 259 6
136 262 2
71 138 5
144 145 8
64 138 8
112 151 1
29 138 3
80 249 21
170 200 3
75 250 2
25 229 19
114 243 8
152 247 4
81 186 2
75 146 5
93 247 1
48 198 6
42 215 1
130 234 1
130 137 2
151 194 1
107 223 24
93 163 6
68 168 2
18 239 2
56 100 3
7 246 9
90 226 7
7 158 4
10 50 3
127 246 7
54 90 6
134 230 6
75 202 1
138 215 7
138 152 12
138 227 5
157 163 2
75 194 3
28 163 5
82 209 1
82 90 2
20 246 1
148 195 5
68 96 1
97 161 24
28 262 1
42 107 14
186 220 11
80 100 17
208 249 1
62 181 11
223 262 9
75 215 3
74 90 17
56 170 4
17 170 10
72 163 2
160 170 3
124 237 3
158 189 7
138 218 6
19 100 2
48 82 4
181 238 8
96 138 1
67 67 1
213 235 4
10 141 4
144 257 3
100 182 2
42 226 3
93 238 9
138 160 14
10 230 6
56 230 6
157 211 1
80 90 10
7 238 7
218 254 1
75 136 3
130 249 3
86 132 12
202 226 1
14 181 3
194 230 1
39 39 3
215 262 2
28 229 2
25 113 17
14 232 2
35 236 1
49 228 2
83 223 2
56 83 1
66 93 1
24 243 7
34 223 1
49 140 6
42 162 36
74 232 10
133 233 2
130 237 2
228 237 1
98 142 1
88 228 2
117 138 2
129 170 13
88 179 5
140 152 6
69 162 3
238 256 1
62 233 4
202 232 1
83 137 2
55 225 1
93 230 10
52 107 9
220 230 19
48 157 5
75 174 3
112 257 1
14 14 2
54 158 3
13 33 27
24 249 13
62 113 2
43 231 26
161 188 12
95 236 3
80 211 12
56 148 3
164 223 12
45 179 1
41 88 3
226 231 10
75 211 4
45 112 3
147 231 1
158 188 1
236 261 9
167 237 5
157 189 1
170 220 6
35 141 1
22 162 4
116 237 29
14 151 1
45 137 21
65 238 5
16 142 7
79 168 5
8 141 3
67 100 2
32 186 3
134 236 5
179 229 24
52 88 7
33 209 12
25 236 8
17 88 8
33 189 10
11 100 12
24 262 10
127 152 5
127 166 10
52 68 14
76 124 1
48 171 1
29 163 1
61 65 6
123 161 5
41 143 23
68 82 4
50 243 10
220 237 7
76 193 2
163 220 8
140 168 5
7 88 2
161 202 16
236 256 6
170 209 47
22 249 4
188 211 2
43 196 1
87 93 4
208 237 1
170 213 4
74 94 2
87 106 5
145 231 12
144 218 1
170 244 13
238 247 3
205 236 10
117 218 1
13 25 17
177 262 1
210 210 1
145 211 5
61 125 7
97 170 26
97 246 12
145 236 10
40 142 11
48 190 2
69 79 3
14 100 16
14 65 3
72 186 2
126 137 1
40 233 5
123 142 2
83 107 1
100 226 22
68 116 24
14 161 16
7 125 14
166 168 4
56 112 1
75 255 1
33 33 26
37 125 5
17 231 9
13 189 13
107 220 4
73 138 5
165 209 2
97 233 7
91 165 1
13 127 4
91 230 3
50 247 5
17 97 12
17 76 9
162 191 7
135 142 1
82 140 6
246 257 4
22 67 1
165 234 2
26 137 5
121 226 1
49 225 6
228 231 8
100 127 5
67 137 1
113 116 11
172 261 2
129 236 13
102 238 1
143 209 8
151 247 2
97 261 10
18 254 2
186 242 1
157 237 1
127 237 5
37 234 6
5 229 2
89 107 10
152 208 2
226 249 13
11 113 1
17 68 16
87 225 3
50 145 5
198 236 1
107 168 6
107 152 3
158 226 4
100 225 6
40 209 5
137 179 4
144 202 2
168 168 7
113 260 1
116 168 3
174 200 3
237 255 23
112 143 3
68 112 27
61 88 8
52 142 15
117 188 1
11 233 2
25 158 11
80 82 1
88 178 1
1 144 1
20 132 6
191 191 2
82 100 9
107 227 2
127 249 9
234 252 1
33 50 4
55 117 1
36 80 2
87 143 21
107 127 4
25 141 6
232 255 16
127 229 4
145 158 8
49 144 17
132 183 7
51 162 3
61 181 20
217 217 5
114 226 12
89 190 2
74 87 6
48 173 1
151 261 8
158 244 10
147 230 1
170 225 6
127 144 2
225 237 2
129 260 6
65 211 14
61 263 6
61 233 1
228 234 8
102 107 1
7 97 5
138 222 1
209 248 1
137 190 1
13 17 12
17 61 3
158 168 1
155 162 1
17 144 17
93 237 5
35 115 3
37 107 3
49 88 17
248 248 3
100 197 4
132 159 7
87 243 5
130 263 3
130 143 2
80 246 1
165 261 6
13 215 1
52 87 11
102 138 6
126 236 2
54 164 6
43 87 13
219 219 2
7 169 1
243 249 16
160 226 2
107 208 1
186 241 4
63 100 1
21 137 1
177 225 5
129 234 20
157 227 1
149 246 2
89 232 2
68 190 2
75 152 5
88 189 8
79 174 1
62 188 3
95 238 2
142 223 14
168 234 2
160 230 7
190 211 1
114 189 8
52 164 11
170 202 4
9 163 3
112 233 12
80 188 1
25 48 18
26 231 2
90 190 2
155 261 1
125 151 5
138 192 6
215 239 2
92 226 1
40 100 6
56 146 1
83 141 7
224 238 9
8 236 1
243 246 11
25 246 17
65 209 9
170 189 12
93 234 4
93 261 1
28 232 2
230 252 4
39 261 3
56 162 3
56 263 1
56 56 1
17 249 19
50 121 1
69 100 10
91 233 1
3 138 8
127 151 14
141 160 4
74 244 9
229 256 15
162 196 11
235 244 4
209 255 6
131 162 1
14 25 2
52 228 2
97 229 11
66 163 18
75 217 2
89 229 1
62 170 3
165 229 7
69 161 2
107 259 1
76 181 4
100 149 2
97 231 45
146 246 7
162 223 27
188 231 18
159 186 1
161 251 1
48 67 2
137 244 3
13 97 14
181 225 4
116 125 3
148 251 1
52 229 5
7 87 11
87 223 4
179 261 6
22 45 1
37 237 5
155 209 1
162 189 10
148 228 6
74 249 15
88 220 1
74 212 5
88 163 24
125 263 10
13 42 9
232 246 13
22 141 1
95 148 3
140 260 7
135 140 4
69 132 11
163 256 4
170 243 12
15 162 2
17 87 10
24 246 12
28 28 2
128 237 1
68 157 4
129 186 16
101 107 1
164 248 2
43 200 3
95 234 10
65 112 3
67 132 6
68 200 6
68 159 1
142 247 2
191 254 1
93 249 2
130 179 1
75 117 2
25 228 4
54 231 8
220 246 5
33 43 6
63 231 5
62 231 9
168 262 6
24 170 28
68 129 6
13 61 3
19 263 1
54 140 1
7 13 4
100 146 5
161 243 24
113 223 3
25 195 8
209 224 6
80 232 3
24 244 11
88 233 29
127 186 14
55 88 1
107 189 16
14 140 6
100 183 1
13 43 13
37 233 3
133 138 9
75 125 3
13 41 7
116 170 18
107 119 4
168 233 2
195 237 1
120 162 1
164 257 12
54 170 8
40 137 5
108 164 3
165 237 2
171 186 4
89 114 3
114 260 3
164 195 2
121 186 3
71 237 1
70 243 2
211 225 1
48 202 3
11 261 4
146 256 1
133 144 1
48 95 16
211 244 2
140 160 4
80 234 17
160 161 11
66 198 2
100 136 5
90 179 5
41 148 15
83 233 1
13 146 1
12 177 1
113 227 5
39 209 1
25 145 2
74 234 22
135 138 19
50 193 2
50 88 24
147 232 2
151 193 1
89 113 9
13 227 2
107 188 3
13 160 6
125 179 2
152 170 4
16 87 2
42 211 6
54 100 3
229 241 2
61 230 22
11 246 1
97 188 7
61 115 3
132 251 2
113 127 4
132 240 4
68 213 1
67 170 6
66 261 5
37 181 5
149 170 3
18 164 1
87 133 1
134 237 5
52 90 7
19 236 1
80 166 1
18 138 2
65 170 24
148 243 8
56 145 1
93 121 1
39 74 3
94 263 2
216 263 2
14 164 3
100 165 3
25 189 7
77 151 1
127 146 3
111 132 2
7 164 28
166 200 2
14 52 1
106 144 8
52 209 5
141 255 7
149 163 2
48 215 3
112 246 9
246 256 13
140 256 3
134 249 2
132 194 4
88 106 2
181 237 23
83 143 1
161 190 3
138 173 9
209 238 6
168 263 5
45 151 3
35 97 4
87 226 6
244 247 3
74 261 1
125 143 21
196 232 1
88 204 1
97 163 13
100 116 20
116 229 12
106 234 8
4 12 1
48 85 1
160 229 6
114 220 5
125 233 11
37 161 8
146 263 5
61 144 12
255 262 3
75 226 6
50 235 1
61 142 2
88 263 26
233 257 3
31 138 1
161 200 6
54 229 1
56 113 3
90 247 3
17 125 5
89 228 2
122 170 2
68 95 7
49 246 9
92 186 2
107 197 2
43 61 3
58 186 3
74 158 10
141 220 7
226 263 7
166 215 1
89 161 11
209 225 3
242 262 1
70 141 1
61 161 12
138 235 3
60 263 1
256 263 3
160 162 3
140 146 8
90 227 1
45 219 1
133 231 4
61 246 2
13 193 1
100 210 3
158 228 3
181 228 10
22 50 2
191 218 1
32 90 2
65 141 6
157 161 11
152 186 5
90 256 16
13 243 5
133 186 5
37 114 4
13 14 7
21 100 1
141 179 9
52 100 4
37 246 5
87 129 7
49 190 2
170 223 31
93 164 8
25 163 11
65 249 20
74 247 3
100 181 20
8 33 1
82 137 5
121 237 4
170 210 3
6 132 2
179 233 8
23 133 1
164 225 2
76 161 3
60 132 3
39 238 2
161 192 2
20 138 3
79 131 1
65 107 22
73 132 8
75 116 16
14 231 20
1 238 1
43 220 1
7 113 9
61 113 12
17 261 5
32 234 2
10 144 1
113 241 2
204 246 1
140 235 4
68 98 2
145 146 9
68 89 13
80 237 5
49 255 5
25 227 2
61 209 3
61 68 13
147 167 5
45 259 1
238 257 3
129 140 10
135 135 3
152 241 4
124 138 2
189 255 2
88 200 2
28 43 1
25 164 21
49 229 8
45 181 12
158 257 9
37 37 5
208 252 1
49 141 6
216 238 1
231 260 6
131 234 1
102 162 10
145 223 4
74 231 7
123 162 4
70 162 1
25 224 1
40 234 23
93 246 4
100 209 19
113 220 5
70 237 1
148 241 1
87 228 4
90 220 5
24 88 3
83 140 3
106 188 1
145 239 8
82 239 5
40 65 4
78 100 1
97 237 9
106 261 5
111 181 1
54 181 3
36 256 1
125 244 6
89 129 4
56 234 1
90 101 1
179 263 6
106 113 2
48 197 2
68 225 2
181 262 7
97 232 8
49 233 4
234 247 1
7 114 7
24 137 9
224 246 11
127 161 12
147 236 2
125 133 3
87 109 1
143 145 2
127 164 4
37 137 3
89 140 2
232 263 17
114 223 7
13 188 6
32 74 3
7 41 1
48 247 7
41 134 2
87 238 32
148 152 6
28 243 1
65 232 5
170 208 1
127 209 1
12 231 8
189 224 1
50 61 1
88 95 9
89 246 4
123 163 11
174 236 1
106 170 6
113 243 11
42 87 2
93 236 6
72 100 1
87 166 8
58 161 3
161 225 10
52 181 9
74 250 3
63 90 1
50 255 2
238 255 2
88 244 6
18 261 1
36 162 4
87 257 7
66 88 6
65 237 7
62 85 1
164 228 4
58 141 1
33 262 2
234 260 10
255 261 7
90 97 19
65 188 1
220 249 3
127 163 10
141 181 7
55 158 1
43 130 3
54 238 2
220 239 11
70 229 1
100 248 4
132 178 6
158 256 18
49 166 1
43 52 1
52 54 3
66 243 2
4 143 5
17 62 2
14 162 11
62 186 2
130 231 1
144 189 12
37 249 9
14 137 1
82 127 2
42 213 1
125 166 2
80 137 10
97 213 1
7 70 3
80 142 6
62 100 6
43 97 1
158 255 9
66 140 3
116 249 12
235 249 1
151 243 15
95 107 5
157 158 1
72 162 1
163 200 3
40 148 11
107 243 13
137 223 6
100 260 3
142 241 4
11 161 6
6 163 2
137 225 7
43 243 9
50 204 1
69 239 5
132 212 8
86 215 2
48 167 2
200 244 1
71 234 2
33 238 6
80 226 4
127 238 10
143 169 3
64 161 2
134 142 5
208 236 5
33 100 18
211 243 2
148 165 1
28 234 4
4 26 1
26 210 1
102 239 5
66 257 1
22 143 3
74 223 1
228 262 1
82 141 9
157 236 2
163 223 16
174 263 2
13 223 3
14 43 2
239 257 5
223 232 1
25 261 14
237 261 6
97 158 9
70 164 2
189 249 31
13 21 3
40 237 8
112 224 1
12 155 1
39 100 2
170 254 2
82 82 4
164 193 4
88 125 10
100 129 14
142 215 1
130 212 2
23 115 1
212 212 4
60 212 1
14 228 3
31 262 1
132 214 3
67 161 2
37 97 3
49 236 6
89 106 3
28 74 1
9 138 8
107 210 2
197 217 1
41 233 15
49 256 4
36 49 5
195 231 6
188 242 1
130 151 2
60 167 1
28 140 3
63 230 1
87 146 2
42 167 2
88 151 5
36 232 3
76 100 2
132 253 10
162 177 2
102 230 1
17 186 11
189 261 8
25 41 1
161 197 2
223 243 1
26 209 1
134 138 8
167 167 3
93 211 3
7 112 6
25 211 11
133 163 2
45 166 3
92 140 4
48 235 3
196 229 3
11 138 2
25 177 1
66 195 1
62 189 2
50 227 1
229 257 4
96 186 1
239 241 2
32 162 1
195 234 6
143 220 4
56 249 1
243 261 1
42 47 3
75 208 2
236 247 2
106 186 3
211 226 2
74 134 1
37 163 4
66 209 10
112 211 16
13 151 8
96 132 5
98 230 4
76 76 1
119 236 1
144 179 5
24 147 1
63 113 1
169 237 2
89 188 3
162 257 9
43 168 2
208 229 3
89 231 8
41 219 1
90 127 6
70 179 1
181 236 13
38 43 1
88 257 4
48 248 1
35 90 2
10 66 1
111 231 1
41 223 3
50 232 10
45 239 6
129 225 2
130 236 2
131 236 2
158 227 1
128 166 1
42 262 4
195 209 2
4 238 6
78 78 1
142 167 1
211 255 20
255 255 18
17 164 5
116 223 2
79 223 7
80 87 5
141 188 1
75 243 4
69 136 1
128 142 3
228 228 3
21 161 2
50 228 1
106 209 1
12 186 4
155 229 1
47 229 1
80 239 1
17 237 10
145 209 7
135 162 4
127 243 9
95 140 17
89 238 2
113 133 5
162 220 6
181 190 3
80 107 14
66 170 10
15 151 1
25 151 1
220 261 5
33 125 18
88 254 1
141 178 1
48 134 2
198 249 3
19 164 1
143 256 3
31 132 1
31 31 1
107 228 3
190 229 1
102 164 2
7 151 1
12 50 3
170 198 5
171 234 6
41 89 1
211 227 2
159 237 3
25 106 9
25 90 12
126 239 1
28 95 3
192 229 4
54 232 2
24 261 1
68 220 8
88 258 1
12 224 2
134 163 2
79 149 3
25 45 6
123 233 4
89 164 2
150 151 1
200 231 4
177 229 4
70 163 3
1 100 2
90 166 15
185 234 1
142 257 12
6 214 1
170 228 7
164 198 4
141 243 6
133 148 2
116 233 5
21 186 1
116 144 4
21 88 1
223 256 3
11 142 1
34 114 1
189 246 4
36 140 1
162 259 1
37 65 2
74 255 1
41 226 5
81 162 5
189 229 10
66 263 8
76 114 2
74 243 5
143 179 3
114 191 1
125 145 4
90 250 1
152 236 16
186 200 3
225 261 2
25 168 3
93 209 1
198 233 2
136 186 2
43 193 1
163 225 9
54 211 2
14 33 3
56 151 2
228 246 1
37 231 8
60 138 1
143 232 5
190 249 5
165 233 2
17 25 4
196 239 3
190 230 2
52 258 1
161 171 2
87 210 1
12 68 4
172 230 1
146 239 5
148 175 1
170 217 2
49 238 2
164 220 2
211 241 1
88 239 11
91 261 1
97 227 4
141 242 1
129 231 6
156 161 2
9 9 1
126 262 1
179 186 18
189 190 2
17 190 1
39 90 1
66 234 20
66 239 4
45 49 2
37 144 10
9 137 1
36 43 1
179 211 2
54 97 2
45 129 1
97 125 12
172 237 1
158 195 4
49 261 6
142 157 2
45 227 3
162 200 4
223 226 6
52 233 3
56 107 2
39 42 1
225 255 6
35 170 3
209 244 2
121 230 5
101 138 5
83 100 2
49 232 4
42 209 3
212 238 2
43 106 1
17 48 11
54 113 2
37 225 2
24 127 4
127 234 9
40 43 1
48 106 4
161 247 3
193 231 5
10 163 2
87 188 5
52 163 8
80 141 4
7 231 8
201 230 2
231 257 21
121 163 4
136 166 1
195 229 1
256 261 8
48 119 14
63 66 1
28 87 1
159 162 2
41 255 1
48 185 1
19 48 1
116 158 5
48 62 4
80 88 10
22 211 3
165 170 4
25 248 1
164 215 3
65 142 5
35 68 1
43 244 14
100 235 1
15 65 1
87 252 10
134 148 1
42 261 4
134 140 1
161 167 2
40 52 7
126 132 3
218 242 1
87 130 3
107 129 19
189 237 5
29 186 3
230 241 2
79 127 7
43 147 1
43 125 11
93 135 2
142 169 1
161 214 2
75 181 2
4 129 2
3 68 1
61 188 1
186 251 3
132 182 5
49 49 10
202 202 1
24 130 1
37 102 2
14 144 4
102 102 1
90 93 4
45 189 7
65 233 6
149 186 2
255 263 9
98 137 1
47 138 3
46 142 1
161 215 1
32 208 1
66 158 13
230 247 2
227 231 1
24 148 4
13 133 2
45 89 2
116 247 4
92 92 4
14 48 15
140 243 8
45 223 1
124 163 3
155 186 5
260 263 1
36 45 1
91 107 2
22 229 3
16 98 1
223 239 11
89 237 4
209 256 4
40 236 3
71 123 1
126 138 3
195 239 3
140 255 5
24 65 1
125 189 6
50 127 4
40 228 1
52 244 1
52 143 3
52 237 7
134 262 4
197 239 1
112 262 1
175 209 1
259 259 2
226 243 5
10 37 1
37 145 2
148 219 2
79 182 2
22 246 1
69 94 2
129 148 14
224 255 6
95 239 4
114 244 5
248 249 4
41 81 1
68 195 2
70 166 1
62 249 6
144 225 11
166 223 2
87 96 1
1 50 1
18 236 3
14 142 16
62 148 2
153 166 2
168 236 2
112 209 4
163 196 4
72 88 1
51 186 3
114 177 4
164 258 2
75 158 11
193 195 1
43 172 1
237 241 2
179 193 10
60 74 6
162 235 1
7 45 3
170 190 2
112 158 4
61 106 1
97 225 10
69 263 6
129 143 3
191 262 2
45 196 1
68 196 3
72 89 1
9 107 5
113 197 2
166 211 4
220 229 4
163 259 1
163 241 3
131 166 1
56 163 4
152 224 1
61 117 1
181 244 1
166 181 3
190 255 2
185 239 2
9 162 2
158 225 2
138 258 6
226 232 3
224 232 9
36 137 3
17 239 1
145 202 6
188 232 1
7 92 2
248 263 1
148 216 1
177 211 2
35 72 1
86 177 1
62 66 1
225 246 4
40 89 2
36 181 3
61 255 2
46 152 1
36 229 4
138 157 10
106 148 3
65 257 3
146 262 1
198 234 2
66 181 10
202 233 4
88 112 7
83 242 1
39 121 1
227 261 2
41 125 12
112 239 5
88 202 1
41 193 2
188 261 6
11 231 1
22 40 1
61 61 11
1 164 1
36 66 1
42 168 12
142 217 2
61 225 6
65 225 2
25 50 4
162 173 1
102 161 3
71 186 4
162 175 2
53 236 1
97 189 7
43 95 4
48 76 9
228 230 5
69 235 2
35 55 1
68 69 4
61 80 4
29 164 3
166 224 3
36 255 6
80 262 2
163 174 1
209 220 1
168 228 2
87 127 3
163 235 1
82 107 4
36 112 1
151 255 1
43 224 2
70 70 2
13 169 1
26 108 4
114 133 3
10 249 1
9 144 1
160 234 1
66 127 2
141 200 5
186 190 2
21 114 2
129 158 2
107 252 1
69 116 3
80 233 8
54 261 3
43 160 2
48 146 10
70 88 1
43 202 1
37 236 3
13 56 2
68 134 3
13 49 9
182 246 2
116 127 8
157 249 4
216 216 8
228 229 4
48 227 3
43 261 6
48 183 1
78 220 1
155 255 1
107 116 8
193 233 1
75 126 2
148 168 1
93 116 2
70 263 1
135 226 1
57 186 1
236 259 2
168 239 2
7 181 5
100 188 5
218 250 1
65 158 7
100 200 8
181 200 1
138 150 2
48 212 1
165 246 2
45 256 1
7 56 3
161 175 2
106 162 4
169 249 2
94 249 1
80 260 1
191 201 1
65 68 10
186 235 1
82 143 2
40 66 3
41 147 2
57 226 1
76 234 5
7 50 5
54 125 3
152 159 1
130 163 2
143 152 5
141 219 1
74 120 1
39 149 2
95 258 1
219 262 1
83 211 2
41 213 5
22 48 4
43 45 6
136 185 1
36 95 1
76 93 1
127 162 3
49 137 3
40 134 1
152 181 1
140 200 1
4 188 1
22 238 1
43 255 3
78 164 1
18 141 2
78 141 1
165 249 3
35 168 1
27 138 1
169 246 1
232 244 1
32 142 1
234 254 1
17 255 5
65 140 3
42 169 4
74 209 5
65 223 2
107 225 7
92 146 2
159 170 1
47 263 2
213 220 1
186 258 1
4 166 1
140 217 2
50 256 7
81 132 2
238 258 1
3 41 1
200 234 3
13 228 6
75 240 2
148 227 3
243 262 2
32 146 1
234 258 1
18 238 1
167 205 1
89 260 1
146 164 8
112 263 3
87 94 1
45 215 1
10 148 4
65 227 1
14 242 1
217 234 2
28 79 3
181 227 3
51 75 2
81 230 1
24 159 2
4 147 2
163 221 4
89 189 3
164 168 1
136 234 1
52 148 10
65 193 1
65 181 14
75 235 2
76 85 1
45 52 3
143 224 8
52 189 3
45 145 3
142 179 4
63 179 1
97 209 4
113 228 9
47 170 1
130 164 4
61 96 1
36 113 4
141 185 1
79 129 12
32 263 1
129 189 1
197 197 3
140 189 3
45 66 4
213 250 1
10 232 1
116 211 4
42 158 6
4 65 1
143 223 2
183 236 1
116 215 1
146 261 2
40 141 1
49 142 9
13 217 1
151 215 1
140 257 3
141 257 6
102 142 1
66 171 1
11 249 1
97 130 3
39 164 3
37 130 1
66 229 8
153 220 1
212 230 1
49 157 1
17 75 1
224 261 2
4 202 1
10 41 1
107 215 1
40 189 5
83 236 3
63 191 1
46 132 7
145 256 2
144 215 1
82 116 1
100 198 1
94 100 1
93 196 1
7 256 1
22 234 3
41 169 2
56 161 2
54 143 1
170 248 2
108 155 1
93 140 1
17 146 1
215 236 2
235 237 1
115 132 2
68 202 4
132 221 1
98 219 1
19 70 1
100 227 1
43 197 1
25 119 1
4 226 1
106 226 1
75 193 2
43 232 4
17 112 3
33 89 4
79 227 2
243 255 1
233 244 6
148 210 3
62 68 3
170 193 1
140 197 4
197 216 3
100 119 2
188 229 1
125 188 2
186 213 1
56 68 2
142 189 5
17 137 3
61 100 6
17 181 4
18 241 2
18 87 1
18 137 2
195 232 1
68 146 3
89 211 1
74 248 3
85 138 3
42 126 1
162 217 3
116 235 4
90 92 1
215 246 2
45 260 1
54 66 1
25 80 5
41 241 4
87 248 1
40 232 4
212 263 1
79 152 4
48 54 3
196 263 4
229 235 2
42 212 1
143 188 1
138 159 1
159 244 1
143 247 2
107 147 2
65 198 2
108 138 2
70 241 2
90 196 1
7 239 9
129 137 6
149 161 2
17 143 1
137 212 3
74 215 1
41 159 2
93 148 3
43 223 6
16 48 1
68 120 1
130 250 2
113 165 2
160 239 2
61 143 1
79 217 1
215 237 3
132 147 3
246 260 3
45 82 3
143 260 1
213 262 2
114 202 1
203 219 1
191 247 1
42 45 2
36 226 1
77 100 1
182 225 1
82 211 3
83 186 3
25 232 3
78 162 1
68 179 7
5 231 1
142 168 3
148 179 8
39 205 1
83 239 3
159 241 2
17 45 2
48 83 4
10 142 1
19 19 1
138 183 2
47 75 5
68 92 1
132 248 2
129 252 2
55 262 1
81 233 1
125 225 2
88 90 25
28 137 2
254 254 6
141 190 1
189 189 7
76 141 2
13 82 7
90 254 1
37 49 1
87 91 1
97 166 1
83 95 1
26 257 1
42 88 5
13 257 5
74 226 11
128 162 1
90 189 9
4 25 3
68 123 2
13 120 1
52 137 5
63 186 1
64 233 3
95 137 6
141 260 9
134 238 4
186 196 4
127 137 1
145 198 1
17 66 2
134 146 2
134 161 3
186 216 1
119 151 2
62 114 5
171 229 4
41 247 3
119 186 1
22 114 1
26 163 1
25 238 1
1 263 1
75 147 2
35 113 1
107 190 4
124 186 2
83 170 2
21 148 1
162 216 3
14 141 1
174 237 1
113 247 1
88 146 1
65 195 1
52 166 1
4 7 4
80 157 1
229 244 6
8 164 1
71 113 2
1 158 1
91 145 2
87 116 3
91 234 3
85 107 1
217 255 3
118 239 1
142 198 4
50 223 3
113 157 3
134 233 3
189 233 3
13 166 4
96 162 1
189 232 2
119 182 1
137 174 3
142 196 5
78 143 2
146 231 6
94 162 1
144 260 2
14 97 2
10 162 1
13 192 1
68 227 6
75 118 1
140 216 1
70 234 1
113 244 6
56 186 2
13 244 7
80 261 3
140 225 1
164 185 2
16 79 1
117 234 1
19 244 1
170 185 1
153 170 1
43 219 1
145 189 3
13 226 3
166 226 2
134 229 4
134 263 2
95 193 2
45 175 1
189 230 16
52 113 11
231 245 2
54 234 6
166 189 1
68 106 9
89 262 1
137 198 1
142 225 3
86 186 1
202 262 2
42 159 1
133 162 1
12 25 1
68 257 4
139 140 4
106 227 1
61 208 1
144 166 6
62 230 3
142 188 4
79 157 1
157 246 1
186 203 1
135 261 5
10 100 1
28 75 2
108 186 5
48 180 1
100 220 6
161 228 8
64 100 1
188 238 3
135 239 1
43 258 3
198 237 2
169 186 2
87 165 2
125 258 1
87 177 1
14 233 1
70 90 2
170 175 2
52 238 5
40 163 6
35 230 1
93 95 1
161 245 1
130 186 1
214 230 1
163 228 1
37 209 2
56 239 1
82 231 2
132 169 7
135 163 2
33 260 3
100 108 1
7 75 4
71 230 1
41 87 6
161 196 3
181 224 3
146 244 1
107 146 4
144 188 4
134 239 1
121 231 1
116 262 5
107 155 3
114 190 1
137 193 2
200 236 4
143 193 2
164 182 6
165 232 2
12 90 1
74 88 5
116 209 5
141 157 6
25 225 4
37 263 3
163 175 2
62 144 5
125 160 1
159 236 1
135 164 1
133 142 3
107 219 2
7 173 2
162 165 3
133 161 4
113 248 1
22 151 1
52 129 1
102 233 1
24 215 1
95 144 4
80 112 7
228 249 8
61 229 2
12 114 3
24 146 1
127 141 6
116 241 1
168 237 7
244 260 1
165 236 1
74 119 1
13 80 5
138 240 1
54 144 4
137 202 2
90 228 3
40 143 7
119 166 1
163 202 3
65 244 2
54 246 3
20 230 2
200 237 3
165 231 4
80 244 2
119 137 1
97 137 4
28 162 6
52 141 3
217 239 3
10 95 1
62 162 2
121 229 2
47 132 4
97 177 3
21 237 3
17 189 4
137 173 1
97 141 6
73 234 1
41 259 1
141 192 1
161 252 3
196 211 1
28 107 5
159 163 3
21 87 1
92 236 1
173 229 2
1 232 1
136 236 2
112 219 1
17 209 4
116 220 5
10 238 2
183 239 1
68 188 3
107 167 1
62 145 1
236 250 1
37 113 5
159 234 3
159 166 2
5 7 1
68 70 2
50 168 3
52 255 2
41 106 1
100 126 2
138 212 1
11 165 8
43 188 2
123 211 1
97 112 4
138 195 5
164 174 1
136 238 3
230 248 1
43 80 3
181 256 3
51 164 1
114 225 5
32 225 2
29 142 1
144 251 1
49 66 4
189 209 2
36 161 4
225 234 7
33 223 3
180 234 1
229 258 5
48 188 5
3 100 1
45 93 2
257 261 4
72 115 1
16 230 2
162 195 1
118 170 2
100 122 1
13 225 3
20 48 1
208 263 3
90 130 2
189 239 3
68 241 3
37 142 5
226 252 1
182 230 2
39 162 3
26 68 1
26 229 1
236 241 3
230 257 9
36 125 1
28 31 1
76 97 4
133 164 6
137 178 1
137 220 1
95 158 4
102 137 2
138 139 3
200 229 3
106 236 1
137 254 2
16 211 1
106 161 2
79 130 1
89 233 3
130 170 3
50 112 1
19 163 1
98 239 1
130 144 1
70 170 6
97 262 1
33 166 3
17 52 1
228 255 1
132 185 5
91 161 2
35 112 1
35 86 3
162 197 5
117 236 1
14 229 7
131 230 2
3 263 2
11 22 1
21 50 1
98 170 2
193 202 2
175 231 1
188 209 3
102 237 1
92 164 2
209 257 1
98 125 1
100 228 3
98 113 1
114 127 2
75 77 3
63 88 1
41 119 2
68 119 1
12 261 3
6 170 1
120 138 2
97 143 2
81 141 1
36 233 1
143 226 5
140 165 1
15 161 2
127 148 2
163 178 1
113 188 3
68 178 1
226 255 4
14 239 3
137 258 2
126 263 2
76 77 2
83 162 2
15 170 1
178 234 2
164 178 1
25 133 3
67 231 2
67 164 2
158 190 2
50 224 4
213 239 1
189 228 2
66 112 2
61 89 3
65 80 3
160 261 2
95 135 2
52 225 3
13 129 3
32 247 1
179 246 5
17 80 2
54 107 3
64 208 1
32 42 1
127 145 2
17 37 3
174 243 1
51 234 1
164 167 1
100 247 2
161 250 1
90 225 6
28 193 1
42 223 3
130 166 1
51 74 1
50 152 8
86 138 7
100 205 1
125 190 2
133 137 1
188 234 4
88 225 4
138 207 4
238 260 1
1 1 4
152 246 3
220 263 1
87 251 1
25 74 3
38 170 1
38 38 1
48 195 3
37 62 2
223 233 6
91 209 1
90 118 1
88 165 2
52 106 1
54 114 3
38 138 4
188 239 2
131 233 1
13 73 1
51 140 1
133 145 1
71 88 1
114 193 1
83 193 1
135 230 2
65 143 1
53 164 1
144 243 2
163 208 1
141 198 2
107 174 2
114 188 2
119 231 1
54 262 1
112 181 1
112 228 2
67 87 2
82 224 1
75 178 1
142 219 1
205 234 1
55 75 1
88 166 1
56 90 1
183 246 1
226 244 6
170 259 4
131 164 3
182 248 1
161 208 4
10 152 1
39 186 4
198 229 2
148 250 1
138 174 2
107 128 1
230 254 3
160 164 2
219 239 1
97 263 4
200 263 2
200 220 1
1 161 4
93 162 6
36 144 7
93 186 2
36 249 4
145 215 1
1 230 2
37 45 5
48 196 5
168 230 3
40 261 3
52 112 1
177 236 1
61 261 5
4 189 3
170 182 3
114 168 2
69 159 1
172 233 1
114 200 1
61 66 2
149 158 1
55 87 3
205 231 1
162 174 2
85 97 2
89 163 4
9 161 4
133 263 1
70 148 1
22 214 1
186 257 6
87 171 2
23 186 1
40 106 2
33 36 2
10 209 1
79 195 1
140 220 4
88 152 1
72 181 1
93 100 5
28 143 3
90 169 1
17 49 6
151 212 1
160 231 2
218 231 2
3 233 1
190 231 2
193 239 1
56 82 1
98 211 2
65 236 5
122 233 3
75 179 1
7 211 2
52 61 1
79 247 1
178 233 1
74 126 2
33 71 1
148 200 1
1 138 2
43 49 2
25 62 4
84 246 1
143 202 1
137 156 1
75 209 3
222 242 1
61 62 1
1 261 2
64 230 1
69 164 2
80 181 3
223 224 1
62 97 1
49 217 3
34 162 1
67 229 1
42 254 1
54 162 4
5 141 1
123 239 1
125 146 1
136 237 1
14 55 2
39 148 2
13 64 1
72 249 1
41 225 1
66 246 7
49 62 1
7 255 5
72 137 6
140 173 2
164 180 1
100 175 1
161 257 4
60 166 1
16 16 1
62 107 3
28 90 2
36 90 1
61 112 2
90 165 2
33 106 2
219 234 1
90 152 8
97 195 1
35 262 1
246 247 1
256 262 2
82 146 1
131 161 2
100 254 1
143 189 1
90 106 1
68 204 1
123 170 2
35 139 1
220 235 1
137 260 5
162 248 2
178 186 1
26 165 5
175 233 1
233 242 1
54 249 4
171 263 1
159 230 1
82 179 1
37 232 1
112 256 11
247 263 1
107 213 2
142 147 1
179 224 1
148 193 2
98 162 3
247 249 1
33 227 1
89 234 10
198 231 2
86 162 2
28 151 2
87 121 1
220 231 2
218 252 1
122 151 1
89 100 9
88 157 1
100 202 3
146 232 2
190 257 1
21 163 1
216 237 3
106 163 1
62 238 1
223 249 4
62 211 1
50 66 2
130 148 1
143 215 1
151 213 1
87 213 1
212 229 1
46 51 1
88 256 3
121 191 2
120 151 1
72 246 1
88 188 2
152 233 2
144 228 3
115 138 1
22 142 2
65 130 1
86 97 1
49 52 1
215 234 3
61 133 1
24 224 1
41 217 2
38 130 1
160 209 1
70 197 1
97 152 1
128 241 1
211 223 1
36 36 1
232 260 1
36 177 1
164 227 2
74 205 2
119 170 1
21 229 1
52 146 1
38 39 1
122 162 2
95 134 4
35 107 1
159 261 1
89 125 2
43 128 1
22 170 2
4 145 2
85 89 1
50 225 2
32 127 1
1 48 2
106 229 2
68 128 2
157 239 1
237 257 3
182 236 1
5 230 1
65 123 1
213 236 3
159 229 4
25 76 2
71 89 1
235 239 1
106 189 5
18 100 3
79 136 1
175 215 2
16 145 1
76 195 1
242 254 1
142 216 2
12 79 3
74 146 1
129 262 1
35 140 1
100 157 3
118 231 1
24 78 5
3 132 4
68 247 2
85 123 1
151 224 1
188 249 3
69 249 1
54 263 2
75 119 4
82 125 1
138 253 4
83 114 1
7 24 1
210 229 1
97 223 1
131 209 1
144 152 3
125 228 2
197 211 1
49 91 1
143 196 1
226 256 1
129 211 4
24 119 1
50 119 1
217 231 1
4 106 1
42 250 1
65 224 2
161 174 1
125 220 2
62 116 1
25 35 1
108 249 2
215 238 1
126 164 1
50 202 1
140 194 1
46 230 1
90 188 3
28 191 1
39 70 1
89 257 1
219 244 1
131 261 1
194 239 1
83 234 2
54 256 1
21 143 1
49 243 1
1 170 2
153 243 1
119 185 1
107 160 2
130 244 1
15 141 1
71 188 1
50 93 2
114 210 1
68 183 1
24 49 2
65 160 1
143 255 2
89 151 1
124 230 4
20 141 2
12 234 4
14 257 1
69 93 1
69 69 6
67 181 1
25 263 2
69 241 1
48 56 3
185 186 1
141 250 2
61 239 3
61 91 2
138 241 3
88 102 1
200 233 2
16 170 2
91 91 1
147 162 1
65 106 1
69 254 1
32 213 1
61 72 1
179 260 1
75 134 1
167 170 1
37 239 2
119 238 2
58 158 1
40 227 1
85 238 1
197 230 3
159 249 1
159 254 1
48 259 2
140 259 1
67 221 1
52 263 2
36 222 1
132 153 2
46 236 1
223 244 2
10 229 3
40 178 1
49 209 4
126 140 1
63 161 1
248 250 1
12 143 2
69 189 1
148 215 1
200 249 1
134 209 1
158 260 2
13 258 2
8 74 1
76 113 1
66 116 2
89 141 1
198 256 1
215 233 1
1 236 1
76 107 2
173 231 2
7 74 2
32 88 1
35 88 1
51 195 1
173 260 2
18 77 1
130 162 3
114 195 3
92 151 1
72 230 2
70 75 1
150 186 1
70 223 2
96 148 1
36 225 1
18 74 1
89 133 1
107 235 2
216 236 1
100 147 1
45 226 2
130 232 1
230 240 1
69 234 3
177 258 1
14 263 1
69 75 4
119 237 1
74 179 2
129 232 2
116 134 1
250 263 2
141 217 1
101 135 1
113 198 2
148 160 2
119 119 3
168 247 2
69 163 4
42 178 1
91 100 4
4 64 1
119 152 1
128 141 1
36 230 3
156 230 2
186 247 3
35 173 1
175 186 1
145 151 2
98 121 1
219 243 1
10 75 2
146 211 1
64 162 1
74 147 1
39 191 1
174 240 1
83 157 1
82 196 2
183 263 1
27 48 1
12 61 1
188 188 3
80 140 2
79 252 1
17 50 1
112 157 1
41 200 1
188 257 1
169 229 1
68 72 3
52 198 1
52 236 5
87 92 2
100 101 1
77 230 3
25 143 2
191 232 1
39 43 2
140 240 1
97 224 2
193 223 2
72 235 1
67 114 1
1 162 1
4 74 3
90 203 1
153 186 1
65 256 1
127 153 2
55 244 1
68 81 1
75 191 2
72 91 2
138 251 1
237 242 1
22 66 1
26 100 1
35 100 3
60 78 1
28 42 2
107 135 2
100 215 1
132 174 6
177 230 4
168 241 3
243 252 2
154 186 1
13 130 1
197 236 2
158 223 2
35 138 1
52 256 1
49 71 2
95 216 1
83 148 1
54 205 1
137 256 6
75 216 1
25 47 2
1 107 1
130 130 3
22 161 3
241 241 2
140 147 1
24 228 1
45 106 2
52 151 2
128 249 1
164 217 2
76 236 1
126 161 1
93 232 2
50 129 1
17 229 1
101 170 1
53 162 1
113 160 1
10 261 1
83 256 1
89 158 2
106 140 1
68 258 8
202 236 3
14 221 1
43 149 1
152 232 1
28 113 2
41 167 4
141 213 1
13 165 2
26 87 1
49 145 1
43 155 1
41 130 1
215 256 1
170 241 1
88 130 1
130 161 3
36 69 1
135 168 1
56 173 4
79 85 1
82 171 1
165 186 2
41 93 1
219 232 1
224 226 3
114 130 1
4 93 2
78 230 1
10 231 1
74 220 4
114 179 3
136 162 2
163 189 2
188 223 1
143 259 1
69 238 3
96 230 1
74 145 2
75 128 1
39 142 1
80 135 1
122 138 2
141 256 3
141 215 2
13 116 1
68 71 3
165 230 3
169 235 1
112 198 2
13 179 4
209 223 1
107 218 1
79 245 1
167 229 2
70 236 2
48 241 1
126 244 1
152 200 1
166 257 1
12 142 1
100 159 2
43 179 3
37 77 2
75 210 1
66 256 3
78 263 1
113 216 2
242 263 2
101 161 2
149 263 1
133 246 2
125 243 1
24 226 1
100 258 2
50 80 2
162 192 2
46 79 1
102 249 1
157 157 1
25 71 3
100 135 1
22 37 2
4 49 3
12 107 3
77 228 1
89 170 3
8 13 1
49 106 1
53 252 1
13 147 1
33 224 3
28 100 2
102 144 1
158 220 1
91 137 2
107 134 2
62 232 1
36 170 2
100 155 1
13 202 3
87 244 5
157 262 1
54 237 2
127 130 1
185 237 2
184 229 1
235 243 1
37 170 2
87 149 1
102 186 1
85 177 3
86 235 3
75 97 2
151 232 2
92 170 1
35 185 1
95 261 4
216 228 1
124 161 4
169 231 1
169 247 1
4 43 1
161 210 2
12 239 1
36 70 1
64 148 1
69 223 1
81 231 1
161 198 3
33 34 2
100 124 1
95 249 3
83 229 1
10 90 3
29 161 1
157 160 2
97 217 1
13 54 6
88 223 3
34 48 1
134 193 1
88 159 1
62 89 1
146 196 1
170 216 2
63 77 1
166 169 2
7 180 1
97 228 3
123 164 2
39 263 1
144 190 2
40 225 2
166 261 4
27 162 1
37 87 2
146 168 1
32 168 1
134 231 1
107 195 3
17 226 1
88 171 1
210 234 1
161 259 2
3 107 1
100 106 1
227 234 1
80 177 1
129 166 1
150 163 1
66 95 1
121 196 1
31 234 1
141 182 1
46 161 2
211 220 4
21 138 2
112 217 2
39 217 3
52 140 3
38 236 1
28 88 1
228 263 1
114 131 2
160 237 1
64 170 1
46 234 1
69 170 3
85 158 1
80 163 6
120 230 2
42 51 2
39 229 1
60 90 1
128 234 1
119 174 2
78 186 1
23 239 1
25 77 2
22 186 1
43 174 1
137 155 1
24 134 1
94 158 1
136 136 3
145 238 1
193 249 1
67 107 5
84 161 1
191 230 1
193 236 1
62 228 1
77 106 1
5 237 2
40 151 1
16 233 1
85 186 1
4 174 1
68 214 1
234 250 2
28 125 2
22 148 2
164 200 5
100 133 1
148 185 1
170 172 1
100 257 1
133 261 1
203 230 1
62 87 3
28 130 2
203 226 3
73 220 1
189 263 1
163 257 5
198 262 1
147 225 1
42 235 3
33 151 1
231 243 4
140 157 3
45 202 1
113 146 2
197 229 1
18 62 1
87 155 1
208 250 1
208 238 1
65 216 1
125 257 1
35 169 1
70 259 1
102 121 2
12 144 2
189 256 1
140 190 1
36 100 3
10 116 1
100 242 1
155 158 1
63 234 5
83 87 2
54 88 4
79 91 1
93 224 1
168 185 1
13 69 1
19 229 1
66 85 1
257 257 5
98 233 1
107 202 1
51 236 2
10 137 2
174 226 1
178 178 1
140 188 2
80 195 1
73 231 3
208 231 2
71 142 1
210 233 1
217 237 1
62 137 1
82 114 1
90 185 1
52 75 1
91 170 1
34 65 1
46 100 1
14 45 1
126 159 1
23 162 1
25 260 2
26 234 1
31 229 1
43 152 2
189 226 1
97 151 1
194 236 2
11 186 3
37 226 1
144 195 2
140 182 1
169 234 2
54 163 2
11 79 1
106 238 1
69 142 4
12 229 1
25 39 2
160 191 1
25 95 1
17 142 5
192 230 2
228 236 1
161 227 2
100 190 1
161 204 2
50 89 1
200 261 1
114 146 2
97 226 2
95 211 1
116 256 1
43 89 1
41 127 1
138 153 1
114 196 1
71 100 1
84 138 1
161 213 1
37 117 1
62 161 2
99 140 1
7 117 1
144 252 2
54 148 2
159 231 2
43 260 2
140 241 1
92 137 1
107 165 1
14 106 2
89 112 1
67 233 3
70 140 1
150 170 1
79 259 1
55 188 1
49 61 2
152 158 2
10 87 2
84 88 1
48 242 1
133 158 2
100 171 1
93 144 1
135 146 1
45 160 3
56 261 1
50 83 1
12 148 1
75 213 1
209 217 1
7 152 1
50 167 1
12 100 2
149 229 2
140 242 1
164 254 1
25 89 2
138 178 1
61 257 5
113 117 1
140 215 3
28 144 2
1 125 1
56 142 1
100 195 2
49 112 1
89 152 1
48 60 1
100 206 1
63 249 2
70 238 1
37 229 1
11 162 1
134 202 1
71 232 1
164 197 1
8 263 1
168 261 1
13 93 1
163 248 1
157 263 1
144 217 3
25 112 1
48 201 1
75 185 1
94 136 1
95 151 1
93 130 1
175 236 1
29 210 1
213 231 1
61 222 3
82 173 1
1 229 1
141 216 1
74 127 2
88 196 3
36 65 2
90 241 1
67 144 1
39 189 1
179 231 2
92 223 1
133 239 1
68 242 1
81 263 1
36 196 1
88 195 1
51 161 1
80 129 1
170 173 1
47 166 1
66 262 1
51 182 2
12 230 3
10 167 1
33 225 1
46 68 1
61 151 1
58 132 1
196 255 1
72 79 1
205 213 1
37 72 1
89 177 1
16 68 2
195 246 1
115 161 1
40 255 1
188 190 1
33 67 1
121 141 1
76 230 4
119 148 1
37 66 1
68 197 1
147 239 1
239 252 1
19 231 1
4 228 1
26 181 1
129 173 1
36 106 1
5 75 1
151 223 1
90 159 1
40 45 4
133 141 1
208 230 1
224 225 1
34 61 1
129 193 1
144 157 1
85 236 1
22 137 6
119 234 1
161 216 1
88 123 2
141 191 1
35 42 1
242 261 1
12 209 1
170 174 3
211 217 1
163 188 2
112 238 3
148 190 1
61 85 1
90 213 1
182 247 1
141 153 1
215 248 1
230 235 1
39 48 2
47 209 1
85 87 2
102 130 1
210 231 1
70 244 1
69 169 1
197 258 1
170 257 3
4 24 3
48 118 2
36 97 1
215 215 1
130 215 1
114 160 1
107 193 1
87 115 2
129 180 1
147 262 1
24 158 4
26 211 1
24 167 1
48 98 1
186 191 1
151 188 1
25 129 1
38 72 1
135 237 1
28 148 1
72 90 3
125 223 2
50 169 1
44 68 1
68 193 1
218 249 2
17 42 1
4 223 1
7 121 1
85 258 2
81 90 1
32 100 3
183 183 1
10 211 1
86 197 1
258 258 1
87 179 3
116 226 1
169 263 1
69 125 1
175 262 1
12 141 1
225 238 1
4 85 1
163 190 1
74 193 1
72 188 1
18 161 1
193 260 1
48 208 2
71 225 1
43 65 3
36 164 1
48 91 3
210 241 1
60 79 1
150 210 1
24 220 1
112 225 1
94 170 1
69 146 1
91 155 1
48 210 1
123 261 1
149 210 1
32 193 1
216 234 1
146 148 1
142 235 1
196 238 1
5 210 1
157 170 1
83 198 1
4 42 1
100 123 4
52 52 2
142 160 2
170 197 1
95 121 3
183 252 1
209 228 1
13 37 1
238 252 1
106 232 2
216 226 1
202 209 2
114 118 1
36 216 1
20 42 1
191 243 1
212 243 1
7 49 1
151 168 1
68 252 1
50 254 1
90 180 2
218 237 2
90 146 3
34 255 1
163 252 1
56 193 3
47 137 1
160 246 2
8 262 1
25 37 1
144 200 1
55 216 1
20 68 1
123 144 2
214 214 1
20 186 1
41 160 1
51 153 1
210 238 1
129 157 1
14 42 1
157 209 1
69 262 1
72 72 1
67 88 2
4 190 1
75 89 1
87 180 1
179 217 1
197 263 1
197 233 1
130 233 1
68 167 1
168 231 2
35 151 1
146 202 1
85 113 2
56 127 1
212 234 1
54 68 1
196 196 1
50 188 2
120 239 1
55 257 1
74 217 1
196 231 1
238 248 1
143 235 1
198 243 1
125 260 1
41 254 1
132 167 2
65 177 2
120 142 1
25 165 1
33 62 1
7 106 1
106 127 1
243 250 1
48 182 3
100 174 1
135 158 1
69 143 1
48 187 1
1 211 1
36 228 1
217 232 1
69 197 1
159 159 3
82 117 1
71 236 2
10 107 3
13 134 1
162 215 1
10 82 2
19 82 1
161 219 1
89 89 1
28 45 2
26 186 1
85 114 1
55 261 2
37 158 1
26 228 1
232 257 1
17 140 3
11 229 1
191 236 1
121 164 2
234 241 2
7 217 1
143 160 1
20 239 1
91 231 6
89 209 2
87 135 2
100 173 1
17 236 2
121 261 1
212 236 1
90 200 2
3 87 1
75 247 1
162 168 1
161 169 1
145 166 1
52 239 3
33 191 1
22 164 1
47 143 1
106 255 1
8 138 1
35 249 1
129 261 2
116 146 1
60 244 1
18 163 1
166 209 1
19 186 1
99 237 1
80 217 1
46 237 1
190 234 1
114 235 1
160 260 1
196 261 1
26 233 1
94 164 1
87 220 1
77 148 1
171 230 1
61 63 1
22 231 3
55 164 1
34 66 1
185 249 1
62 90 3
54 239 1
52 125 1
130 182 1
149 226 1
50 54 1
166 255 1
51 79 4
119 224 2
85 239 2
54 85 1
11 11 1
29 54 1
129 246 2
41 182 1
55 161 3
98 164 1
170 192 1
181 187 1
28 261 2
72 189 1
11 68 1
25 67 1
40 97 5
106 145 1
137 195 1
106 106 1
218 236 1
155 161 2
3 142 1
144 198 2
12 113 1
151 220 1
108 142 1
113 131 2
72 141 2
85 261 1
42 60 1
7 202 1
14 112 1
229 254 3
97 198 1
257 263 1
32 151 2
112 260 1
158 198 1
141 241 4
4 80 1
24 210 1
67 249 3
74 242 1
136 263 1
23 100 1
98 161 2
34 79 1
49 54 1
152 220 1
133 189 1
26 133 1
37 238 1
21 89 1
33 188 2
35 48 2
131 142 2
209 243 1
107 156 1
12 190 1
161 235 1
18 234 3
57 114 1
237 245 1
141 247 3
88 160 2
165 214 1
162 172 1
145 247 1
50 130 1
133 217 1
254 263 1
113 190 1
61 190 2
13 62 1
56 129 2
50 65 1
11 211 1
188 246 1
137 257 1
47 69 1
62 88 1
15 186 1
93 193 1
195 211 1
236 254 1
198 246 2
239 247 1
76 238 2
64 191 1
87 157 1
146 158 1
133 209 1
8 161 1
74 125 1
71 75 1
118 162 1
100 177 1
170 171 2
168 209 1
151 157 1
87 134 1
67 244 1
50 136 1
135 186 1
26 144 1
100 217 1
208 242 1
73 162 1
80 146 1
85 164 1
87 217 1
42 120 1
45 127 1
155 249 1
16 261 1
45 225 1
52 260 1
39 233 1
107 182 1
55 170 1
127 219 1
26 143 1
166 241 2
113 134 1
131 186 1
247 247 2
163 216 1
7 28 1
124 144 1
33 80 2
196 236 1
133 249 1
185 263 1
71 164 1
41 60 3
15 231 1
107 130 3
114 217 1
42 182 1
62 164 1
43 119 1
94 258 1
75 78 1
50 106 1
47 167 1
182 212 1
159 193 1
4 72 1
179 262 2
66 89 3
212 237 1
83 181 1
85 255 1
85 234 2
1 237 1
25 43 2
40 80 1
5 263 1
12 125 1
158 179 1
141 254 1
7 216 1
125 165 2
170 252 1
68 210 1
188 189 1
55 230 1
186 217 2
72 233 1
82 261 1
37 76 3
43 213 1
34 40 1
22 140 1
47 79 1
26 65 1
215 229 1
205 230 1
142 193 1
78 142 1
23 154 1
89 137 1
25 82 1
241 252 1
90 223 3
15 100 3
1 130 1
225 239 1
114 152 1
36 209 1
114 182 1
217 227 3
114 135 1
94 229 1
76 250 2
159 209 1
65 190 1
49 262 1
7 8 1
62 65 1
93 129 1
30 141 1
56 211 1
141 197 1
76 137 1
107 175 1
69 107 1
55 162 1
79 135 1
238 241 2
164 190 1
55 65 1
93 125 1
141 174 1
36 134 1
58 231 1
225 235 1
90 198 1
90 128 1
113 179 1
71 151 1
92 262 1
55 231 1
13 247 1
116 232 3
43 228 1
113 254 1
52 133 1
121 140 1
142 159 1
18 249 1
237 248 1
41 77 1
31 147 1
216 233 1
23 87 1
227 230 1
86 246 1
48 155 2
137 152 1
245 246 1
163 197 1
171 237 1
61 70 1
87 198 1
21 231 1
87 196 1
88 129 1
152 231 2
43 189 2
70 107 1
92 229 1
164 191 1
134 244 1
108 261 1
45 71 1
48 128 1
137 160 1
61 146 1
133 143 1
12 163 1
211 260 1
224 243 1
114 198 1
195 236 1
100 131 1
107 177 1
9 164 1
48 149 1
197 261 1
183 231 1
26 88 1
71 177 2
8 238 1
161 185 1
90 210 1
18 107 1
25 262 1
85 88 1
194 262 1
38 164 1
73 161 1
182 229 1
74 93 1
182 234 1
113 193 1
84 162 1
42 71 1
21 162 1
106 151 1
211 215 1
81 236 1
28 238 1
90 240 1
40 152 1
127 255 1
4 37 1
12 189 1
247 254 1
39 249 1
168 188 1
162 167 1
82 256 1
33 133 1
29 29 1
136 239 1
17 197 1
88 116 1
88 182 1
62 74 1
29 68 1
45 83 1
39 141 1
149 231 1
166 219 1
11 88 1
50 159 1
47 142 1
18 94 1
77 144 1
61 71 1
121 234 1
148 218 1
129 209 1
5 138 1
132 204 1
162 210 1
166 252 1
16 234 1
186 259 1
17 117 1
32 164 1
33 69 1
170 250 1
188 228 1
94 244 2
42 125 1
36 224 1
21 79 1
220 244 1
92 215 1
48 71 1
167 182 1
170 201 1
114 247 1
170 184 1
25 223 1
60 232 1
25 134 1
136 148 1
157 255 1
91 177 1
101 230 1
7 192 1
50 257 2
49 117 1
75 83 1
41 76 1
112 196 1
82 157 1
7 250 1
158 178 1
85 233 1
140 212 1
134 164 1
24 256 1
55 209 1
136 249 1
77 229 1
164 173 1
149 164 1
247 258 1
117 137 1
235 235 1
156 170 1
20 220 1
20 78 1
216 258 1
50 200 1
18 244 1
163 165 1
79 215 1
162 250 2
126 234 1
212 213 1
56 216 1
166 185 1
56 136 1
22 113 1
47 240 1
188 216 1
91 195 2
119 169 2
135 262 1
50 51 1
106 235 1
220 247 1
32 254 1
35 77 2
39 123 1
72 205 1
139 163 1
150 178 1
72 117 5
218 230 1
164 205 2
163 258 7
39 143 1
120 232 1
88 91 1
75 130 1
140 213 2
134 225 3
63 219 1
97 243 1
164 222 4
86 216 2
76 106 1
76 188 1
102 135 1
171 171 1
50 55 1
158 222 1
205 254 1
42 208 1
213 259 1
200 254 1
23 235 2
61 213 1
177 216 3
15 63 1
147 237 1
177 222 1
76 225 1
134 216 2
7 51 1
35 256 1
137 216 1
51 94 1
60 259 1
63 213 1
126 188 1
235 250 5
74 252 4
119 230 1
101 101 1
21 48 3
14 157 1
51 219 1
182 249 1
131 243 1
71 107 5
205 259 4
48 222 1
14 198 4
77 177 7
216 243 6
102 226 3
125 152 2
83 89 2
91 141 2
16 226 2
13 240 2
63 168 2
35 50 2
136 244 2
91 257 2
37 89 2
77 81 2
29 145 2
108 202 2
3 184 2
41 205 2
61 179 2
76 86 2
137 169 2
39 203 2
36 61 3
39 72 5
42 147 2
142 190 2
127 225 4
92 135 3
51 61 2
51 239 2
102 255 3
107 247 2
151 228 4
18 48 2
23 129 3
68 165 3
35 76 3
169 213 2
51 185 2
101 108 2
198 198 2
15 230 2
90 195 3
71 181 3
213 246 2
55 90 2
51 148 2
155 181 2
47 163 4
7 42 2
91 123 2
22 232 2
35 233 2
81 241 2
254 259 2
46 119 2
76 231 3
55 89 2
81 168 2
47 246 2
168 254 2
167 185 2
94 107 2
161 222 4
26 44 2
121 225 2
140 210 2
91 143 2
161 242 2
107 173 3
56 121 2
42 222 2
47 68 2
250 254 2
21 140 2
163 171 2
11 50 2
213 225 2
129 133 2
35 229 2
101 186 2
67 239 2
10 17 2
197 215 2
208 234 2
62 75 2
51 135 2
39 85 2
76 151 2
46 102 2
75 182 2
81 121 2
166 225 2
42 136 2
130 152 2
140 159 2
167 248 2
67 90 2
85 91 2
166 191 5
203 263 4
18 69 2
91 106 2
51 142 2
41 188 2
89 256 2
35 137 2
45 185 2
213 216 2
48 117 2
152 225 2
195 238 2
188 247 2
136 213 4
130 242 2
157 258 2
61 191 2
28 189 2
167 225 2
42 139 2
101 205 1
168 220 1
38 171 2
24 56 3
170 206 1
18 136 1
130 194 1
136 232 1
152 171 1
35 37 1
77 77 2
38 225 2
155 203 2
191 215 2
79 235 2
80 219 3
93 171 2
21 113 2
92 175 2
62 121 2
116 169 2
55 239 2
10 93 2
233 250 1
97 102 1
27 155 1
205 205 1
93 212 1
210 232 1
121 168 1
197 225 2
213 234 1
151 181 1
15 249 1
25 213 1
33 101 1
122 261 1
85 216 1
26 135 1
94 186 1
91 225 2
26 236 1
10 35 1
11 149 1
147 218 1
28 77 1
164 210 1
31 100 1
60 168 1
39 230 1
51 241 1
41 70 1
49 215 1
148 169 1
47 254 1
14 256 3
9 224 1
81 143 1
77 205 1
205 219 2
16 224 1
72 228 1
89 235 1
137 213 1
82 151 1
34 188 1
21 106 2
62 139 1
22 100 2
66 218 1
77 210 1
71 91 2
37 136 1
14 150 1
76 216 1
98 197 1
37 222 1
32 238 2
39 60 1
55 123 2
55 163 1
121 244 1
76 148 1
235 248 1
35 80 1
35 191 1
123 238 1
146 258 1
51 218 1
36 39 1
131 203 1
47 81 1
18 53 1
91 97 1
60 241 1
61 74 2
258 260 1
153 218 1
222 262 1
41 146 2
137 241 1
136 242 1
92 133 1
67 262 2
22 92 1
90 208 2
151 182 1
24 81 1
35 239 1
94 126 1
158 212 1
77 85 1
91 222 2
92 119 1
177 234 1
37 197 1
115 262 1
86 117 1
61 95 1
81 136 1
47 169 1
102 216 1
151 183 1
91 188 2
182 261 1
78 225 1
208 208 1
152 213 1
3 79 1
49 247 1
211 235 1
79 218 1
123 243 1
17 151 1
70 261 1
69 231 1
55 150 1
155 178 1
63 76 1
129 216 1
41 183 1
102 222 1
75 80 1
13 51 1
89 130 1
88 235 1
42 81 1
98 186 1
45 78 1
39 228 1
185 242 1
33 168 1
81 133 1
17 155 1
76 80 1
188 225 1
155 238 1
10 124 1
74 121 1
22 26 1
73 208 1
137 215 1
140 205 1
20 89 1
77 225 1
76 244 1
184 213 1
3 239 1
155 237 1
159 259 1
13 77 1
178 237 1
39 202 1
35 71 1
107 216 1
78 224 1
3 193 1
169 218 1
18 170 1
66 177 1
64 171 1
166 248 1
17 127 1
42 62 1
241 243 2
72 76 2
61 242 1
127 169 1
15 163 1
24 188 1
7 86 1
61 140 1
200 201 1
47 192 1
51 163 1
9 260 1
198 215 2
122 191 1
49 167 1
80 159 1
185 250 1
107 126 1
117 124 1
51 143 1
189 201 1
10 108 1
144 191 1
225 250 1
61 177 1
39 75 1
86 256 1
36 218 1
10 101 1
63 89 1
198 218 1
