112 141 8
164 231 120
246 249 141
3 50 1
145 145 140
151 239 418
41 74 283
74 138 30
138 223 67
132 163 157
48 48 483
48 162 504
236 239 801
36 239 2
49 132 60
164 249 76
179 179 18
132 141 88
92 171 2
7 43 8
1 230 72
137 209 31
132 162 172
48 113 52
137 170 474
107 229 266
48 226 12
140 142 313
48 142 471
48 50 367
132 223 68
166 193 6
186 186 91
48 239 293
146 236 8
1 48 26
146 186 3
236 262 1310
7 48 26
88 107 53
68 79 77
132 166 55
132 238 132
43 239 274
262 263 395
132 230 304
12 162 5
43 238 369
138 236 169
143 186 97
1 107 14
140 237 1095
141 223 5
141 237 955
79 137 323
132 145 74
138 138 113
170 211 63
263 263 186
140 239 219
79 234 213
132 138 376
244 244 77
152 220 13
87 107 65
166 239 348
140 229 609
4 249 19
239 239 294
142 162 348
75 238 449
48 116 25
7 179 34
143 163 311
132 263 97
148 256 7
68 88 20
74 75 770
36 61 4
161 230 984
140 262 891
141 142 231
100 163 632
39 132 51
43 162 182
41 48 50
132 262 107
28 130 1
42 142 15
87 148 24
129 132 50
75 140 315
74 236 376
137 229 279
230 244 27
42 152 80
68 140 107
68 90 267
7 7 85
68 197 3
68 164 172
48 230 912
168 230 2
79 125 46
262 262 148
168 262 8
140 140 282
79 158 26
87 230 91
163 186 628
68 148 21
79 170 317
45 229 7
186 233 398
68 170 366
68 119 2
132 226 86
7 132 70
114 170 125
164 170 464
137 161 232
14 164 1
83 260 7
11 236 1
45 79 17
107 148 60
226 229 46
237 262 740
48 68 595
68 125 56
100 161 1711
141 163 219
166 236 205
41 42 203
132 257 10
143 166 110
143 238 594
151 238 546
161 186 2121
138 141 112
43 107 49
163 263 187
129 249 1
33 52 120
45 87 26
138 249 31
42 74 160
137 151 7
238 239 919
143 233 30
186 230 1266
4 137 37
4 164 8
100 186 326
236 263 931
132 256 45
4 232 21
48 79 63
87 237 36
75 161 156
56 237 8
50 132 41
42 151 68
68 230 375
170 231 221
132 164 156
142 186 190
137 262 147
107 234 368
42 42 184
100 140 192
127 244 13
243 243 14
162 263 486
79 225 2
4 79 52
132 186 83
7 223 38
198 230 2
159 167 3
163 237 559
7 230 8
48 100 337
75 151 220
48 134 1
41 213 3
15 132 8
129 226 20
100 137 213
19 132 7
107 164 284
158 231 128
137 249 45
170 263 158
130 132 143
142 163 487
132 142 125
132 170 204
107 137 518
17 132 43
107 186 813
141 162 1123
230 241 1
90 162 160
162 186 1008
132 161 189
50 94 1
17 247 1
45 65 6
132 196 48
161 238 371
75 152 27
137 188 13
90 226 12
95 138 3
162 236 1530
162 238 266
143 230 358
186 239 117
161 263 482
42 179 1
41 233 15
1 143 6
140 236 1264
75 262 458
197 263 1
75 141 368
164 261 17
170 170 283
48 229 76
128 142 7
9 132 12
236 237 3397
75 236 1071
132 132 335
140 226 61
28 132 136
230 246 701
164 246 226
82 142 3
24 239 215
100 144 36
79 107 288
74 263 346
236 236 1788
138 229 91
79 162 303
4 107 32
90 90 79
48 246 627
88 162 140
47 212 3
230 238 275
170 226 38
33 209 4
113 249 210
68 186 349
74 79 26
41 75 265
163 230 235
4 48 9
4 61 1
238 263 290
137 144 34
236 238 1238
141 236 1319
137 174 3
29 29 3
122 262 1
69 170 22
145 229 17
45 170 13
100 236 202
50 164 50
142 238 706
48 151 98
87 185 1
7 170 9
162 170 998
164 234 339
249 249 99
79 90 64
42 263 29
42 163 8
161 161 569
43 262 222
132 133 10
1 231 16
137 246 53
100 132 83
79 79 205
100 107 182
90 231 213
186 229 164
137 137 95
68 161 435
48 132 160
48 186 410
48 152 19
95 95 11
142 239 667
162 239 317
132 233 121
107 170 865
161 164 766
138 164 203
75 263 641
43 237 480
151 244 87
68 249 180
138 230 547
48 166 55
137 162 790
79 140 113
41 132 43
132 173 10
164 255 3
142 151 189
48 164 201
179 263 4
79 164 81
25 228 1
79 233 174
87 231 157
186 209 12
142 226 7
161 246 442
50 246 205
209 238 9
161 231 556
68 237 130
243 260 3
152 223 1
79 241 2
116 244 74
68 163 192
36 170 2
79 262 37
48 234 199
32 229 1
164 262 76
74 141 148
82 226 12
48 87 31
100 237 320
17 231 1
164 240 3
107 129 3
87 170 99
186 234 1280
39 42 1
132 249 40
48 170 403
43 43 290
238 243 29
7 163 6
7 49 8
68 246 359
68 100 157
107 158 61
140 163 210
170 229 409
95 132 87
232 249 25
74 151 133
79 249 144
75 237 533
61 132 83
138 233 129
127 132 7
138 238 112
17 146 1
4 189 1
189 195 3
144 256 7
48 56 3
144 234 51
114 231 102
237 263 622
43 138 84
148 263 11
148 249 36
48 90 186
82 197 1
129 197 3
132 239 106
79 151 6
43 151 127
238 238 343
28 138 5
231 238 73
75 75 379
186 232 25
151 236 347
164 169 4
74 152 55
132 260 28
239 260 3
107 141 202
138 263 134
79 138 72
50 143 165
42 75 147
148 262 10
143 237 258
67 132 7
107 138 100
164 164 130
100 138 172
132 149 15
140 141 658
140 233 456
170 186 1313
107 246 172
162 233 430
79 211 38
113 230 166
138 163 204
87 90 25
209 236 15
100 234 330
65 216 1
198 238 1
186 238 88
68 231 209
132 243 19
90 249 227
141 146 12
140 263 699
74 74 189
161 163 743
151 233 22
87 233 68
140 170 278
50 100 181
79 87 77
125 186 143
100 233 239
68 151 28
141 229 441
37 56 1
100 230 1211
170 224 90
50 68 193
79 141 60
141 263 691
75 229 149
137 234 312
82 233 4
148 186 65
100 170 704
144 164 28
7 113 7
3 74 1
83 157 1
226 262 35
74 87 6
74 94 3
100 263 105
186 237 410
132 197 60
114 144 21
56 70 1
36 162 1
24 237 58
24 48 30
7 90 2
223 229 3
141 170 338
164 230 325
161 237 1477
136 159 1
48 129 1
226 226 80
17 37 4
49 177 4
237 237 1100
37 79 3
33 137 24
75 144 9
79 226 13
148 160 1
170 223 7
243 263 6
137 238 47
13 137 58
68 132 91
4 233 23
132 139 30
42 79 5
87 132 59
90 170 285
82 161 7
87 162 204
66 158 4
162 249 153
68 239 106
79 113 224
239 249 14
234 249 292
116 142 35
40 228 3
88 125 6
166 238 533
75 234 42
79 246 90
114 148 68
239 263 158
4 239 1
93 132 368
141 209 22
170 236 429
87 137 59
90 246 233
148 179 1
37 132 57
74 229 23
79 145 2
137 263 109
79 89 1
68 243 3
224 233 69
48 161 1260
75 186 114
79 181 5
41 79 5
90 229 36
186 231 489
161 211 71
79 193 7
4 114 33
162 163 373
186 225 4
79 142 25
50 151 80
234 238 78
142 237 637
48 243 8
142 164 117
61 107 3
229 262 238
179 226 6
107 107 201
7 79 2
112 193 2
74 262 218
186 262 74
170 234 776
44 135 4
142 161 830
142 262 230
114 234 110
48 141 139
119 243 1
116 243 4
45 249 19
61 79 3
48 75 75
87 163 26
209 262 14
12 48 6
144 162 37
89 148 10
100 223 1
79 143 5
42 166 96
79 186 178
112 186 2
151 170 28
90 107 272
239 262 125
237 249 69
13 132 63
90 161 378
230 236 382
132 169 3
188 229 1
75 132 63
79 260 5
113 113 107
42 48 12
113 162 202
239 241 1
152 166 90
114 132 28
50 161 211
137 141 173
164 229 207
231 236 135
7 263 8
48 223 3
162 230 440
75 162 162
170 230 522
74 92 3
79 132 107
127 243 7
116 143 15
43 161 460
50 170 64
141 179 21
226 230 23
113 170 230
61 234 1
158 249 75
229 233 328
162 229 633
13 234 210
186 249 260
65 224 19
132 191 26
106 144 1
141 233 328
90 233 37
138 237 139
132 236 122
229 237 538
26 140 3
1 209 2
151 166 320
148 225 3
79 243 1
12 231 11
25 140 8
161 162 569
186 263 92
13 50 61
132 244 20
132 216 140
33 68 12
87 87 44
113 163 90
22 48 1
50 234 46
88 231 43
243 244 35
137 236 124
50 186 240
12 186 3
87 114 15
75 127 5
229 238 79
45 148 8
232 262 15
113 186 250
50 138 22
132 255 65
132 140 69
137 230 122
164 171 1
164 236 161
142 263 169
48 238 213
90 137 123
48 233 101
134 186 2
24 151 123
68 143 121
236 249 51
48 249 90
231 232 39
232 232 27
137 233 203
138 186 81
68 97 4
48 163 574
75 163 101
88 163 17
88 137 26
7 226 53
82 179 2
112 114 8
79 80 5
107 263 101
146 226 55
4 256 1
148 224 6
132 188 53
141 145 11
68 68 196
95 236 5
229 229 101
129 173 4
33 144 8
223 230 4
137 164 301
61 186 2
48 260 10
116 151 25
107 162 936
138 162 383
132 148 70
88 164 17
170 233 287
132 198 20
151 226 1
93 230 9
192 196 2
90 148 15
114 246 32
170 239 134
142 168 4
1 100 22
70 193 1
100 166 43
138 140 88
129 148 2
82 129 10
7 129 29
162 237 1501
45 161 18
74 166 147
107 151 16
72 132 25
74 244 48
107 237 204
13 140 87
88 140 57
80 132 45
186 236 246
140 230 158
41 166 237
140 244 54
221 261 1
75 138 56
10 132 179
132 229 88
114 114 14
144 231 77
34 45 1
163 232 17
107 140 356
79 224 47
112 237 1
79 263 24
42 43 30
75 213 3
127 229 1
35 132 23
138 244 11
234 239 64
24 142 59
48 135 5
48 138 151
79 256 10
13 164 104
170 262 132
42 168 13
217 225 2
45 132 14
13 161 184
140 186 277
42 234 19
41 138 22
42 138 12
88 88 9
48 236 190
92 132 32
125 158 50
140 238 275
132 151 64
116 158 2
138 211 16
43 142 397
179 230 1
87 164 47
48 74 53
107 114 134
42 132 32
137 261 32
107 233 342
141 164 156
90 244 15
152 244 52
173 234 1
50 61 3
79 230 84
138 262 121
7 145 44
122 132 11
148 233 22
17 148 12
90 158 86
141 238 284
107 144 92
137 186 728
79 88 16
228 260 1
140 151 80
137 140 265
186 223 1
80 107 8
148 209 7
137 138 29
43 152 10
90 138 44
100 141 167
112 132 48
179 229 27
100 246 299
107 161 691
132 192 8
13 13 74
239 261 17
50 209 2
38 132 22
113 152 5
79 229 124
75 170 100
90 234 282
43 163 203
129 263 1
142 243 6
233 238 63
116 230 15
90 100 168
144 249 43
48 256 1
107 249 199
100 231 179
90 186 365
167 243 1
79 166 8
107 202 1
246 263 53
193 230 2
48 137 174
1 233 7
132 158 26
238 249 22
137 224 95
161 229 746
230 233 180
42 255 1
141 169 1
231 256 2
88 229 48
87 198 2
164 198 3
50 239 125
90 146 1
74 116 67
107 166 6
75 159 4
113 239 28
68 236 120
48 143 363
50 79 45
181 186 4
163 228 1
148 232 38
138 161 479
98 196 1
1 114 3
68 142 210
48 127 21
52 138 7
68 229 39
14 231 2
13 261 57
1 162 22
249 261 24
1 164 22
48 212 1
163 249 156
1 90 14
116 159 1
32 37 1
68 234 339
228 228 7
233 249 33
246 246 107
79 114 118
141 226 29
162 261 56
48 148 18
79 237 56
75 100 69
42 68 10
75 143 74
141 152 5
143 239 597
138 158 22
113 164 129
158 255 1
79 112 2
24 68 15
226 255 6
107 236 191
79 100 102
45 234 4
132 137 56
4 17 1
68 138 93
75 82 7
100 238 80
79 148 68
52 230 30
211 231 64
13 231 433
230 231 303
142 143 461
132 231 56
142 249 50
1 68 15
148 151 4
24 75 54
138 261 57
132 189 42
68 83 1
100 162 701
13 48 113
142 246 163
142 146 6
42 50 6
100 239 120
114 229 14
1 132 8
132 215 129
41 215 1
88 100 17
24 140 22
179 239 2
4 14 1
166 166 149
132 209 17
230 237 307
141 246 62
68 211 16
158 186 81
112 148 2
1 1 30
170 209 20
113 211 55
42 143 12
137 148 110
41 116 58
127 230 3
138 142 100
138 234 98
68 262 67
132 218 47
117 197 1
138 209 17
113 137 109
114 225 1
113 141 38
100 100 82
145 193 56
114 158 35
74 249 7
148 234 50
234 247 2
68 107 208
66 97 7
131 132 18
41 238 175
1 186 11
74 142 36
151 163 81
174 200 3
169 242 1
28 141 1
88 246 50
13 87 128
74 148 3
43 236 889
43 132 69
113 226 4
42 47 1
68 114 38
107 232 46
48 89 27
68 238 86
220 243 1
164 186 551
41 164 5
68 113 118
161 234 708
164 237 193
74 168 26
163 224 17
223 263 3
4 132 20
230 239 301
24 43 58
48 263 48
186 246 558
141 186 224
48 70 1
226 263 9
151 161 83
67 133 1
75 107 81
141 230 140
82 160 4
56 129 1
164 233 165
33 230 19
1 163 29
142 142 295
132 181 77
48 237 250
132 234 85
132 246 55
129 223 6
116 249 5
41 161 43
100 151 36
223 244 7
140 164 104
163 233 119
169 229 2
74 170 21
107 230 268
38 107 1
132 237 80
79 82 7
100 146 5
68 152 13
36 107 4
17 144 1
50 230 351
66 238 4
129 231 3
17 90 2
42 69 18
100 224 10
137 142 52
12 107 3
24 238 282
138 239 128
193 193 118
48 203 2
75 226 12
48 158 50
143 246 169
143 152 16
7 151 1
7 260 18
68 80 1
34 144 2
217 249 2
229 234 125
230 260 7
61 137 5
140 224 68
48 261 33
13 79 44
116 179 1
41 152 82
152 152 19
232 261 7
14 132 22
152 238 61
4 231 8
123 225 1
132 146 20
50 263 34
68 224 16
36 80 1
80 198 1
132 205 29
74 161 19
41 239 105
140 162 857
132 180 10
114 138 22
144 170 52
65 195 3
43 186 139
7 229 10
237 243 1
71 89 6
162 162 343
68 177 1
90 163 139
148 173 1
60 229 1
100 114 23
24 74 47
24 166 93
50 90 56
61 76 12
74 230 16
127 247 1
233 262 225
238 262 187
223 246 1
164 247 1
63 258 1
129 162 6
112 234 3
69 116 4
129 179 9
74 223 31
14 68 4
140 234 135
128 263 1
163 164 173
230 230 222
13 232 7
1 161 34
74 237 169
186 224 31
113 142 23
50 63 1
79 232 44
166 246 23
132 194 8
162 234 570
45 231 29
113 132 60
237 239 389
36 211 1
37 37 5
186 216 1
37 256 4
77 194 1
14 227 1
48 97 3
229 236 436
132 201 8
90 211 17
244 263 17
151 151 88
82 163 7
45 56 1
45 186 16
132 182 8
90 114 48
223 223 42
56 232 2
36 148 4
52 132 19
7 146 41
113 179 5
36 132 37
65 250 2
163 163 81
132 252 21
49 83 1
234 234 164
89 132 51
132 155 19
142 170 193
79 231 94
91 132 22
70 132 15
132 261 32
56 132 61
132 208 11
7 262 14
242 262 1
48 92 1
75 116 19
75 244 26
132 144 30
129 129 23
49 90 5
65 186 16
142 230 489
75 166 119
12 161 3
24 138 14
24 246 15
138 181 9
1 237 15
137 232 31
43 141 259
238 244 85
152 230 8
125 229 13
97 138 6
161 236 1764
43 140 233
163 246 232
138 260 23
13 141 75
90 224 32
132 179 22
230 249 262
7 138 30
158 161 198
50 142 146
161 170 852
13 230 240
1 138 2
144 238 8
244 246 31
209 233 24
234 261 35
138 170 222
170 232 20
107 224 70
68 158 103
163 238 309
76 231 8
139 219 1
13 239 101
161 226 50
87 140 79
141 166 55
75 164 55
232 233 23
237 238 554
113 224 27
78 262 1
182 234 2
137 163 74
43 234 83
48 107 140
170 237 500
114 161 98
41 43 88
137 239 44
145 163 5
161 224 71
236 244 28
116 116 59
116 166 88
90 164 181
163 244 14
13 237 81
33 40 95
107 189 12
143 262 134
229 244 6
148 164 12
181 231 20
161 249 426
162 164 282
125 164 40
52 231 48
88 230 45
50 237 57
4 230 23
50 140 47
158 246 64
148 159 3
143 151 131
50 163 221
141 161 833
50 236 45
68 162 228
69 174 3
48 125 29
239 243 4
77 132 12
229 230 300
39 148 2
152 262 3
43 166 120
100 229 197
116 236 19
13 107 106
113 143 48
87 121 1
163 236 741
143 224 12
141 178 1
255 256 1
158 230 149
82 260 9
233 239 38
100 193 1
143 236 406
211 238 7
75 87 17
234 236 255
87 158 47
75 79 60
66 170 4
143 146 1
233 236 218
143 153 5
113 125 54
107 132 117
138 143 43
79 161 238
87 262 52
21 132 7
71 222 2
91 209 1
107 231 226
141 151 59
100 143 149
41 151 131
163 166 81
125 230 76
13 100 71
66 231 17
79 163 68
25 161 13
158 238 28
70 233 4
231 231 272
140 161 552
143 161 329
107 142 77
100 142 226
43 48 99
43 143 194
231 239 87
87 234 75
162 226 87
13 236 155
75 230 68
164 211 48
132 258 22
233 243 3
16 136 1
24 230 32
113 236 126
50 162 113
24 170 25
138 226 20
77 170 22
40 162 25
35 201 1
90 230 320
74 239 84
7 173 1
224 263 22
114 237 19
114 137 74
50 107 62
33 181 9
74 140 205
97 97 31
43 75 231
70 138 33
161 233 415
125 161 160
143 162 219
163 229 202
234 262 70
143 164 55
229 263 246
52 144 17
143 170 84
1 75 1
233 234 126
143 249 19
50 50 88
163 234 172
113 158 99
75 114 6
132 152 9
65 209 3
113 261 47
129 138 110
140 143 176
141 239 173
45 48 6
65 66 19
141 141 352
91 100 2
43 170 93
87 186 104
87 100 43
142 234 105
174 229 2
50 75 21
211 232 7
163 262 154
48 247 5
25 210 2
87 161 134
233 246 56
114 249 83
186 261 74
239 246 143
33 234 30
113 161 396
148 231 37
100 249 92
233 237 187
48 262 36
24 24 19
140 231 99
26 164 1
4 74 13
244 262 40
224 262 37
194 263 2
66 161 20
163 170 266
74 159 8
47 236 4
33 132 40
226 237 23
88 236 57
48 140 190
24 262 24
249 263 15
100 262 93
140 209 44
113 231 167
4 195 2
138 179 21
42 237 21
13 143 115
114 262 17
231 237 96
82 170 2
50 243 4
193 226 19
163 239 319
33 66 12
95 134 4
65 179 1
4 236 9
20 132 2
100 226 11
52 234 5
75 239 177
88 158 36
129 236 7
142 229 75
25 162 18
121 132 15
75 88 13
170 175 1
170 249 206
149 181 1
138 246 47
137 237 119
26 162 2
24 236 101
164 243 1
170 181 10
1 113 5
107 113 188
162 224 56
216 261 1
181 210 1
75 243 5
125 163 36
68 137 96
79 179 2
28 230 3
21 140 1
151 237 125
158 237 29
143 168 8
116 237 18
75 137 84
88 161 45
134 138 2
50 238 112
161 262 446
40 66 24
43 164 62
107 260 7
231 233 69
90 263 11
230 262 133
166 237 65
143 143 248
161 239 544
224 228 1
145 260 11
148 258 1
70 260 6
88 170 83
159 263 19
40 87 8
132 202 8
231 244 7
162 262 416
113 237 89
129 237 8
142 166 146
141 231 91
41 244 40
220 262 2
13 158 94
40 231 16
124 170 6
13 166 15
65 88 2
56 138 4
141 143 157
37 155 1
4 141 12
114 164 39
13 163 77
88 148 16
229 249 47
137 166 7
79 261 37
83 223 5
141 234 103
87 141 53
141 262 542
224 236 32
41 243 7
231 249 224
186 213 1
88 239 17
132 224 20
12 13 12
13 263 28
209 234 29
151 234 13
132 150 5
55 88 1
13 262 44
13 186 182
66 186 8
50 261 5
60 75 11
75 194 1
48 244 64
211 249 43
75 233 89
24 41 142
54 233 4
62 132 25
65 233 21
87 113 58
80 137 8
142 236 626
87 125 12
41 236 143
113 234 244
100 164 293
113 232 34
138 224 10
42 262 15
142 233 63
158 211 18
13 170 117
161 261 60
14 77 1
82 132 69
188 231 4
68 144 26
147 223 1
113 140 67
86 238 1
49 107 6
234 237 194
135 170 29
240 244 2
65 162 46
125 132 27
83 132 11
52 66 8
92 138 9
12 164 6
33 138 7
49 87 12
161 232 11
87 229 78
13 90 103
41 41 120
90 236 83
132 203 48
68 75 53
209 224 8
39 97 7
162 246 282
170 246 300
98 171 16
170 238 139
209 246 8
224 234 41
230 234 346
24 152 30
161 223 2
100 113 74
24 162 16
142 223 4
75 113 47
113 114 94
13 249 126
66 132 24
24 42 30
41 142 63
229 231 65
106 132 10
25 191 3
87 116 4
125 231 98
20 119 2
261 261 20
79 124 4
33 65 15
144 161 73
90 238 27
43 244 33
69 75 24
25 132 42
132 232 15
50 137 24
68 248 2
33 231 83
231 234 283
68 233 84
7 100 4
4 13 6
127 142 7
74 238 146
158 233 14
25 39 4
144 186 76
138 166 32
114 186 59
90 141 38
125 249 66
107 239 24
7 68 3
231 246 222
13 162 208
163 211 23
55 132 7
52 261 7
12 50 4
13 71 2
100 261 29
162 231 294
132 134 47
43 56 4
107 163 135
50 233 30
163 203 1
164 238 66
42 137 15
24 141 18
48 88 39
140 249 37
163 231 146
50 249 34
119 141 15
76 132 63
88 238 17
148 229 34
87 249 41
43 50 24
82 223 4
66 107 4
143 231 77
169 262 1
7 152 18
151 162 49
123 261 1
151 152 29
152 236 31
78 247 1
41 140 34
45 45 6
45 125 6
79 144 85
158 234 103
13 229 75
25 52 29
100 168 4
230 263 107
148 148 17
107 125 51
236 246 101
90 140 49
41 141 25
142 231 94
162 244 21
107 262 153
166 244 112
47 116 1
48 114 25
48 145 8
43 263 197
233 263 204
193 238 1
226 260 61
137 231 105
74 186 12
13 68 118
127 239 5
65 247 4
82 146 3
85 143 8
232 236 16
25 74 17
65 161 28
102 137 2
66 162 29
126 143 1
157 196 3
24 161 31
114 233 23
114 163 27
52 179 2
50 166 28
87 138 84
48 231 112
231 263 47
74 143 17
140 246 47
41 237 66
95 161 9
82 186 5
33 107 25
87 224 30
114 125 25
151 263 66
88 141 46
148 162 52
25 25 17
24 263 21
152 170 8
57 132 2
116 263 24
236 261 25
87 236 48
87 263 48
60 222 1
7 193 69
33 170 13
68 244 7
42 244 45
202 234 1
132 157 42
209 229 40
52 79 5
1 125 8
151 229 8
209 230 19
158 261 24
161 209 22
113 148 45
125 261 27
13 233 76
43 230 138
13 181 10
140 146 26
87 261 62
65 237 6
148 211 21
48 91 1
132 143 59
97 137 17
72 237 1
158 239 25
246 262 26
42 100 7
140 166 43
12 230 11
188 188 4
125 137 32
50 113 19
90 132 56
25 88 5
226 233 31
125 236 12
1 238 11
113 229 35
233 233 85
132 177 16
226 234 37
202 223 1
143 263 97
90 239 63
4 75 5
33 162 33
58 236 2
68 203 1
79 127 2
33 261 2
24 231 7
145 179 22
13 224 29
90 185 1
75 168 14
209 263 13
138 148 24
43 229 133
93 211 3
24 100 22
24 132 25
125 234 77
37 138 3
77 137 2
62 188 6
42 129 9
24 158 15
151 262 39
142 244 88
40 263 2
41 162 27
138 205 4
50 224 5
231 262 59
1 261 16
220 237 1
162 209 31
140 232 36
138 252 1
93 138 21
42 162 7
50 114 12
125 144 17
7 186 14
87 88 44
116 138 6
4 113 30
170 260 17
87 196 1
152 234 4
82 83 10
239 244 94
152 164 13
229 239 91
166 249 20
4 209 11
209 226 9
229 232 13
48 83 1
42 238 50
24 50 21
90 143 35
237 246 96
72 196 9
249 262 25
61 236 2
143 158 23
33 133 2
138 146 14
229 246 54
215 236 1
47 75 5
231 261 122
97 148 2
146 163 5
152 237 17
95 144 1
211 234 31
158 170 63
114 162 60
48 81 1
194 236 6
87 112 1
158 263 4
21 137 14
87 106 15
158 162 79
125 232 3
10 163 2
138 231 73
182 226 1
43 233 33
68 82 5
143 244 55
234 263 70
45 151 6
66 138 6
223 236 5
80 263 2
43 74 72
93 142 6
88 132 19
114 236 25
132 251 1
41 163 17
151 164 16
55 151 1
112 239 5
60 132 5
48 65 4
198 237 3
4 87 17
48 93 7
142 158 26
185 186 2
87 209 26
29 189 2
193 223 17
97 209 2
65 158 3
82 145 3
229 260 17
151 230 96
65 144 6
13 246 146
50 152 28
97 132 34
50 229 28
117 237 12
151 219 3
65 132 28
88 186 55
162 215 5
42 148 3
33 75 10
140 168 7
50 231 39
230 261 41
114 224 10
7 116 2
64 132 6
91 91 3
13 138 65
152 263 7
145 170 7
238 246 167
50 88 29
25 209 4
88 90 13
40 65 36
78 132 1
10 229 3
132 219 74
87 130 2
63 132 33
124 132 14
213 213 7
213 235 1
68 74 15
53 121 4
234 246 203
146 161 6
216 239 1
13 113 126
90 262 17
75 92 3
100 196 1
151 246 44
79 209 25
148 161 27
43 231 34
116 238 63
169 243 2
26 132 23
107 238 60
4 65 1
4 161 11
50 158 33
140 193 13
89 181 5
17 188 4
125 170 61
75 142 157
132 222 9
198 234 2
38 162 1
74 233 21
1 151 10
166 186 25
90 142 43
24 90 15
45 114 6
132 225 41
79 236 38
96 132 1
125 148 11
100 125 40
148 163 20
50 141 34
75 90 30
83 226 11
138 254 1
66 256 5
37 137 4
75 148 21
45 76 9
78 95 4
237 244 31
74 132 30
42 239 32
229 261 12
132 165 18
50 74 6
42 88 8
42 116 67
132 200 7
75 167 4
33 140 16
13 238 91
52 209 4
75 211 4
4 4 9
70 173 2
162 174 1
50 95 1
45 224 4
125 246 43
40 161 9
138 193 2
232 234 13
107 145 9
87 143 18
113 246 86
90 144 36
58 90 1
45 137 13
209 237 10
4 186 30
48 168 6
224 230 19
133 161 1
26 232 1
164 239 82
66 233 13
79 244 5
24 244 23
75 246 33
76 165 2
55 162 2
20 232 1
4 224 6
88 233 39
130 230 1
33 88 5
144 261 17
162 166 28
97 107 6
132 242 4
132 220 12
25 231 18
148 230 20
185 239 1
145 162 14
65 189 2
144 237 14
116 186 13
140 261 13
50 97 2
132 211 20
13 24 6
25 262 8
65 79 28
158 163 49
70 143 2
224 261 6
4 88 20
132 254 4
88 262 74
148 261 16
68 141 62
49 152 5
25 189 1
14 81 1
50 65 3
152 161 4
116 119 1
45 100 10
143 234 66
12 234 2
65 236 15
95 145 3
61 188 11
114 211 16
4 66 1
70 82 2
43 100 104
116 152 95
1 88 5
166 194 1
97 141 1
70 161 4
140 223 4
157 256 1
228 237 5
168 263 11
89 257 5
7 125 3
241 260 1
152 243 14
95 162 4
128 143 9
41 143 34
145 226 38
7 64 2
25 65 8
224 229 34
13 40 22
82 183 1
41 263 57
260 260 21
1 170 12
125 237 30
138 217 3
90 237 84
95 205 3
1 142 15
97 228 2
113 233 55
42 164 2
25 75 12
50 159 1
246 261 27
120 151 10
100 158 57
4 68 12
224 237 39
211 237 16
60 261 1
22 132 5
33 77 2
28 28 2
88 224 42
87 239 14
90 145 3
93 209 1
74 137 21
138 243 3
138 256 2
87 246 59
163 169 1
40 52 24
113 262 26
75 224 21
68 261 30
87 238 20
79 220 3
162 223 1
164 179 7
145 233 12
88 263 49
40 234 4
40 132 23
179 193 52
216 233 3
97 234 8
107 152 14
141 244 25
90 125 38
68 263 27
125 211 23
4 148 23
43 90 49
40 40 3
66 239 1
1 158 12
144 209 9
32 42 2
141 221 1
50 226 3
24 143 41
179 260 3
144 148 29
24 164 19
123 150 1
7 107 5
144 241 1
241 241 2
90 113 118
18 132 8
88 237 24
52 65 10
42 242 8
97 113 4
107 244 8
26 186 1
174 263 7
13 209 25
7 17 1
125 162 59
137 211 17
112 140 5
113 263 23
74 100 9
13 211 44
128 141 1
125 138 34
119 247 3
33 33 33
1 239 16
112 137 6
116 132 18
188 190 1
13 66 4
211 262 6
82 100 4
33 186 12
42 140 34
166 170 14
69 207 1
216 216 30
113 144 71
113 227 1
65 170 19
146 179 21
209 261 21
130 151 1
114 209 5
126 250 2
134 170 2
114 261 12
61 231 3
7 233 14
13 125 62
60 65 1
35 123 1
186 226 6
13 88 62
195 231 2
41 170 11
144 232 13
79 174 7
48 76 2
101 132 12
113 138 38
33 262 6
145 186 3
182 242 2
7 75 16
82 102 1
223 237 6
236 260 3
82 107 4
13 114 64
107 250 1
1 234 10
148 170 45
18 48 2
138 189 2
61 88 10
186 244 11
166 231 22
7 82 8
132 135 28
89 90 4
90 232 8
85 132 15
100 235 2
56 107 3
41 129 4
162 198 1
24 229 6
162 216 3
41 137 17
90 261 15
65 113 15
43 137 23
24 163 35
168 193 2
249 260 2
65 137 22
162 179 5
74 261 5
86 132 20
129 260 12
193 236 6
4 100 6
145 262 23
41 230 19
236 243 6
182 185 1
20 168 1
164 232 4
69 244 1
50 116 18
29 132 4
93 157 2
257 262 2
260 263 7
48 209 12
163 226 27
42 141 17
48 232 12
213 250 3
35 117 1
102 132 14
186 211 41
163 260 13
148 158 10
130 209 1
1 246 5
33 34 3
16 131 4
97 162 9
33 237 9
143 229 42
100 148 11
13 148 13
28 262 1
25 143 5
74 232 10
93 229 3
224 232 18
196 230 5
43 224 3
144 262 11
80 225 1
106 226 1
193 263 1
68 226 8
90 151 10
140 260 10
166 262 33
69 132 11
137 225 3
95 229 2
25 107 14
200 230 2
100 257 1
98 138 1
141 181 4
145 234 2
132 217 9
137 158 23
33 190 1
224 246 31
41 168 3
83 186 1
75 249 18
40 107 10
25 232 1
152 162 2
43 113 35
13 75 12
7 137 12
224 231 25
30 132 2
24 233 8
146 193 12
224 249 27
83 163 3
260 262 2
132 171 14
1 211 4
200 238 10
52 113 14
143 144 6
41 50 19
25 49 8
24 186 9
25 261 4
132 227 5
137 226 15
116 231 21
61 177 6
47 249 1
148 167 1
210 241 3
76 210 1
66 230 7
107 112 12
132 160 9
116 162 7
79 159 6
70 223 5
1 45 2
82 193 1
116 163 6
82 82 11
135 252 5
135 135 12
71 132 33
50 124 1
65 164 4
43 246 73
43 79 15
114 239 9
66 114 1
114 232 13
223 239 6
65 249 5
140 257 3
33 255 3
116 137 5
4 97 1
25 40 27
135 148 1
7 244 8
41 174 4
26 143 1
42 186 11
223 226 11
140 158 13
230 247 2
140 160 2
43 125 9
13 142 44
125 125 12
7 202 1
147 167 1
69 159 6
132 195 8
166 263 29
94 168 1
50 208 1
35 232 2
74 86 1
16 132 15
50 145 2
79 93 4
75 261 3
117 132 8
24 137 22
138 255 8
138 151 43
65 74 18
41 234 12
74 231 9
74 163 22
148 238 4
140 145 11
82 141 2
52 75 3
158 209 7
42 170 10
39 170 3
62 72 2
171 171 2
7 114 2
70 129 7
173 260 2
48 144 20
50 258 1
43 68 74
129 247 1
94 132 4
144 163 28
93 137 3
41 100 21
43 249 33
137 177 3
100 243 5
116 254 4
163 261 8
233 260 7
42 247 15
7 140 33
41 107 7
113 166 7
163 225 4
107 179 9
93 141 8
56 170 4
234 244 3
47 100 1
143 226 4
48 188 7
145 161 9
4 234 29
151 223 4
116 247 22
159 235 2
60 74 1
4 246 7
65 75 5
10 263 2
66 144 1
108 195 1
144 211 18
74 107 7
79 152 3
74 164 2
37 68 2
205 218 1
41 90 3
93 208 1
33 43 5
1 229 4
158 158 33
50 129 1
10 48 6
100 181 6
116 129 1
87 142 14
132 228 10
100 260 4
100 145 5
211 246 38
168 168 25
166 230 51
142 260 3
164 227 1
138 145 13
65 140 18
93 234 3
4 211 11
129 141 2
43 116 6
181 209 3
112 145 6
24 92 1
41 113 2
129 229 2
220 244 2
140 179 4
145 146 15
129 232 2
232 237 11
192 226 2
41 262 30
70 137 2
225 234 1
141 158 2
50 196 2
161 181 2
65 85 1
82 192 1
4 45 8
85 190 1
164 263 61
129 163 3
12 163 4
35 50 2
13 145 5
107 159 5
19 28 1
75 242 2
13 42 2
100 167 1
141 148 11
161 207 1
22 26 5
144 224 6
230 232 6
74 234 7
52 87 16
141 257 9
42 161 10
95 143 1
14 140 4
49 186 2
1 50 7
114 141 12
36 48 2
39 232 4
132 154 2
154 261 1
41 229 9
48 181 3
219 237 1
138 159 2
95 166 1
37 92 1
80 236 3
136 263 8
48 82 3
137 244 6
50 160 1
159 232 1
239 259 1
25 234 10
1 249 14
80 186 3
25 164 2
74 113 4
202 226 1
66 79 3
17 79 11
4 244 3
47 223 1
33 233 22
90 112 1
152 239 55
37 164 2
14 25 1
36 113 2
170 189 1
40 249 5
209 231 40
75 235 4
151 186 30
164 196 3
100 177 1
13 244 5
52 137 17
4 144 17
80 80 8
116 239 23
112 256 1
137 165 3
100 112 1
68 147 3
71 165 2
95 233 4
17 68 2
143 188 5
7 142 2
48 224 18
127 262 2
97 144 2
50 125 13
119 246 2
1 87 10
21 230 1
50 210 1
97 100 1
42 230 17
140 194 2
163 247 1
70 263 1
4 143 2
42 229 6
168 238 4
114 263 15
237 260 9
137 254 2
14 162 3
128 239 1
20 151 3
137 193 9
51 132 3
82 237 5
146 180 1
22 138 1
65 163 7
146 230 2
83 83 6
127 249 1
138 247 3
61 244 4
212 212 1
146 223 9
13 144 9
93 100 1
50 255 2
164 181 4
63 124 1
37 40 1
127 138 2
186 241 1
22 65 1
100 129 3
161 182 2
17 225 2
45 209 7
137 143 17
61 86 2
145 164 4
1 148 5
65 141 12
10 144 1
45 226 3
106 148 5
50 82 1
100 244 15
247 247 8
25 137 23
170 188 1
79 239 9
157 260 2
168 237 12
166 233 21
66 246 7
3 48 1
68 116 11
41 246 6
114 153 1
126 262 1
62 100 1
141 144 5
93 107 4
70 179 2
88 232 11
161 166 25
213 242 4
189 257 1
45 97 9
52 162 12
65 226 19
4 170 18
71 97 10
66 236 10
107 143 19
158 229 12
42 236 27
93 161 4
200 200 2
61 61 8
137 216 4
13 151 19
170 244 10
65 114 1
128 249 2
161 244 13
144 246 19
211 224 6
226 238 3
140 211 10
138 152 5
12 143 5
10 230 4
181 181 12
71 141 4
231 258 1
34 162 1
138 144 14
107 211 59
52 164 2
69 262 4
141 168 13
45 233 5
129 170 4
54 236 2
10 148 3
174 179 1
168 226 3
33 113 17
97 140 4
43 261 4
113 209 12
1 262 6
233 244 15
155 173 1
91 231 4
164 226 7
45 107 13
50 244 26
45 263 9
112 146 5
40 164 9
161 179 5
170 261 34
52 97 2
88 249 7
45 50 4
65 230 8
197 197 1
54 90 1
126 132 2
45 232 10
45 113 4
50 232 1
40 79 3
208 213 3
26 45 1
191 241 2
7 209 5
164 224 22
161 247 2
69 260 6
65 87 5
65 100 4
219 261 1
144 233 9
146 146 29
166 229 7
88 143 19
70 226 1
4 146 1
33 236 16
65 231 12
49 65 7
33 249 11
128 140 1
193 234 3
36 233 1
86 151 2
14 142 5
211 230 38
40 50 4
25 170 10
40 170 5
12 224 1
7 236 5
92 159 1
147 232 16
37 140 1
88 209 8
12 142 2
52 52 17
116 246 6
52 141 1
151 231 26
132 174 3
35 75 1
129 193 4
107 261 27
35 146 1
211 211 15
205 230 1
4 140 16
10 249 1
87 244 6
7 97 2
141 261 20
141 224 17
161 215 1
82 175 1
24 125 9
88 138 44
65 145 8
50 87 20
261 262 18
47 151 10
210 233 1
162 232 21
107 209 14
140 165 1
146 148 2
36 37 2
145 239 6
125 140 13
24 87 11
69 234 14
113 238 46
238 247 3
25 33 12
68 72 1
149 161 1
140 259 2
43 146 3
131 224 1
132 178 4
114 238 14
90 196 4
125 225 1
119 140 5
129 186 9
226 236 21
125 142 9
106 228 4
88 261 15
125 233 16
74 243 7
74 88 4
33 79 13
132 185 6
125 141 8
87 226 5
186 260 2
33 112 7
170 205 5
93 170 3
25 163 2
146 262 3
53 132 6
4 163 7
168 234 5
142 144 8
158 236 13
28 145 13
77 209 2
65 97 15
213 234 3
55 228 2
45 61 4
87 211 18
4 262 23
34 113 1
76 140 3
81 132 3
164 209 16
68 232 3
25 229 9
45 140 27
147 262 5
40 261 11
49 138 5
45 68 5
45 236 15
65 211 2
138 168 2
78 263 1
40 233 9
76 261 2
52 170 12
132 175 12
74 162 24
56 224 2
137 145 2
66 95 1
7 121 9
146 170 4
12 40 15
13 43 19
186 188 3
114 140 17
97 186 3
194 220 1
89 229 2
45 164 7
33 246 12
107 174 2
141 232 14
42 231 9
55 224 1
132 247 7
107 146 2
166 223 3
19 100 1
93 233 4
56 130 1
74 259 2
125 209 7
69 74 8
93 130 1
19 58 1
76 129 3
93 263 6
112 226 3
52 246 6
100 209 8
36 198 1
26 225 1
79 238 13
215 224 1
132 213 5
41 95 3
133 261 3
137 215 4
209 249 7
235 242 2
40 163 3
132 241 7
127 164 1
52 195 1
13 65 8
197 230 2
163 168 2
80 256 3
140 148 11
181 189 3
82 92 1
88 144 4
4 261 3
158 244 2
93 238 5
159 208 1
74 97 5
52 140 10
97 142 1
132 167 7
80 112 1
39 55 1
69 263 1
52 233 19
19 138 1
66 229 5
125 239 8
127 127 5
89 260 1
45 262 16
151 200 3
140 144 26
89 140 7
235 239 1
33 163 17
138 185 3
152 163 5
241 263 4
45 237 4
42 249 3
144 158 24
7 237 10
34 65 17
24 107 6
65 262 8
113 151 4
107 226 12
112 138 2
13 116 3
181 228 4
87 150 1
72 88 8
97 125 1
162 211 34
97 244 1
116 215 1
52 188 1
134 230 1
151 232 2
121 130 3
127 128 3
34 107 1
163 223 1
144 229 12
52 228 2
33 87 15
65 90 3
33 54 4
33 158 9
160 237 1
47 132 3
36 229 1
41 212 5
87 144 26
43 209 3
42 107 13
192 192 1
4 162 5
224 224 5
95 226 7
33 50 2
114 157 1
107 192 3
170 193 4
228 231 7
101 170 1
65 148 9
50 168 4
89 89 4
49 148 1
65 107 16
91 261 1
88 142 9
37 161 3
82 116 1
40 45 1
132 168 3
13 52 12
131 171 1
26 237 1
233 261 16
68 87 46
91 225 3
179 209 3
83 92 3
33 161 31
216 262 1
92 230 2
164 193 1
116 234 3
164 195 2
66 250 1
106 249 2
45 144 4
7 238 2
52 94 1
4 90 6
200 239 4
112 144 1
114 230 32
133 133 7
112 162 1
76 79 3
211 263 10
1 43 7
150 150 1
119 132 6
75 223 4
107 181 2
75 171 3
168 244 4
89 231 9
72 74 2
4 229 3
142 211 10
45 138 6
133 148 4
13 45 7
45 260 2
107 188 5
19 146 2
76 188 1
77 90 7
100 213 1
24 234 6
68 200 1
242 242 2
34 138 1
25 148 1
87 210 2
88 113 14
37 42 1
19 124 1
64 140 1
226 249 3
38 77 1
78 147 3
146 256 2
164 244 8
170 179 2
36 138 1
75 247 3
42 62 1
69 230 6
140 169 2
232 263 11
13 228 2
45 256 2
166 209 2
146 260 13
157 186 3
56 249 2
79 168 4
145 230 5
68 212 1
125 262 9
92 108 1
82 236 1
209 211 6
211 229 5
33 48 7
146 198 1
12 74 3
127 130 1
128 238 3
86 213 2
82 162 5
13 226 9
143 261 9
40 238 1
191 196 1
26 171 1
208 242 2
41 158 2
147 186 2
164 174 1
196 260 1
116 235 1
166 234 9
42 127 3
69 140 11
29 137 1
68 168 18
90 166 8
173 262 1
88 151 9
78 208 4
52 181 11
140 216 1
138 182 3
34 132 3
151 158 1
45 225 3
47 166 3
182 236 1
10 164 4
218 239 1
10 141 2
134 236 1
185 213 1
208 238 2
42 241 2
138 175 1
90 209 5
106 106 4
211 233 9
136 236 7
64 131 1
65 239 4
97 181 10
65 138 20
88 234 21
51 126 2
143 174 2
125 238 9
97 233 5
24 98 1
74 215 2
25 66 4
60 159 1
42 126 2
158 164 35
43 226 3
142 152 14
189 189 1
160 217 6
247 263 8
40 138 6
223 262 6
28 164 1
25 256 1
33 100 4
179 220 2
232 246 7
25 68 5
17 155 1
66 237 3
132 153 1
128 170 3
76 100 1
45 88 10
52 161 16
34 87 2
65 228 2
25 249 1
40 97 8
75 231 15
223 238 4
65 98 3
151 169 2
189 234 1
74 213 1
163 209 4
48 128 1
66 137 3
7 161 9
10 43 2
151 211 4
132 210 6
17 41 1
135 233 2
24 249 5
160 244 1
140 228 1
53 135 2
8 138 1
166 174 1
137 189 8
134 218 3
40 227 2
116 262 15
40 48 8
138 176 1
66 209 5
179 186 4
68 181 2
61 195 1
119 244 6
20 78 1
65 166 1
1 141 2
33 56 1
213 239 1
162 193 6
68 129 4
152 229 2
141 260 4
100 198 1
126 233 2
142 179 1
65 234 13
127 236 2
69 141 3
74 145 3
45 142 2
61 169 15
39 225 2
4 263 10
144 236 16
56 148 2
40 143 3
181 238 3
40 67 1
130 233 4
241 262 7
54 75 3
80 100 1
186 256 1
42 248 1
193 256 11
90 243 4
72 72 1
26 133 2
7 45 3
254 259 1
14 100 3
161 196 4
78 242 2
125 224 3
62 133 5
17 62 1
42 243 7
116 200 1
205 205 10
112 198 1
161 225 2
1 152 2
52 80 5
116 161 9
146 162 10
33 45 8
65 76 3
89 108 5
68 258 2
143 148 1
148 260 2
24 224 1
167 200 2
66 164 8
137 243 2
65 246 6
87 232 17
36 234 2
42 45 2
132 193 11
182 220 3
118 132 2
52 107 12
137 179 6
127 200 1
43 158 18
28 263 2
82 157 4
35 237 1
182 182 4
100 126 1
43 211 2
75 232 8
137 146 11
92 148 4
211 261 15
256 261 1
11 132 5
161 189 1
164 252 1
42 246 8
128 244 7
17 39 2
81 100 4
43 93 2
14 79 2
236 247 14
129 146 9
147 226 6
158 166 6
41 68 9
162 247 1
93 262 5
12 170 3
33 164 4
47 161 1
74 93 4
47 231 1
54 231 2
68 139 1
41 87 2
69 239 3
140 254 1
4 142 3
45 162 12
88 243 8
140 200 7
161 205 1
17 97 4
25 144 2
7 141 10
12 87 3
81 90 1
40 232 2
89 170 3
71 71 3
247 262 4
79 116 5
76 97 8
62 257 2
10 224 1
61 165 1
177 231 3
74 169 1
97 158 4
189 233 2
97 225 7
13 25 3
19 231 1
18 68 2
205 215 1
170 216 3
230 242 3
132 159 5
138 197 2
236 257 2
143 232 4
7 162 19
40 262 1
41 261 1
52 143 7
237 261 7
48 159 2
45 66 6
1 236 4
66 261 1
144 230 18
100 211 19
166 259 3
42 159 4
93 140 1
12 211 1
52 249 4
40 137 6
74 90 6
87 151 12
48 225 1
134 162 1
14 170 2
129 244 1
116 168 4
164 166 9
12 209 1
131 138 2
75 193 3
40 229 2
97 160 2
80 138 7
192 252 1
148 217 1
15 215 1
24 93 2
61 91 5
71 239 2
25 193 3
124 197 2
88 211 7
121 141 3
121 215 2
37 97 10
61 65 4
43 232 1
140 255 1
116 157 1
114 143 8
76 179 1
76 222 5
161 260 4
45 246 3
88 93 3
65 260 3
174 233 2
54 158 1
171 226 1
68 166 22
75 181 2
43 54 5
49 49 1
48 215 1
159 186 1
137 182 1
33 42 3
33 229 5
72 87 2
87 257 1
40 142 2
56 230 4
205 252 1
25 87 6
65 232 2
49 79 2
140 250 3
49 141 1
18 162 3
93 143 3
143 220 7
14 106 1
122 130 2
71 76 8
80 224 2
41 197 1
166 232 2
71 234 3
169 247 2
4 129 1
116 229 3
237 241 1
62 79 3
82 234 2
45 80 1
60 263 1
75 76 1
138 253 2
93 93 2
25 72 5
40 230 4
77 140 5
33 263 7
74 226 11
225 249 2
93 163 2
208 212 1
74 189 1
49 188 5
22 237 2
7 83 1
166 243 3
13 243 1
43 144 6
17 137 8
119 263 1
87 195 1
20 138 2
83 138 5
100 174 1
106 261 2
141 256 1
75 145 3
170 215 6
10 231 5
52 227 2
24 211 2
45 261 9
144 263 6
152 246 15
10 236 5
168 186 8
34 228 1
88 116 1
61 138 2
88 114 5
25 54 1
74 194 5
130 244 1
37 80 1
93 186 3
136 136 2
92 238 1
226 253 2
26 226 3
43 87 9
78 78 3
95 196 3
93 162 5
48 66 2
13 33 6
24 116 12
7 234 12
17 181 1
100 216 1
43 88 5
179 223 12
123 132 12
41 241 1
148 223 2
43 243 3
237 256 2
219 238 1
7 87 2
40 236 1
82 244 2
33 61 4
10 211 2
25 238 1
66 123 1
42 113 13
149 262 1
100 152 10
162 181 3
48 200 6
60 168 3
192 205 1
74 211 1
98 132 5
213 244 2
7 36 1
236 256 2
24 168 1
63 76 5
185 244 4
91 223 1
52 237 1
261 263 9
41 194 2
135 234 3
56 95 1
138 232 3
145 236 7
14 246 1
119 138 1
65 258 1
166 226 7
49 149 1
75 158 1
188 225 6
100 188 2
144 144 5
49 234 1
17 160 1
66 263 3
87 222 1
47 167 2
69 168 2
200 244 7
33 97 8
43 200 6
7 70 4
47 61 4
234 243 1
116 170 4
33 244 2
39 233 1
168 170 3
129 160 2
42 208 1
116 127 4
65 77 1
10 254 1
119 238 1
139 196 1
141 243 2
42 226 7
4 42 3
97 255 2
141 249 10
183 213 1
157 263 2
220 238 5
43 193 2
49 164 1
133 162 2
211 236 8
77 113 2
45 75 7
133 190 1
181 249 4
145 202 2
18 100 1
145 261 1
229 256 1
25 106 2
127 263 1
244 254 1
76 181 2
88 189 2
45 166 1
33 168 1
4 193 1
168 229 1
1 13 17
17 260 1
70 229 1
82 164 1
50 146 4
254 254 2
196 249 1
22 229 2
75 112 3
163 193 3
10 130 6
90 152 7
25 130 1
93 239 3
119 183 3
138 177 1
146 209 2
179 202 2
184 213 2
60 250 3
74 167 3
74 127 6
244 249 4
25 97 10
139 203 5
170 174 1
138 203 1
71 75 1
135 229 1
78 244 3
77 234 1
127 163 1
74 246 6
129 164 4
70 230 1
189 231 2
45 179 1
161 168 2
143 241 3
49 229 1
130 238 2
68 127 1
56 82 3
163 250 1
74 136 1
80 232 2
211 248 1
25 79 2
164 213 2
25 181 10
193 244 1
128 234 1
128 151 1
75 254 3
9 82 1
142 232 4
226 246 3
80 231 4
39 263 1
89 144 1
189 236 3
170 255 2
112 113 2
41 167 2
97 170 2
61 123 1
163 181 3
70 145 1
25 71 1
8 161 1
107 223 2
193 237 4
79 255 2
142 261 12
132 235 5
91 150 1
148 246 22
74 82 1
144 166 1
174 243 2
146 263 2
125 181 1
212 233 1
24 193 2
133 170 1
223 260 7
21 113 1
61 148 4
74 224 2
91 151 1
168 248 1
230 243 2
133 186 2
145 231 4
40 125 2
97 237 3
33 228 2
107 243 3
83 100 1
76 148 1
134 135 1
33 142 1
65 142 1
48 173 3
1 79 8
39 137 6
43 196 1
79 235 1
79 146 3
129 161 5
130 170 1
7 159 1
41 112 2
91 237 1
45 230 4
179 234 10
74 130 3
145 243 1
61 225 3
48 69 4
89 106 1
129 143 4
129 142 1
4 93 1
216 226 2
55 137 1
41 186 13
234 256 1
79 180 1
227 230 1
63 137 4
37 249 2
61 170 5
186 220 1
21 48 1
142 224 3
114 166 3
1 166 2
42 233 8
119 261 1
86 138 1
80 129 2
170 192 1
132 206 2
82 230 1
115 132 1
93 249 2
73 132 5
56 234 2
28 162 1
157 249 1
7 164 5
45 145 2
4 112 1
114 142 12
7 143 2
235 244 1
4 50 2
148 255 3
193 239 1
40 100 1
232 239 1
141 173 1
77 97 2
92 170 1
225 237 1
135 138 2
107 217 1
157 255 1
18 90 1
74 174 1
25 224 1
213 254 4
146 202 3
36 137 2
68 157 2
82 95 2
181 188 5
128 152 1
147 263 2
137 198 3
163 241 1
7 249 3
170 243 1
79 198 1
203 205 1
137 240 1
141 193 2
66 262 4
49 66 1
22 148 1
133 222 1
20 20 2
181 200 5
89 249 1
17 249 3
189 226 1
36 79 1
14 155 2
186 243 2
193 262 1
116 141 4
223 234 2
97 249 2
1 24 2
48 146 3
169 170 1
69 237 4
85 225 2
76 76 11
40 75 1
93 164 6
45 49 1
223 243 3
158 226 2
130 137 2
72 230 1
236 255 1
188 193 1
89 213 1
89 100 3
97 230 1
82 263 1
49 97 7
134 151 1
89 239 2
148 181 2
82 229 3
152 179 1
188 237 2
64 107 1
48 258 1
157 233 2
66 100 3
119 168 4
42 82 5
79 130 2
137 157 2
78 164 1
17 33 3
29 161 1
166 168 3
28 161 1
27 132 1
34 225 1
56 162 1
132 259 3
56 153 1
42 87 6
157 230 3
48 192 1
152 249 2
107 116 4
43 148 4
168 239 4
138 157 4
38 82 1
65 143 1
107 193 1
24 127 1
12 100 6
17 49 2
42 114 1
113 116 9
41 259 1
19 145 1
14 33 3
225 231 16
62 233 1
4 41 5
141 192 3
52 186 3
42 144 1
174 238 1
186 255 4
33 195 8
48 211 22
138 194 4
164 259 1
128 229 1
164 197 2
108 132 2
61 147 1
47 238 3
194 239 2
62 129 2
54 161 1
52 125 1
43 217 1
143 247 1
244 247 7
42 169 2
166 197 1
226 261 3
88 177 1
82 138 7
32 132 2
186 197 5
186 202 1
123 141 1
140 152 4
153 239 1
17 65 1
89 97 4
10 226 1
10 68 4
72 229 4
116 120 2
10 244 5
24 243 3
43 127 2
159 238 2
87 166 13
166 200 2
7 197 8
170 258 2
152 235 1
43 97 1
90 119 1
116 261 1
19 140 1
52 262 2
224 238 3
89 195 1
215 233 2
73 226 1
107 225 3
12 151 2
74 193 2
181 225 3
17 230 1
33 90 1
97 164 1
3 132 5
215 218 4
102 205 1
25 233 4
148 236 5
69 152 1
95 170 4
144 244 1
126 151 1
69 89 1
88 166 1
75 179 8
112 230 3
125 143 3
43 114 6
41 159 2
100 153 1
37 234 2
61 232 3
75 146 3
34 88 1
45 131 6
141 194 2
40 211 2
74 258 2
77 116 1
13 93 2
42 49 3
40 195 3
75 209 6
140 202 4
87 181 1
80 87 1
148 166 1
87 97 9
35 148 1
51 74 6
25 195 1
130 141 2
24 146 1
220 231 2
153 200 1
8 239 2
72 90 2
127 143 3
169 194 1
40 246 9
167 236 2
40 106 4
152 231 2
19 35 1
243 261 8
87 213 4
177 225 1
65 181 4
37 76 7
7 69 1
76 107 3
41 249 2
143 145 2
50 262 14
65 210 1
82 246 3
127 153 1
147 238 1
95 135 1
175 175 1
209 239 13
66 140 1
33 188 3
151 261 2
159 168 3
74 254 1
144 239 3
113 244 2
182 193 1
126 226 3
167 167 3
116 140 5
41 247 2
33 116 2
42 90 3
12 90 1
113 181 10
127 166 5
112 231 4
77 213 2
18 74 2
72 231 4
63 197 1
215 244 3
166 220 1
42 261 3
209 232 5
148 237 7
238 261 12
169 254 1
33 37 3
25 138 9
28 224 1
100 200 6
10 116 1
102 197 1
42 174 1
155 209 7
9 138 1
127 240 1
24 220 1
169 248 1
17 140 7
51 209 1
47 48 1
257 263 2
37 133 2
157 181 3
112 224 1
181 237 2
65 124 1
16 40 2
7 25 1
100 232 5
159 233 2
166 235 2
38 84 1
48 52 2
25 246 1
74 208 4
161 256 2
132 250 2
91 233 4
163 222 1
127 225 6
97 261 2
97 188 4
7 74 2
107 228 1
41 223 3
41 88 3
143 190 1
66 163 1
144 204 1
55 92 1
146 234 1
69 213 1
38 64 2
9 171 1
10 25 1
70 134 3
26 243 1
20 166 3
160 236 4
45 141 4
43 89 3
216 230 1
36 141 1
69 147 2
25 76 8
41 121 1
22 228 1
12 238 3
100 219 10
50 120 1
68 145 2
136 140 2
131 205 1
61 140 1
47 143 1
34 164 2
35 162 2
121 230 2
36 166 1
39 231 4
7 158 2
89 210 3
66 249 4
107 203 1
107 130 6
93 148 1
135 145 1
137 196 4
124 209 1
14 44 1
170 202 2
112 238 12
25 263 4
137 217 5
209 243 1
132 212 3
78 90 1
28 229 3
183 231 8
25 48 1
63 145 2
137 159 1
45 244 19
196 248 2
137 173 1
37 232 10
72 133 1
68 209 3
85 157 3
61 159 1
52 68 5
170 225 2
4 125 3
138 173 2
100 182 6
14 209 1
97 161 1
82 139 1
230 257 1
185 236 1
164 256 1
5 137 1
126 223 1
25 222 3
186 217 2
36 228 1
225 261 4
197 237 1
158 224 7
19 196 1
92 191 1
146 182 1
138 242 2
50 211 5
231 243 2
107 173 1
114 151 5
33 202 1
37 45 6
72 125 1
10 10 4
115 146 1
126 141 2
40 181 10
49 88 1
196 233 1
137 228 2
97 106 3
211 256 1
170 256 1
152 200 1
112 211 2
137 260 8
95 230 2
215 237 2
50 52 2
95 175 1
186 200 1
15 95 1
145 219 7
24 69 1
70 70 3
12 246 5
17 186 3
185 185 2
209 257 1
42 181 3
40 144 1
88 147 1
51 100 1
151 209 4
193 229 2
5 118 1
17 166 1
47 47 1
140 181 4
160 179 1
74 179 2
249 256 2
226 232 6
53 236 1
10 56 1
14 181 3
45 72 6
139 167 1
66 113 2
60 182 1
17 76 6
242 250 1
81 182 1
33 148 1
68 255 1
193 260 1
29 33 1
82 262 2
35 101 1
149 188 1
26 123 2
14 238 1
10 196 4
63 261 2
42 182 4
47 78 3
127 219 1
23 208 1
1 263 3
120 244 1
71 137 3
65 123 1
25 62 3
130 161 1
186 235 6
52 88 6
10 215 4
32 193 1
82 211 1
135 137 1
134 134 4
106 233 1
41 51 2
54 148 1
141 211 2
196 205 6
215 215 1
93 202 2
80 114 2
33 143 1
29 55 1
97 177 5
89 143 3
40 68 3
114 255 2
181 198 2
10 162 2
113 256 2
85 161 1
129 230 1
121 203 2
79 97 4
141 228 1
137 171 4
95 169 1
47 142 1
52 190 1
97 114 3
66 88 4
66 234 5
66 181 1
88 188 2
141 147 2
92 254 3
13 95 2
40 209 3
54 113 2
105 229 1
179 241 1
14 133 2
43 45 2
65 222 5
157 226 1
50 144 5
97 130 6
169 239 1
39 229 1
100 241 1
45 95 2
69 229 1
66 143 3
169 236 2
97 232 1
145 224 1
131 161 2
45 238 4
72 138 2
93 173 1
226 239 2
123 123 3
28 170 8
67 170 1
136 141 4
45 193 5
33 114 6
151 168 5
173 226 1
207 207 4
216 238 4
35 97 3
130 162 2
69 165 1
25 237 12
74 114 4
130 196 1
45 90 2
65 223 1
42 119 2
5 132 1
56 68 3
12 113 3
158 232 1
52 238 1
49 161 1
65 261 3
167 174 6
33 217 2
48 136 3
68 159 1
35 35 3
125 263 7
25 100 2
129 261 2
215 234 1
231 247 1
137 168 1
127 152 1
50 181 1
137 195 8
68 136 4
85 85 1
87 188 1
85 189 1
149 229 1
137 255 1
13 112 2
143 211 5
185 241 3
165 165 2
10 90 2
211 226 1
69 138 2
209 256 2
32 121 1
134 229 1
56 79 2
159 166 1
122 145 5
65 91 2
107 121 1
213 237 2
66 141 1
232 257 1
101 101 1
39 142 1
92 113 2
129 233 1
97 229 1
95 140 8
52 244 1
136 169 1
61 62 2
242 249 1
83 145 1
42 235 4
235 243 1
119 159 1
7 24 1
67 113 4
100 116 3
109 132 1
138 167 1
48 120 1
162 260 4
40 191 1
24 79 2
95 218 3
124 138 1
33 125 5
42 65 1
63 138 1
14 76 2
37 170 1
164 192 1
49 230 1
145 223 4
65 68 2
10 197 2
129 234 2
87 146 3
39 174 1
50 228 2
208 263 1
43 130 2
1 65 2
159 247 3
125 210 1
166 213 1
7 41 1
231 255 4
152 232 2
34 234 1
77 227 1
65 112 1
188 189 2
97 168 1
107 119 2
37 159 1
129 157 1
70 158 1
125 256 1
69 69 1
200 234 1
215 216 1
169 200 1
65 125 1
119 235 2
129 196 1
143 196 1
191 226 1
256 258 2
46 132 1
203 242 1
132 156 1
49 189 2
24 33 1
246 248 1
146 239 2
70 87 1
33 225 9
200 249 1
17 75 1
137 214 1
28 163 1
215 230 3
41 93 3
17 170 1
230 255 2
145 255 2
41 220 1
70 92 1
14 186 2
129 140 5
14 137 1
152 241 1
200 243 2
33 49 1
146 166 1
143 193 1
50 92 1
90 115 1
25 186 4
17 211 1
56 140 5
32 237 1
56 226 6
148 196 1
10 113 2
116 169 3
228 234 2
112 170 2
162 196 1
20 209 1
80 157 1
144 181 1
182 250 1
17 61 3
137 256 1
1 33 1
95 141 2
146 152 1
81 223 1
208 250 2
130 236 1
5 100 1
63 161 1
10 41 1
49 137 5
168 236 2
232 256 1
41 169 1
97 256 1
66 76 1
140 213 6
215 226 1
138 147 2
26 35 1
75 260 4
71 229 3
145 249 4
66 244 1
149 162 1
14 141 2
152 233 1
7 94 1
43 82 2
90 97 1
14 26 1
255 262 2
11 79 2
145 237 1
12 132 1
128 161 1
39 236 2
90 248 1
18 263 1
93 243 1
52 236 1
106 181 2
12 43 1
93 158 2
143 202 1
76 77 4
70 166 1
146 220 1
144 157 1
125 226 1
157 234 1
89 141 4
56 233 2
93 232 1
82 249 1
25 226 1
26 181 1
158 257 1
36 125 1
233 255 1
25 188 3
174 230 1
197 249 1
114 130 1
7 92 1
173 231 1
164 260 4
232 244 1
56 186 2
90 167 1
43 55 1
39 61 4
152 186 2
37 100 1
128 262 1
65 65 1
65 108 1
19 107 1
75 119 2
162 185 1
7 95 2
48 112 1
93 114 1
22 50 2
42 205 1
76 170 2
140 178 1
4 173 1
47 50 1
82 113 1
36 249 1
127 238 2
74 95 1
169 237 1
78 152 2
42 76 4
145 148 2
225 230 2
83 237 1
211 212 1
61 246 1
69 166 3
168 233 4
89 236 2
52 260 1
28 246 1
48 121 2
82 232 1
89 161 2
62 141 1
21 224 1
151 247 2
217 256 1
76 229 1
128 230 2
127 241 1
186 198 1
48 61 5
146 237 3
138 198 1
93 224 1
158 212 1
10 238 1
45 74 3
87 93 1
56 231 1
157 246 1
17 113 2
43 157 1
72 96 1
1 144 2
157 157 1
159 237 1
69 186 3
132 184 1
41 211 1
42 93 2
116 220 1
83 229 1
258 258 1
140 243 1
142 195 1
52 211 1
25 114 1
35 228 1
113 159 1
93 113 3
88 247 1
62 91 3
89 137 6
48 133 2
208 237 1
161 193 1
28 140 3
70 79 1
49 255 1
88 256 1
213 236 1
209 209 4
102 162 1
71 91 4
25 90 3
145 238 9
68 193 1
220 220 1
25 77 1
71 261 3
164 168 1
132 240 1
12 239 1
39 124 1
148 226 4
235 263 3
112 263 3
93 166 1
70 80 1
134 142 1
10 166 1
66 75 1
41 126 1
79 83 1
200 233 1
82 148 1
166 215 1
180 236 1
75 93 4
80 148 2
132 190 1
158 262 4
65 165 1
132 187 1
174 234 1
70 238 2
179 197 1
227 227 1
39 138 1
35 130 1
89 261 1
38 254 1
177 233 1
116 125 1
218 236 7
37 179 1
228 262 1
133 195 1
143 209 2
212 234 1
50 174 2
19 226 2
34 237 1
10 170 5
43 65 1
61 262 1
134 202 1
26 28 1
29 45 1
40 140 2
43 69 1
200 236 1
42 220 4
14 40 3
41 193 1
49 233 1
7 112 1
52 224 2
49 75 3
65 72 6
53 260 1
91 220 1
39 86 2
198 260 4
16 140 2
140 149 1
48 147 1
70 163 1
92 244 2
62 170 1
25 134 1
16 175 4
95 231 1
15 90 2
198 229 1
53 159 1
82 168 1
179 233 4
71 100 2
42 185 1
185 263 1
144 152 1
226 256 1
118 231 1
74 126 3
142 157 1
158 213 1
92 234 1
14 108 2
52 114 3
20 254 1
75 208 2
39 45 3
137 190 1
17 74 3
146 252 1
29 114 1
33 76 5
65 217 1
174 236 1
180 235 1
43 70 1
16 35 1
112 181 1
112 112 1
164 257 1
76 228 1
29 76 1
242 244 2
52 142 1
41 209 5
20 24 2
25 217 4
72 208 1
94 246 2
196 196 1
70 140 2
75 94 3
90 188 2
65 130 1
8 223 1
88 145 1
75 177 1
56 236 1
61 75 1
97 231 5
4 77 1
227 232 1
75 183 1
138 235 1
80 179 1
107 256 3
203 259 1
87 157 1
126 126 3
116 242 1
72 242 1
151 249 1
47 69 1
60 69 1
61 117 1
186 254 1
10 79 2
142 258 1
65 129 4
10 161 5
19 186 1
181 236 1
130 197 3
1 137 2
80 89 1
42 77 5
148 152 2
174 248 1
14 145 1
144 189 2
38 170 1
26 40 1
16 138 1
162 218 1
123 234 1
226 227 1
43 145 2
138 215 2
85 90 1
1 140 4
165 170 1
56 229 2
149 170 3
142 193 3
142 241 1
67 231 1
215 229 2
82 188 2
71 233 2
42 250 1
48 185 1
87 133 1
93 244 2
69 162 1
89 159 1
188 261 2
49 158 1
146 232 2
148 241 1
25 165 1
145 263 3
38 197 2
181 234 1
89 233 1
200 263 1
38 130 3
18 143 1
24 261 1
74 247 5
3 42 1
119 151 4
82 130 2
148 239 3
31 113 1
101 229 1
41 226 1
116 153 2
45 257 1
217 232 2
12 261 1
47 208 1
35 160 2
63 89 3
7 261 3
138 225 3
48 130 2
135 226 4
125 152 2
145 211 1
194 238 1
87 215 1
140 215 2
42 194 1
69 161 1
244 261 1
165 243 3
54 230 1
42 254 1
49 232 1
19 139 1
219 229 1
70 142 1
181 257 1
41 128 3
70 205 1
28 134 1
90 197 5
130 166 1
51 213 3
107 220 1
95 142 1
189 211 1
7 56 1
126 208 1
160 186 1
57 138 1
4 158 3
61 162 1
146 246 1
132 253 2
179 262 2
38 146 8
1 66 1
54 170 1
93 231 2
83 93 1
120 142 1
90 228 1
79 195 4
41 224 1
129 134 1
48 63 1
45 163 2
72 113 1
24 88 1
33 91 2
62 189 1
36 87 3
37 87 1
75 136 2
200 262 2
158 179 1
157 232 1
56 75 1
33 222 4
49 133 1
74 128 1
33 63 2
210 216 1
17 263 1
88 191 1
161 255 2
161 202 1
20 61 2
79 189 2
66 148 4
226 231 1
42 145 6
159 159 1
37 61 10
138 227 1
186 252 1
158 207 1
39 79 2
9 252 4
95 223 1
20 248 1
16 191 1
40 166 2
167 247 1
106 246 1
35 229 1
14 124 1
49 231 1
141 200 1
45 239 5
75 125 2
62 75 2
141 196 1
164 217 1
175 215 1
56 114 1
70 75 1
87 256 3
10 129 1
88 106 2
130 164 1
14 14 2
119 152 1
148 248 1
140 182 1
234 241 1
162 255 3
93 261 1
36 186 1
16 186 1
20 137 1
14 151 1
4 237 1
164 188 2
24 113 2
4 238 1
132 147 2
130 239 1
78 239 2
76 141 1
42 158 1
143 227 2
19 134 3
100 134 1
65 229 5
50 148 1
66 255 1
34 97 3
129 198 2
52 257 1
151 159 3
129 145 5
17 138 1
49 226 2
250 263 1
50 193 1
42 136 1
119 177 4
119 231 3
34 238 1
65 263 8
78 168 1
49 61 4
49 63 2
61 130 4
54 143 1
238 259 1
219 231 1
246 255 1
12 137 1
61 97 4
68 130 1
114 244 1
144 145 1
97 236 1
138 171 2
146 208 1
10 125 2
4 52 1
49 162 1
36 76 1
88 95 1
90 93 1
88 160 1
42 80 1
159 163 1
67 140 1
215 219 1
67 135 1
202 260 1
32 92 1
188 246 1
157 170 3
186 250 1
53 230 1
70 236 2
10 24 1
92 95 1
119 262 2
155 261 1
14 89 3
101 131 1
83 160 1
87 212 1
181 255 1
190 249 1
140 159 1
159 182 2
90 116 1
152 158 1
72 158 1
41 135 3
114 146 3
33 55 1
68 93 1
7 181 1
148 216 1
186 193 1
21 72 1
42 213 3
82 97 1
136 238 1
31 259 1
195 226 1
93 145 1
43 129 1
230 256 1
256 263 1
39 81 1
14 228 4
62 76 1
89 230 3
181 222 1
113 255 1
40 130 1
106 237 1
88 89 1
223 233 1
197 262 1
69 249 2
137 202 2
55 55 2
196 209 1
96 222 1
157 224 1
49 170 2
47 146 1
82 231 1
61 261 1
93 127 1
87 145 1
48 153 1
7 33 1
157 158 1
17 114 1
33 83 1
41 231 5
4 138 1
157 164 1
195 230 1
116 144 1
49 52 1
142 148 1
202 237 1
95 193 1
107 182 1
148 168 1
82 144 2
68 167 1
202 229 1
95 129 2
215 231 6
137 181 2
83 129 3
25 230 1
7 239 1
18 168 1
162 202 3
145 147 1
36 140 1
66 87 1
90 121 1
79 228 2
7 148 1
89 114 1
137 223 1
186 257 1
169 230 1
144 227 1
79 129 1
50 89 1
33 160 1
181 227 1
191 191 1
40 158 1
144 228 1
114 116 1
114 196 2
114 212 1
66 225 1
4 95 1
68 121 1
61 205 11
61 89 3
66 226 1
100 254 1
59 242 1
75 95 2
93 260 1
61 100 1
50 130 1
120 141 1
83 95 1
188 230 1
113 198 1
48 179 1
4 145 1
10 51 1
92 92 5
74 144 1
39 161 1
112 233 1
79 92 1
112 229 1
198 233 1
80 85 4
112 262 1
196 218 4
237 254 2
168 247 1
7 231 2
45 158 1
34 186 2
140 217 1
170 173 1
61 255 1
89 190 2
225 256 1
52 229 2
68 71 1
166 211 1
138 188 1
53 68 1
127 231 1
45 181 2
20 213 1
212 235 1
92 100 1
14 67 1
82 137 1
142 145 1
148 244 1
45 89 2
121 191 1
37 145 1
70 107 1
157 161 4
106 189 1
39 227 1
33 36 4
138 160 1
17 162 1
145 246 1
116 164 1
83 233 1
33 85 1
146 231 1
92 186 1
41 255 1
25 227 1
83 137 2
50 200 1
163 216 1
140 225 5
128 220 1
71 170 3
132 204 1
12 158 1
41 125 1
147 161 1
210 230 1
34 40 2
40 226 2
14 21 1
228 258 1
24 235 1
62 138 2
67 162 3
117 191 1
147 236 2
37 75 3
79 188 1
39 215 1
14 80 1
61 228 1
121 161 1
112 142 2
42 78 4
14 52 1
13 41 1
17 17 3
33 232 3
22 142 1
138 202 1
134 239 2
80 125 1
47 168 1
47 88 2
26 26 2
157 163 1
34 48 1
65 255 1
80 237 1
62 149 1
39 95 1
74 200 1
125 151 1
216 237 1
61 216 3
74 125 12
152 194 1
35 210 1
139 226 3
196 219 1
18 138 1
74 205 1
26 89 1
65 95 1
151 179 1
33 80 2
97 226 1
191 233 2
152 205 1
72 233 1
72 210 1
195 225 1
13 195 1
28 186 1
138 196 1
151 243 1
85 97 3
43 220 1
161 178 1
77 233 2
119 237 2
25 125 1
75 81 1
66 68 2
42 61 3
146 229 2
164 202 1
3 41 4
34 66 1
85 181 2
90 215 1
25 141 4
196 236 1
190 237 1
45 191 1
157 205 6
68 96 3
149 178 1
181 195 1
55 227 2
95 130 1
215 262 1
168 235 3
22 186 1
48 58 1
25 211 2
119 164 1
24 82 1
48 191 1
191 197 1
136 137 1
5 163 1
55 170 2
173 179 1
21 108 2
73 140 1
35 231 2
186 228 1
12 249 1
13 123 1
133 181 2
22 261 3
126 140 1
174 239 1
26 161 1
17 21 1
91 181 4
193 194 1
100 259 1
121 223 1
15 140 1
218 261 1
161 197 1
20 182 2
179 231 1
76 258 3
45 242 4
92 179 1
210 227 1
114 226 2
95 125 2
161 216 1
32 136 1
130 144 1
45 205 5
151 235 2
26 148 1
121 260 1
41 127 4
182 212 2
121 248 1
97 133 3
87 225 5
235 235 2
34 226 1
234 260 1
33 211 1
135 191 2
33 155 2
136 244 1
80 162 1
143 200 3
13 188 1
148 177 2
39 75 2
97 193 1
42 228 1
4 55 1
70 162 1
219 223 1
140 235 1
33 177 2
135 192 1
75 120 1
70 164 1
170 228 1
88 235 1
78 237 1
159 236 2
138 192 1
87 183 1
80 170 1
61 145 1
45 116 3
129 151 1
12 233 1
37 260 1
130 205 1
38 131 1
48 167 1
43 181 1
75 130 1
193 209 1
71 78 1
85 138 1
228 236 1
13 127 1
7 198 1
49 246 1
226 244 1
81 247 3
12 12 2
17 236 1
37 65 2
28 121 2
213 229 1
35 186 1
40 90 1
137 194 1
89 182 1
10 262 2
68 217 1
98 209 1
18 246 2
220 259 1
128 166 1
124 161 1
166 248 2
17 125 1
40 113 2
34 231 1
162 195 1
22 74 3
32 135 1
191 229 1
24 130 1
93 236 1
20 142 1
120 182 1
90 182 1
137 258 3
162 243 4
52 158 1
188 222 3
56 161 1
32 235 1
78 246 1
89 186 1
4 235 1
52 163 1
80 161 1
90 220 1
50 127 1
90 95 1
128 246 1
54 229 1
121 138 1
163 220 1
79 223 2
127 170 1
33 141 1
75 121 2
65 238 2
87 260 1
244 248 1
82 224 1
192 228 1
94 138 1
107 215 1
43 168 1
79 101 1
100 135 1
125 195 1
162 189 1
166 182 1
73 163 1
48 250 1
10 140 3
60 242 2
138 191 1
145 151 5
149 210 5
14 263 3
222 236 1
151 212 1
51 136 1
227 234 1
120 138 1
140 247 1
69 78 4
161 213 6
100 127 2
175 219 1
175 196 1
189 238 1
200 242 1
112 161 1
134 215 1
26 249 1
90 130 2
126 242 1
87 155 1
161 219 1
42 209 1
141 188 2
19 101 1
71 138 1
49 89 2
87 152 1
25 35 6
168 169 2
66 224 1
56 100 2
68 241 1
20 230 1
144 219 1
79 133 1
47 74 1
47 159 1
114 177 1
142 254 1
37 71 2
10 234 1
23 148 1
14 65 1
138 207 1
52 100 1
9 53 1
21 162 1
76 85 1
87 216 2
65 188 1
88 216 1
68 95 3
106 170 1
123 143 3
25 168 1
87 255 1
65 168 1
143 216 1
41 227 1
143 171 1
28 179 1
140 157 1
97 220 1
82 173 9
24 144 1
42 147 1
125 185 1
4 25 1
164 223 1
209 260 1
159 244 1
143 213 1
56 141 3
37 130 1
137 248 4
181 232 1
80 140 1
166 261 1
231 260 1
51 244 4
177 177 1
146 218 1
200 237 1
135 236 1
140 174 1
142 256 1
145 209 1
40 114 1
232 260 1
39 39 5
100 119 1
232 238 1
38 223 1
113 160 1
86 117 1
130 140 1
132 248 1
95 237 1
47 235 1
10 42 4
39 168 1
66 74 4
49 224 2
80 97 1
35 89 3
72 135 1
241 242 3
241 254 3
114 185 6
39 107 2
48 49 4
32 174 1
75 191 1
133 140 2
101 238 1
74 78 4
90 181 3
80 119 1
37 85 1
141 189 1
65 177 2
49 244 1
72 77 4
39 133 1
51 65 1
159 161 13
26 217 1
75 182 1
33 72 3
91 218 6
70 93 2
52 115 6
155 188 1
72 163 1
25 102 3
32 192 1
188 218 4
10 181 4
14 201 1
137 218 2
72 97 4
49 205 4
28 215 1
157 209 1
26 62 1
28 35 2
76 91 2
69 164 1
74 182 2
136 208 3
89 151 1
28 75 2
28 242 1
162 182 1
26 61 1
33 257 10
35 233 1
94 182 1
69 250 2
82 171 1
75 97 4
35 183 1
61 226 4
89 107 5
69 107 4
17 226 1
48 72 1
61 134 1
159 249 1
49 213 5
31 141 1
79 248 1
88 213 10
48 254 2
216 243 1
64 73 1
147 163 6
89 215 1
25 60 1
25 53 1
86 232 1
137 259 1
18 42 3
36 160 4
63 101 1
205 259 3
191 215 9
80 145 1
89 112 1
140 210 1
4 60 11
92 257 1
17 117 1
157 223 1
19 122 1
22 61 2
130 202 1
10 63 1
26 29 1
68 102 1
76 225 8
22 71 1
39 261 1
134 247 7
13 167 1
37 63 2
174 259 1
37 39 2
67 177 1
19 29 1
38 218 3
95 160 1
63 180 1
95 258 3
162 168 14
36 133 2
33 62 4
75 205 1
61 227 4
27 82 1
162 235 2
64 200 1
101 164 3
3 146 4
227 231 3
43 94 1
42 197 1
92 137 2
134 137 2
68 134 1
25 42 1
167 232 3
29 203 8
76 209 2
107 169 9
85 92 1
32 252 1
25 91 5
7 247 7
123 231 1
161 165 1
67 216 1
149 222 1
39 72 6
95 164 3
39 43 1
43 216 1
7 19 1
147 218 1
77 205 2
21 49 1
45 252 1
101 215 3
45 177 4
81 250 6
26 157 1
88 241 1
49 146 1
18 25 12
17 25 9
14 35 2
70 135 2
90 193 1
72 162 1
205 213 9
137 222 1
60 244 3
162 191 2
37 153 1
134 226 1
196 198 1
69 179 1
35 76 7
70 209 15
33 213 1
87 179 1
61 63 1
75 241 1
258 263 1
33 89 1
83 124 4
208 231 11
168 205 1
18 208 1
94 140 1
72 239 1
33 39 5
29 39 1
100 250 1
91 232 4
76 135 4
147 234 1
102 102 1
39 196 3
92 192 1
51 137 3
169 179 1
189 225 1
83 198 4
55 134 1
48 222 1
137 213 4
61 66 1
56 260 1
18 61 2
62 234 7
41 60 1
69 220 3
48 169 1
19 131 1
43 51 2
45 60 1
89 189 3
71 107 3
56 74 1
13 216 1
89 113 2
60 120 1
31 244 1
197 222 4
49 76 7
64 144 1
72 76 5
164 215 3
100 180 1
81 259 3
74 153 1
89 91 2
81 220 1
51 148 1
39 85 1
35 48 1
124 216 1
130 191 4
38 61 1
123 133 3
86 106 3
71 188 3
17 256 1
17 48 1
136 205 1
193 250 1
35 72 3
62 161 1
51 102 1
39 49 3
39 228 1
48 257 2
76 218 1
85 89 2
197 216 1
193 202 2
91 188 2
85 100 1
28 218 3
71 181 1
39 76 5
77 144 1
35 188 3
14 215 1
63 82 2
22 157 1
68 180 2
22 25 7
155 203 2
117 177 2
95 244 2
76 186 4
136 182 2
136 166 6
63 256 3
80 136 2
126 246 2
131 164 2
45 62 9
61 72 4
51 113 3
88 159 2
142 169 2
208 232 2
35 261 4
28 65 5
4 126 2
14 116 2
37 62 2
147 225 2
21 35 5
89 142 3
28 216 5
62 77 2
14 210 2
85 155 2
121 129 3
90 129 4
122 135 2
126 259 4
129 174 2
189 228 2
35 218 2
11 74 2
91 177 3
7 157 9
25 37 10
41 61 3
87 89 2
190 231 2
83 134 2
72 140 4
145 197 2
13 35 2
129 168 2
213 240 2
76 121 2
71 113 2
69 134 3
67 215 2
25 213 2
3 7 4
74 250 23
18 186 2
45 235 3
61 193 4
75 215 2
49 140 7
75 134 4
71 237 3
157 198 6
69 238 6
135 196 2
55 141 2
141 208 2
35 213 2
241 261 2
22 52 2
134 203 5
124 169 7
87 228 2
14 101 2
168 240 2
130 216 4
222 242 2
134 145 2
49 71 2
127 137 2
35 71 3
35 61 7
25 244 2
63 234 2
91 234 3
33 74 2
90 260 2
25 28 12
74 202 2
10 95 4
122 136 3
33 119 2
188 205 2
45 227 3
37 148 2
10 193 4
25 147 2
48 213 2
71 88 3
21 178 2
26 178 2
133 234 2
66 66 2
148 174 2
51 236 3
107 218 4
25 61 7
72 89 5
196 203 2
39 48 2
35 37 5
47 232 2
92 243 2
170 257 2
136 232 6
56 131 2
169 249 2
78 254 2
168 209 4
123 165 2
3 233 2
129 209 9
82 258 2
35 170 2
161 217 2
89 205 2
63 141 2
17 107 2
12 78 2
170 218 2
32 261 3
72 249 6
61 258 2
220 239 2
13 174 4
98 145 10
64 197 2
51 162 3
28 233 12
72 75 3
37 222 8
29 225 2
80 90 2
92 225 4
113 133 2
22 198 2
60 185 3
35 137 3
62 82 2
71 225 2
174 261 5
72 188 5
89 131 8
39 149 2
7 130 8
139 162 2
22 233 5
147 235 2
10 190 2
36 65 3
19 205 2
9 208 2
62 107 2
89 188 3
28 188 2
45 70 2
70 121 2
117 226 3
38 180 4
77 87 2
25 89 14
122 131 3
182 237 4
39 125 2
69 235 2
3 78 2
17 189 3
76 137 4
213 231 3
49 122 2
209 244 4
33 130 2
39 70 2
49 169 5
61 210 2
65 225 2
71 87 4
11 215 2
67 76 4
85 130 2
81 136 2
205 258 2
62 177 2
89 164 4
63 198 2
74 225 2
89 225 3
88 250 2
161 218 2
61 163 2
163 248 2
76 164 3
81 169 2
42 94 2
145 188 2
17 142 2
39 91 4
85 226 2
52 247 2
166 218 2
25 64 2
162 200 2
42 212 2
51 229 2
209 235 3
47 174 2
55 215 2
32 186 2
97 195 2
71 77 2
49 91 3
65 197 2
194 208 6
35 181 4
76 232 2
75 259 2
60 147 2
22 33 2
39 83 2
178 227 2
47 68 2
85 229 4
21 141 2
39 249 2
209 241 4
149 163 2
196 197 2
88 212 2
63 188 2
148 235 2
51 237 2
126 182 3
69 188 3
227 258 2
72 209 3
98 229 8
71 209 6
113 205 2
79 91 2
131 191 2
101 122 2
79 215 2
158 216 2
129 131 2
88 218 3
61 209 2
209 247 2
196 215 2
49 209 3
62 137 3
72 222 3
51 141 2
162 188 2
168 231 3
200 235 2
130 215 2
26 130 2
14 72 3
33 157 3
26 142 2
89 165 2
175 216 2
91 141 3
205 219 3
69 254 2
45 190 2
35 177 7
160 196 2
135 140 2
28 244 4
69 130 2
33 193 6
25 177 4
117 130 4
90 235 2
37 181 2
48 77 2
14 177 2
77 231 2
173 188 2
7 185 2
76 139 2
16 252 2
35 47 2
107 165 2
9 73 2
80 228 2
62 65 2
53 133 2
14 150 3
35 49 4
159 234 4
113 200 2
3 170 3
131 196 3
215 252 5
232 240 2
41 65 2
37 203 3
119 174 3
121 258 3
37 124 2
38 124 2
10 188 2
42 218 3
97 167 2
113 147 2
56 205 2
32 263 2
61 197 2
74 210 2
155 226 2
159 185 2
151 188 2
66 197 2
60 247 2
49 50 2
80 165 2
20 42 7
165 230 2
198 219 2
49 112 2
49 203 3
39 71 4
35 85 2
17 91 2
62 62 2
77 177 2
174 216 3
17 66 2
68 89 3
174 250 2
83 194 3
69 205 2
72 177 2
216 258 2
77 93 2
59 224 2
78 107 3
102 124 2
32 47 2
183 215 3
17 244 2
108 200 2
62 227 2
42 167 2
159 226 2
76 250 2
180 216 2
49 123 2
194 217 2
168 212 3
4 242 2
35 219 2
107 216 2
35 91 2
35 39 3
218 225 2
179 225 3
56 215 2
177 216 2
61 85 2
121 188 1
76 244 1
98 192 1
38 137 2
140 203 1
79 182 1
161 235 1
18 65 1
72 195 1
14 134 1
68 196 1
55 89 1
49 69 1
35 87 1
24 182 1
150 203 1
7 93 1
134 175 1
38 101 1
76 217 1
188 250 1
47 51 1
86 193 1
182 229 2
71 74 1
35 155 1
177 205 2
86 178 1
18 188 2
36 63 1
136 239 2
170 182 2
121 197 1
24 56 2
163 167 1
47 213 2
147 231 2
113 185 1
28 237 2
76 95 1
56 174 1
148 182 1
75 147 1
32 41 1
29 178 1
139 218 1
146 205 1
134 194 1
236 250 1
61 141 2
196 216 2
231 235 1
137 152 1
19 153 1
170 241 2
76 131 1
117 218 1
62 71 2
71 236 1
43 177 1
75 129 2
140 188 4
101 191 2
170 210 1
74 188 1
91 238 2
35 90 1
51 179 1
17 43 1
39 188 5
39 62 2
208 261 1
32 89 1
77 155 1
62 145 1
45 71 2
139 175 1
25 225 2
130 226 4
122 226 2
81 244 1
98 107 1
10 218 2
85 140 1
231 242 1
17 102 1
130 260 1
90 169 1
39 140 3
117 139 1
91 180 1
20 80 2
191 261 2
61 131 1
37 54 2
72 238 2
136 177 1
17 130 1
72 170 1
76 82 1
29 91 1
53 55 1
63 179 1
76 89 1
22 123 1
166 216 1
49 190 1
76 177 2
19 170 1
113 121 1
169 244 1
139 222 1
36 72 1
72 155 1
62 140 2
33 35 3
139 244 1
101 113 1
71 142 2
32 246 1
61 161 3
200 229 3
143 182 1
26 39 1
67 195 1
22 210 1
123 210 1
14 189 2
42 189 1
95 215 2
82 87 1
89 235 1
32 236 2
49 195 1
62 111 1
56 210 1
62 89 3
119 136 1
168 185 1
51 87 4
139 141 1
14 91 2
25 247 2
166 225 1
4 49 1
163 183 1
125 129 1
74 256 1
119 226 1
124 263 1
51 140 2
136 185 1
233 259 1
66 136 1
49 113 1
137 149 1
37 205 1
145 203 1
60 259 1
107 157 1
61 233 1
161 254 1
60 212 1
28 70 1
131 246 1
72 137 1
166 208 2
137 167 1
50 69 1
47 55 1
185 240 1
60 174 1
26 233 1
61 150 2
32 126 1
28 97 1
218 258 1
21 250 1
141 213 1
121 124 1
121 170 1
95 198 1
51 80 1
170 203 1
26 49 1
188 216 1
74 83 1
87 159 1
3 89 1
140 195 1
148 213 1
212 259 1
76 88 2
47 185 1
35 107 1
123 222 1
91 97 1
159 194 1
113 203 1
20 235 2
170 222 1
69 259 1
87 235 2
174 186 1
80 205 1
87 169 1
137 247 1
98 188 1
151 197 1
151 181 1
137 169 1
56 263 1
4 210 1
124 140 1
97 174 1
68 86 1
122 137 1
153 170 1
225 233 1
68 216 1
37 49 1
73 121 2
131 134 1
69 88 2
37 89 1
196 223 1
35 246 1
17 56 1
35 159 1
68 247 1
61 116 1
82 131 2
17 85 1
69 241 1
47 205 1
17 182 1
35 230 1
86 226 1
182 247 2
72 107 1
188 197 1
49 180 1
185 248 1
51 208 1
35 65 3
185 194 1
42 117 1
174 182 3
18 47 1
76 147 2
108 228 1
49 194 1
25 218 1
71 72 2
147 164 1
69 81 1
170 250 1
35 247 1
71 215 1
136 241 1
70 215 1
130 225 2
37 177 1
171 216 1
11 222 1
191 216 1
35 83 2
62 186 1
10 159 1
140 219 1
39 165 1
19 218 1
169 219 1
32 159 1
3 185 2
32 242 1
48 219 1
13 147 1
39 173 1
131 157 1
63 182 1
35 100 1
94 260 1
141 235 1
146 195 1
169 234 1
49 222 2
119 218 1
18 33 1
18 244 1
130 231 1
128 194 1
69 242 1
88 219 1
41 76 2
75 200 2
76 192 1
178 256 1
16 218 2
133 141 1
98 121 2
131 170 1
131 215 1
49 197 2
215 242 1
86 146 1
39 90 1
32 87 1
142 257 1
101 218 1
29 107 1
122 158 1
89 228 1
19 191 1
78 166 1
47 242 3
69 236 1
72 112 2
39 219 1
22 224 1
131 213 1
101 209 1
117 205 1
107 167 1
130 130 2
142 188 1
14 36 2
45 188 2
200 250 1
171 198 1
159 248 1
45 208 2
162 210 1
231 248 1
37 219 1
69 97 2
35 191 2
25 203 1
17 223 1
62 90 4
188 209 2
121 131 1
76 162 1
75 188 1
205 226 1
63 90 1
107 178 1
10 97 2
165 236 1
49 77 1
80 144 1
182 244 1
3 180 1
168 259 1
182 233 1
127 185 1
185 212 1
63 65 1
119 185 1
78 225 1
72 244 1
51 263 1
51 254 2
39 141 1
102 170 1
75 203 1
173 237 1
90 216 1
216 244 1
9 140 1
122 142 1
136 180 1
42 131 1
55 143 1
12 243 1
26 256 1
90 225 1
159 212 2
28 193 2
161 183 1
49 228 1
37 107 1
94 237 1
47 182 2
18 81 1
169 208 1
37 215 1
97 146 1
54 106 1
166 171 1
28 180 2
45 91 1
137 175 1
14 249 1
106 231 1
166 191 2
137 205 1
72 85 2
21 40 1
13 258 1
45 241 1
143 219 1
225 227 1
31 146 1
62 232 1
137 250 1
164 225 1
185 259 2
195 244 1
3 246 1
90 124 1
73 92 1
14 242 1
119 157 1
42 130 1
42 177 1
97 169 1
210 231 1
25 155 1
62 244 1
51 198 1
32 152 1
17 213 1
13 220 1
78 241 1
130 218 1
75 216 1
195 222 1
215 232 1
197 203 1
38 203 1
32 233 1
171 177 1
7 166 1
232 259 1
174 188 1
130 201 1
97 180 1
85 188 1
47 81 1
35 41 1
177 191 1
4 116 1
73 82 1
39 47 1
134 225 1
95 101 1
150 232 1
135 258 1
128 218 2
225 225 1
71 231 1
98 223 1
56 76 1
92 127 1
97 217 1
17 135 1
63 219 1
45 174 1
93 215 1
88 130 1
39 87 1
65 205 3
35 238 1
53 205 1
177 181 1
117 215 3
91 224 1
13 155 1
22 22 1
88 133 1
130 179 1
51 231 1
33 69 1
171 215 1
192 197 1
61 260 1
35 222 1
48 220 1
18 59 1
173 223 1
3 169 1
136 198 1
17 222 1
39 186 1
77 80 1
62 164 1
10 169 1
41 185 1
66 80 1
76 219 1
71 85 1
60 237 1
4 177 1
38 76 1
10 100 1
74 81 1
69 203 1
169 213 1
37 77 1
77 222 1
174 254 2
28 235 1
182 231 1
25 85 2
129 238 1
177 232 1
91 195 1
25 146 1
119 130 4
237 258 1
119 254 1
65 227 1
97 222 2
71 124 1
22 72 1
101 260 1
49 151 1
107 124 1
79 250 1
96 135 1
119 219 1
162 212 1
42 232 1
170 213 1
72 117 1
82 215 1
29 222 1
89 116 1
47 247 1
122 259 1
91 244 1
89 149 1
38 226 1
14 61 1
107 257 1
64 152 2
16 16 1
177 195 1
42 188 1
203 230 1
17 77 1
183 185 1
17 87 1
39 65 1
168 213 1
180 228 1
51 107 1
134 193 1
208 218 1
11 89 1
209 222 1
170 171 1
41 45 1
3 58 1
148 250 1
243 249 1
117 192 1
171 236 1
43 61 1
11 69 1
61 87 1
78 124 1
95 171 1
51 220 1
177 190 1
15 137 1
45 202 1
50 55 1
61 229 1
72 108 1
219 232 1
222 233 1
127 217 1
69 151 1
107 155 1
37 72 1
126 220 1
126 213 1
51 250 1
4 22 1
17 26 1
91 137 1
86 219 1
49 225 1
39 216 1
219 219 1
147 242 1
70 131 1
182 246 1
179 198 1
10 74 1
17 141 1
62 181 1
135 162 1
85 165 1
168 241 1
22 257 1
19 74 1
217 224 1
42 124 1
36 196 1
49 86 1
51 161 1
29 88 1
17 106 1
85 137 1
86 140 1
67 225 1
36 225 1
25 116 1
87 91 1
220 242 1
43 153 1
61 181 1
70 130 1
140 185 1
69 224 1
135 222 1
95 137 1
62 258 1
41 89 1
26 166 1
75 91 1
80 146 1
74 76 1
188 228 1
7 124 1
28 177 1
208 236 1
250 262 1
82 124 1
130 219 1
