148 162 109
141 236 2138
100 162 594
75 138 59
230 234 601
48 90 335
132 157 59
142 162 594
142 238 1521
164 186 602
162 238 212
163 239 763
132 230 634
142 142 843
116 142 25
107 132 105
10 132 128
97 195 5
74 233 19
141 229 1049
107 233 336
162 186 1115
170 229 649
229 263 463
13 148 76
236 263 1802
43 132 61
48 249 165
68 68 500
114 244 2
166 238 610
238 239 2552
43 161 932
100 186 480
100 229 179
137 229 355
68 137 135
170 236 481
162 236 1319
43 162 367
230 233 259
48 239 582
42 236 60
164 230 691
164 246 498
144 237 99
246 261 127
48 50 472
50 161 258
234 261 114
132 161 335
164 261 127
125 249 212
132 261 82
87 170 119
234 246 663
234 249 744
162 170 1316
186 237 560
164 229 247
79 229 168
161 233 517
229 233 453
233 236 206
237 263 1305
79 161 212
114 161 159
114 144 150
144 234 318
148 234 168
41 74 196
24 239 251
142 239 2509
151 263 123
75 238 385
42 75 69
166 166 181
132 164 294
48 174 2
66 88 16
66 261 27
163 261 86
90 211 194
90 246 576
79 234 563
162 229 751
141 262 810
107 141 193
141 170 484
141 263 1372
230 263 84
230 231 249
68 138 217
230 230 440
236 236 2865
236 262 1539
68 113 340
48 142 966
186 230 1984
186 233 428
137 233 353
43 237 1083
161 162 1392
230 246 975
163 246 567
148 164 91
90 137 157
79 170 440
68 142 366
100 170 604
107 113 443
170 186 1078
48 186 872
100 261 96
132 163 306
114 246 115
138 244 30
75 230 47
163 230 923
163 186 960
260 260 9
137 263 107
114 233 59
113 211 354
164 170 866
87 236 32
87 233 66
138 158 54
7 179 44
107 137 525
143 229 58
50 114 30
161 262 298
114 137 90
87 142 16
75 213 3
236 237 6778
142 246 395
142 233 115
236 239 1749
13 162 186
13 68 198
132 234 107
107 186 601
140 142 383
140 239 358
152 238 49
41 166 183
41 41 144
49 97 12
79 263 59
95 132 66
33 113 12
68 162 354
236 238 1568
230 239 493
161 230 1090
13 161 259
141 237 2277
138 144 68
137 257 2
148 211 121
143 148 8
141 142 603
68 75 24
142 229 283
107 142 85
107 211 156
13 163 146
141 186 263
87 211 98
90 170 392
107 229 273
163 229 555
170 211 155
79 233 185
237 239 1193
74 75 542
65 211 7
211 231 441
170 234 1400
164 233 324
87 249 65
238 238 686
13 125 120
43 90 60
148 263 17
43 163 557
163 170 688
48 162 451
100 163 658
142 144 37
4 186 37
161 236 1652
140 170 372
237 244 24
7 223 37
140 236 1398
140 141 1057
229 237 1289
90 158 333
158 211 204
68 246 820
163 236 1175
229 246 83
143 249 31
170 239 198
202 239 2
1 161 56
13 87 185
68 233 129
90 231 241
107 140 153
140 237 1614
88 100 43
161 164 1606
68 164 448
48 230 742
43 186 248
80 138 26
166 239 379
48 163 650
142 151 463
148 170 104
148 249 90
132 229 90
1 48 38
229 230 241
162 211 122
138 234 217
79 100 99
229 256 4
13 48 167
1 13 19
37 132 39
142 263 327
142 262 236
142 158 65
143 151 187
239 239 1086
132 239 91
79 80 3
50 163 307
48 113 111
151 238 958
132 238 81
107 170 1066
229 262 302
162 233 402
137 170 572
107 114 262
90 249 569
233 234 270
50 246 408
132 186 171
43 238 476
43 43 499
24 237 80
48 138 340
144 231 295
144 249 215
144 186 226
107 161 505
132 170 249
161 237 2951
161 161 953
144 170 187
233 246 81
68 224 26
107 234 730
10 163 2
4 132 12
107 162 600
68 100 390
100 249 125
151 239 982
100 239 144
151 166 469
162 224 58
162 164 692
229 234 239
13 50 54
211 261 147
142 237 1610
107 263 87
48 144 93
151 230 53
170 233 434
43 170 187
142 236 1327
163 233 234
100 233 257
164 263 70
140 263 823
90 237 174
123 165 2
55 170 2
50 142 376
88 231 138
79 114 266
107 231 187
113 132 67
88 230 90
116 186 15
48 68 1032
132 255 64
148 231 150
43 141 322
43 234 154
68 249 460
163 211 125
211 236 55
249 249 236
90 230 291
75 234 29
48 170 389
48 48 575
100 246 618
42 246 8
43 239 637
138 239 191
140 233 409
74 262 128
74 263 275
161 263 332
1 186 35
41 151 203
151 229 35
142 230 860
79 162 238
137 162 374
138 162 722
137 161 255
262 263 861
132 166 56
223 224 1
142 163 1137
100 142 264
48 246 889
132 162 309
164 164 238
161 163 1560
181 246 4
87 144 90
132 263 67
239 263 430
158 246 301
24 138 16
138 164 410
79 224 78
79 144 260
161 229 752
158 231 353
186 211 230
237 238 777
48 79 87
48 125 43
237 237 2986
13 164 128
113 262 48
148 224 22
79 125 84
79 186 380
90 107 344
68 230 690
68 186 646
162 163 961
43 142 737
211 246 214
161 211 245
161 170 1428
161 246 681
43 230 582
45 229 26
45 237 23
33 132 41
79 249 354
211 256 8
137 186 351
138 229 185
60 68 1
140 166 49
138 186 208
25 33 24
13 33 15
141 164 165
113 170 431
114 230 100
231 249 451
45 249 44
138 161 877
138 141 145
74 236 366
238 263 361
148 236 35
48 143 526
148 229 40
33 138 40
79 261 65
79 112 10
7 7 94
140 262 902
145 226 28
163 164 632
137 141 217
137 232 53
186 224 64
162 239 363
164 239 121
186 234 960
113 161 305
75 237 412
140 162 899
143 263 117
158 234 350
170 246 336
68 158 274
68 90 749
143 163 496
138 230 1288
87 162 119
144 162 126
114 140 41
138 163 567
141 143 155
50 186 274
100 132 177
186 236 322
116 244 42
116 168 3
72 132 16
163 238 346
143 239 1238
238 262 171
107 107 348
75 224 9
107 230 177
79 107 616
148 158 68
161 249 217
162 237 2170
43 100 210
50 249 58
143 162 180
163 237 1583
61 163 1
162 246 358
56 138 16
132 216 127
48 116 17
141 141 772
144 263 14
50 230 380
161 239 534
140 230 164
238 246 146
158 230 113
88 263 16
113 249 433
142 143 1177
100 113 136
113 148 113
138 146 58
170 230 645
48 231 168
230 238 219
158 164 103
90 90 224
90 186 517
161 238 318
162 234 716
48 100 448
113 137 201
107 158 92
164 231 206
43 179 5
79 237 124
138 223 170
41 138 47
41 142 93
75 236 963
137 137 117
137 230 104
48 229 163
88 161 108
41 43 82
223 223 28
142 231 71
13 231 497
87 158 44
113 140 86
79 140 90
246 249 287
158 186 222
80 144 8
13 80 3
79 137 366
107 148 156
24 166 116
90 234 667
90 224 32
79 116 2
90 151 16
90 164 358
181 186 20
13 158 160
114 234 470
90 113 387
68 163 423
255 263 3
100 137 150
42 151 52
151 151 217
100 238 80
113 236 127
140 161 586
13 144 107
237 262 980
132 236 101
90 97 1
113 186 399
41 75 182
116 238 40
66 113 15
186 231 440
48 132 310
48 164 331
43 233 84
79 246 133
97 211 8
4 233 21
116 151 52
129 138 345
224 230 18
43 262 138
164 236 281
170 237 1044
41 229 11
97 138 25
161 186 1589
13 256 3
90 209 6
151 236 439
48 237 433
209 249 22
113 142 70
4 148 58
12 162 11
138 195 7
132 262 76
107 144 166
144 164 173
79 164 214
140 163 348
137 237 200
68 229 112
163 262 165
68 141 90
50 100 175
12 164 12
48 161 789
163 249 121
113 234 732
132 134 60
48 93 8
13 230 321
79 90 222
61 138 20
68 132 134
112 170 15
100 237 301
100 144 91
41 79 7
142 211 51
129 129 21
138 145 39
158 170 106
113 162 200
79 148 313
114 148 97
141 162 947
231 237 150
138 246 151
144 246 113
137 209 21
231 234 490
231 261 314
100 107 193
234 237 579
144 163 108
1 125 10
140 229 824
65 237 11
88 107 42
88 113 23
186 239 250
48 263 106
75 159 2
45 233 26
164 234 981
233 233 104
151 163 118
24 151 168
164 249 231
79 87 131
79 255 9
12 186 15
68 114 164
113 114 343
163 231 152
229 249 58
137 140 185
151 193 2
151 237 177
170 170 537
75 170 67
43 107 56
74 166 118
74 132 23
48 238 312
75 186 78
143 161 272
143 238 741
74 238 123
41 244 27
141 238 248
137 143 25
33 148 8
1 114 7
45 87 87
163 234 558
230 232 10
50 90 130
132 137 24
143 179 2
13 142 68
141 163 422
48 140 146
28 132 178
100 234 521
43 68 144
100 100 146
100 158 83
12 230 33
45 234 33
113 141 68
24 75 44
24 42 14
41 42 184
14 148 2
40 52 13
148 186 163
79 88 62
43 236 1142
243 262 2
141 209 15
144 261 115
113 239 56
88 144 36
43 48 298
68 148 70
87 132 77
45 231 114
1 148 16
50 107 45
24 142 129
138 262 116
140 140 463
79 113 468
114 231 261
79 132 92
233 239 78
125 158 119
90 114 197
75 263 551
7 236 11
170 179 4
88 141 14
125 138 66
132 140 54
193 193 263
229 229 285
68 79 220
7 193 33
230 261 202
75 116 16
48 137 89
186 229 281
143 246 260
1 239 13
142 164 203
1 107 15
138 237 281
97 186 10
13 100 125
112 138 33
95 134 6
88 164 76
88 232 26
148 181 5
79 211 235
132 148 73
164 262 59
87 125 60
229 239 153
87 161 151
50 68 299
263 263 531
234 262 71
41 238 186
13 137 43
65 231 30
43 143 214
146 193 18
48 88 35
65 144 13
144 236 51
1 236 12
50 164 112
14 132 33
24 238 262
43 79 55
244 262 11
137 179 8
7 164 5
148 163 47
68 170 453
211 230 178
137 246 58
87 148 102
48 107 121
129 132 35
143 230 232
143 231 52
144 181 7
107 138 144
141 234 170
43 261 29
125 230 76
262 262 231
68 263 44
138 220 8
144 161 215
42 142 26
74 237 116
158 236 52
158 249 279
141 161 817
230 249 179
49 230 2
43 229 152
90 142 103
142 189 2
209 246 26
88 186 97
142 186 353
93 132 490
50 162 146
48 114 48
229 236 728
33 137 22
113 237 179
132 145 120
65 141 7
114 186 180
170 263 176
70 138 83
79 262 56
42 79 9
41 262 33
74 243 7
162 226 22
40 181 10
170 223 7
143 143 374
43 164 228
164 237 522
107 236 165
138 260 53
33 162 21
170 224 82
140 224 35
45 230 47
45 97 1
65 119 2
140 249 50
79 163 92
13 246 296
158 256 2
68 211 191
21 132 7
42 42 88
179 179 13
137 193 3
141 179 6
141 246 79
239 246 267
231 246 387
24 41 75
142 234 263
162 230 990
132 256 47
237 249 119
158 261 59
68 161 585
7 138 79
231 256 12
107 224 142
107 249 250
88 163 39
13 170 131
68 234 907
186 261 167
121 230 2
1 163 67
79 141 118
137 249 92
41 140 39
48 193 6
114 158 151
158 237 76
148 148 78
12 148 4
141 228 2
162 162 614
163 163 278
132 132 444
90 161 302
80 125 1
125 144 106
13 261 141
186 263 104
88 162 93
151 234 18
170 209 44
140 211 41
143 186 138
68 125 152
141 230 186
50 143 230
143 237 454
143 262 52
80 230 5
43 166 119
132 165 15
114 236 62
45 236 17
42 143 16
87 186 129
75 152 12
138 236 171
87 90 32
32 138 4
79 231 207
42 239 43
148 261 70
144 230 155
107 246 177
75 75 325
41 236 129
137 234 367
137 163 99
186 246 849
43 138 110
158 161 139
116 138 29
142 161 997
162 261 112
142 166 235
98 132 8
144 224 18
107 262 95
74 100 14
75 142 134
148 161 97
12 211 5
162 263 358
209 237 11
141 239 410
107 164 414
66 249 6
48 236 296
161 234 1414
25 132 45
158 163 86
87 231 261
52 246 3
138 213 5
50 66 2
113 231 367
48 234 306
79 232 81
48 148 56
51 132 3
90 148 58
125 161 85
161 231 306
42 74 111
41 152 43
116 237 11
74 79 20
132 138 296
79 143 25
48 80 2
13 209 48
81 164 1
87 239 12
4 141 12
125 231 303
112 125 1
146 239 2
42 94 1
137 224 80
161 224 38
114 211 147
138 263 129
33 261 24
114 232 19
38 132 26
100 211 117
224 234 103
114 237 112
246 262 37
140 238 247
50 239 196
113 113 207
75 262 260
75 141 256
43 140 246
100 262 32
146 246 4
138 170 331
230 237 657
224 236 16
48 261 85
87 234 118
48 158 124
68 231 299
138 249 44
234 239 139
75 239 205
12 68 15
87 261 85
97 209 9
65 66 18
7 146 40
243 243 6
143 236 430
75 164 44
43 151 140
132 219 78
45 161 55
13 79 78
31 43 1
138 181 38
244 244 41
75 132 49
116 152 48
88 158 33
92 140 3
88 261 64
209 230 34
211 249 297
138 216 4
229 238 106
140 186 293
161 261 183
113 246 204
148 256 12
80 232 3
90 238 52
114 263 16
13 45 57
66 230 16
100 230 868
114 170 202
4 79 126
79 79 354
48 209 15
68 261 121
87 88 72
87 164 80
1 143 7
100 161 948
90 166 12
88 237 41
138 198 7
162 231 240
13 113 102
16 263 1
228 263 1
166 230 58
100 138 329
13 88 124
12 161 21
138 138 305
166 237 119
237 246 250
141 233 407
17 161 2
107 237 296
13 255 6
4 48 7
113 163 151
41 161 41
1 164 34
90 220 3
33 231 43
137 148 63
41 239 144
41 163 28
1 1 38
87 163 49
88 255 1
12 170 7
145 179 8
41 237 65
80 148 8
112 256 5
4 113 64
261 261 55
7 129 15
45 246 31
65 162 12
90 144 139
170 232 30
4 234 43
143 170 136
42 166 54
100 164 353
141 216 3
230 235 1
233 263 163
87 138 136
137 164 250
4 107 59
90 229 74
144 158 116
125 246 129
1 261 20
45 148 47
68 140 100
100 231 172
24 116 9
164 209 39
50 237 118
107 232 71
50 170 90
138 238 131
138 225 14
211 237 107
4 144 32
107 145 12
141 158 26
142 170 292
161 166 49
138 209 39
148 232 86
130 132 147
1 87 11
68 144 155
170 249 263
7 229 12
209 224 6
209 231 70
140 158 37
97 113 5
87 107 83
113 229 89
88 233 38
66 79 15
162 262 304
145 145 339
80 186 14
90 125 131
137 239 64
141 261 16
144 179 2
164 211 169
231 232 71
70 100 3
42 263 26
144 211 133
132 141 70
48 211 91
75 136 6
137 211 52
114 262 13
43 263 230
75 79 14
113 144 251
74 90 9
243 244 19
151 231 14
79 236 64
75 151 168
13 234 179
50 113 39
132 143 53
246 263 44
101 138 7
25 170 7
25 243 1
137 236 112
13 13 122
75 223 5
7 166 3
231 233 61
90 163 201
138 200 7
186 238 107
137 262 77
233 262 169
148 209 39
87 209 46
144 209 29
18 186 2
162 257 2
7 234 3
45 142 13
132 151 39
69 233 2
100 236 164
37 68 4
211 262 17
146 261 2
13 186 262
40 40 5
100 143 98
1 237 15
74 211 1
36 79 3
132 144 52
17 68 5
74 142 51
158 233 20
226 228 2
24 48 42
140 151 87
142 148 20
90 244 6
13 66 20
36 231 1
114 249 235
113 151 15
66 142 4
68 209 16
166 246 31
40 138 11
75 140 174
132 142 151
161 256 13
138 261 113
132 226 139
87 229 51
48 75 65
107 238 51
79 230 129
33 66 16
66 144 17
163 263 238
90 233 84
238 243 27
142 243 17
249 261 77
145 263 8
186 262 85
17 132 35
79 239 44
24 262 15
90 141 54
129 233 1
43 224 6
107 163 148
234 263 92
113 138 76
43 246 160
7 263 10
132 215 84
13 43 54
79 260 5
114 125 91
132 224 16
33 170 19
68 236 163
90 138 83
90 162 166
151 186 42
137 231 69
100 140 150
13 229 34
45 162 38
12 209 6
66 161 29
162 220 3
74 168 20
239 249 57
74 151 105
78 132 2
186 249 376
185 239 2
97 231 7
65 256 9
112 255 7
49 255 2
88 234 48
45 158 22
100 263 37
90 140 54
45 107 38
140 148 35
50 261 31
13 211 161
113 224 43
79 166 9
66 234 20
132 231 69
231 231 439
76 132 53
236 246 174
90 128 1
261 263 14
237 261 35
151 152 43
48 151 127
33 234 19
66 158 5
13 232 23
112 236 5
145 148 1
141 211 32
233 261 50
68 262 35
4 209 9
71 138 4
231 239 66
226 234 6
143 166 129
234 234 431
161 244 13
132 211 51
12 233 7
13 112 6
143 234 88
87 137 82
17 186 10
50 158 52
87 141 49
65 87 14
74 137 22
144 229 40
226 230 20
151 158 11
74 232 4
261 262 13
68 166 30
74 152 36
74 116 28
100 181 3
112 132 39
140 234 160
158 239 44
249 262 23
113 243 6
236 249 98
163 209 20
93 170 8
74 162 20
5 75 1
224 249 25
132 181 66
132 254 4
33 249 11
135 138 7
100 232 13
68 107 296
13 114 93
152 163 2
140 231 85
75 246 20
1 75 4
4 263 11
90 239 75
90 116 3
25 237 5
52 162 6
25 255 1
13 138 114
88 142 17
132 232 22
211 233 61
170 231 185
1 170 15
50 132 50
246 246 345
45 66 11
20 140 1
24 229 14
249 263 15
8 138 4
48 66 6
24 244 18
230 236 416
144 144 69
144 239 24
35 138 5
244 263 15
132 189 23
50 259 1
7 237 21
66 162 17
142 249 72
132 210 13
147 151 1
211 234 397
132 205 28
211 229 45
24 163 33
45 79 67
68 143 155
166 236 223
114 163 75
179 233 2
29 114 1
158 209 8
179 223 13
193 226 13
41 69 2
116 247 4
75 163 96
144 233 54
114 256 11
4 90 30
4 68 16
114 162 94
231 262 32
25 79 3
113 143 40
93 230 11
107 143 30
133 181 3
234 236 290
42 138 35
75 161 143
74 74 146
33 238 8
166 244 68
48 141 133
42 238 65
233 237 360
179 260 2
137 226 11
186 243 12
152 244 26
52 132 11
13 166 8
13 224 6
74 164 13
33 237 12
24 65 2
223 233 4
132 237 107
65 163 6
65 79 8
41 233 6
42 235 4
220 241 1
7 161 14
13 107 81
41 116 47
50 231 83
140 202 12
66 164 9
75 119 2
68 239 187
114 138 39
1 230 88
45 232 36
41 68 16
141 166 41
75 144 6
148 233 45
138 167 2
151 262 50
49 79 6
107 181 7
137 144 57
100 114 74
239 262 219
50 263 33
125 239 19
82 138 25
209 261 38
1 68 26
230 262 77
25 162 7
25 181 27
114 229 54
186 200 4
163 232 15
82 192 1
43 144 39
239 256 3
158 162 76
79 181 5
232 249 15
66 163 11
33 87 24
12 246 21
7 132 36
186 232 39
146 186 14
87 246 74
68 87 63
211 239 36
63 138 5
43 113 51
219 263 1
80 231 5
148 239 21
146 163 8
146 164 8
148 230 71
75 107 25
1 246 33
50 229 38
12 158 2
4 87 18
33 186 16
82 82 11
7 48 7
60 169 1
41 60 1
100 141 105
16 229 1
131 132 11
28 140 2
49 138 18
164 224 39
158 229 26
7 107 6
133 138 4
113 261 69
88 246 67
114 114 82
138 140 150
140 164 163
132 249 41
40 79 3
12 163 9
138 231 135
43 50 67
24 24 28
181 230 7
4 137 42
163 226 10
87 114 62
226 257 1
45 113 24
132 158 59
7 238 2
1 233 16
1 137 2
45 261 39
114 132 36
24 263 27
152 239 29
138 151 42
138 142 178
83 138 21
125 125 21
152 237 13
24 158 3
41 132 35
143 197 1
24 143 56
48 233 141
238 249 37
13 239 36
107 260 2
1 142 23
43 87 21
79 225 2
138 227 3
164 238 73
66 141 4
79 238 35
113 230 207
37 37 6
48 262 51
226 229 17
4 170 38
4 232 27
144 238 20
42 163 14
165 186 2
45 100 18
43 256 4
223 236 10
141 249 42
75 137 36
232 232 23
12 87 9
88 262 21
88 211 32
82 237 8
55 234 1
66 148 8
68 237 227
45 186 54
148 225 2
38 170 1
123 139 1
50 50 128
142 224 8
4 249 26
1 249 12
89 138 7
223 263 7
138 211 48
138 226 60
21 148 1
170 260 7
97 146 1
132 233 105
76 138 4
1 113 12
145 186 21
28 135 1
48 260 4
65 186 19
5 140 2
50 79 32
142 152 25
131 138 8
88 114 20
90 100 310
4 163 2
137 261 27
7 163 11
55 231 2
112 239 3
80 132 32
113 164 323
24 188 1
211 238 12
79 138 102
48 168 2
138 233 204
74 239 53
50 211 33
163 166 70
45 143 2
43 158 44
88 132 38
116 246 13
69 100 1
134 134 5
226 233 6
13 132 71
74 170 23
48 87 46
87 100 56
132 193 9
50 234 119
55 230 1
33 65 14
75 232 6
181 256 1
37 80 3
132 244 10
129 260 11
170 262 158
80 263 2
7 145 19
224 229 17
62 138 15
132 257 10
66 231 28
26 227 2
138 168 11
100 260 4
43 74 48
75 243 6
132 175 7
40 132 20
147 234 2
125 211 88
79 97 8
36 50 1
158 232 11
87 255 5
25 67 1
24 50 11
43 66 2
41 263 42
12 13 28
65 97 17
127 186 7
107 239 66
140 201 1
162 225 2
138 143 72
25 238 1
141 146 15
211 211 55
33 144 12
80 249 1
132 139 23
115 132 2
197 216 2
113 125 139
14 164 1
127 239 8
132 135 28
13 233 69
79 158 104
89 186 10
143 211 20
113 158 231
159 238 2
87 230 83
45 88 39
90 132 65
1 24 1
125 163 54
90 193 2
152 236 25
143 164 76
43 232 3
90 147 2
88 229 26
132 177 9
13 249 157
25 263 4
141 151 80
50 238 130
209 233 20
132 209 25
88 138 63
25 230 4
111 138 1
48 166 65
4 45 12
68 88 37
132 133 11
223 239 8
1 151 3
79 142 57
90 112 3
12 234 9
12 66 4
230 243 14
50 236 78
89 234 1
164 226 11
151 233 14
75 162 105
32 132 3
41 90 7
124 132 33
125 186 171
95 138 35
66 255 7
93 142 6
87 87 52
74 244 22
7 186 13
138 166 67
33 40 31
230 252 1
87 93 2
19 132 8
36 132 21
72 72 5
98 191 1
82 132 85
74 159 5
166 263 54
163 202 3
132 202 8
146 226 15
132 146 28
95 263 2
216 233 2
137 138 43
43 137 31
111 164 1
132 225 31
61 132 56
75 255 2
7 113 1
166 234 19
45 198 1
92 100 2
43 211 54
116 239 45
239 261 20
125 148 55
121 143 1
25 249 2
142 244 37
162 209 31
45 45 17
45 132 17
48 244 24
255 256 9
45 141 11
186 244 30
50 116 8
146 146 33
140 226 19
166 247 4
75 114 9
33 143 2
75 100 35
42 170 11
186 186 159
87 113 62
13 90 97
24 93 1
164 232 34
24 43 32
90 236 97
33 50 2
142 261 37
86 117 5
138 173 12
88 140 38
74 126 4
121 229 1
113 232 55
226 226 88
134 138 13
162 249 114
239 244 75
113 238 43
132 180 10
138 193 8
13 236 49
42 237 22
88 88 16
40 170 14
100 125 61
114 209 12
193 223 1
50 140 37
237 256 7
175 238 3
152 230 8
43 75 126
7 226 43
212 236 2
132 241 5
65 138 51
37 65 4
82 107 9
33 97 15
1 144 6
146 234 3
113 233 65
45 151 2
79 209 39
65 140 8
100 148 46
66 80 2
226 260 19
125 170 90
138 179 37
217 263 4
140 143 150
246 255 4
4 231 11
132 243 13
71 132 11
43 125 14
106 132 2
12 144 7
49 181 7
65 261 11
151 162 69
163 244 16
42 244 29
45 138 20
88 90 22
145 229 19
45 163 16
33 88 17
88 174 1
229 244 7
45 238 6
143 233 32
80 162 6
215 215 4
98 138 9
24 230 27
18 231 1
117 132 4
93 246 3
75 229 51
224 233 38
13 151 7
87 263 22
87 237 46
116 230 16
12 116 1
231 236 69
141 196 2
43 231 64
50 87 19
45 164 29
145 237 34
82 137 3
158 263 8
125 137 22
166 186 41
24 132 12
88 239 14
170 261 94
125 236 24
93 138 39
138 256 20
25 137 7
146 244 1
157 186 3
45 262 11
43 249 47
24 161 18
238 244 77
107 212 2
75 113 18
132 198 23
50 152 5
50 166 32
42 48 23
41 125 6
140 217 10
144 217 3
24 140 35
233 238 42
82 230 4
226 261 2
202 237 4
137 142 78
40 161 8
90 261 43
116 163 13
1 162 54
142 220 2
33 45 7
229 231 55
146 237 19
41 141 30
75 250 1
179 193 17
43 148 20
17 170 7
143 244 31
45 65 32
132 223 54
100 224 15
180 180 2
28 138 9
42 186 22
74 186 13
7 162 15
228 261 2
24 236 109
137 166 5
7 239 1
41 167 2
167 168 2
114 261 58
7 112 2
42 161 20
87 140 52
45 90 17
45 211 32
146 179 15
4 164 15
42 113 5
173 223 1
144 148 124
140 246 44
138 188 15
88 236 27
140 144 24
66 256 4
26 261 4
137 158 27
88 209 43
138 189 19
35 86 1
49 144 3
49 65 6
132 197 42
102 229 1
61 186 7
88 148 35
12 249 4
95 261 2
181 255 2
7 137 6
42 132 14
45 140 24
162 166 39
138 247 8
81 132 4
125 164 94
151 249 12
13 41 3
148 238 9
140 243 7
12 100 15
88 125 26
220 238 9
211 232 28
107 151 17
162 244 22
43 65 2
4 229 12
144 255 15
163 243 7
129 170 5
161 209 49
236 261 26
92 132 41
10 230 5
88 137 40
41 230 28
107 261 50
141 148 29
69 152 3
137 238 40
41 169 4
69 247 4
66 186 16
68 238 117
132 258 12
100 160 1
65 229 5
65 255 6
11 55 1
136 241 1
25 138 35
198 211 1
100 259 1
40 162 1
79 198 1
125 262 9
33 33 27
125 234 209
32 161 2
65 161 11
132 195 6
4 97 6
138 202 15
166 262 33
50 151 49
47 263 1
91 123 6
71 165 3
140 146 10
42 152 22
42 116 38
4 162 31
70 132 14
138 205 6
68 76 2
91 132 16
234 243 4
75 182 3
130 138 10
75 143 65
12 132 2
232 234 53
170 238 109
65 233 10
65 164 6
12 43 2
152 193 1
75 166 118
65 209 11
160 260 1
112 186 14
48 70 3
66 87 19
52 234 5
164 181 9
162 188 3
121 138 7
107 209 23
54 132 4
138 197 6
65 100 10
75 216 1
95 233 9
47 90 2
66 145 1
234 256 8
138 148 70
50 233 36
125 263 6
114 224 28
77 132 5
141 244 7
158 158 70
144 232 47
45 48 13
231 257 1
100 112 4
74 141 103
45 68 35
12 33 5
164 254 2
65 132 63
33 236 15
75 87 17
17 33 6
90 255 3
93 161 10
12 113 4
118 229 3
24 246 12
141 144 42
93 164 7
43 114 34
125 261 54
35 132 4
140 145 16
116 166 77
87 97 1
152 166 111
1 232 1
61 224 1
88 170 70
13 237 70
25 186 11
37 230 2
170 193 3
112 148 8
132 246 77
56 132 108
142 209 4
67 161 2
158 238 22
50 138 47
42 107 13
229 232 12
116 233 12
89 170 5
31 163 2
74 249 6
68 69 1
194 239 3
43 88 26
69 138 3
141 257 1
161 232 7
125 132 44
43 116 4
45 144 45
230 244 22
61 65 1
116 231 5
179 237 4
28 48 3
132 152 6
141 226 34
48 74 16
12 231 22
42 233 7
43 129 5
132 196 39
62 132 14
132 200 6
65 137 10
43 193 1
74 163 15
168 186 4
181 234 10
232 261 16
168 263 12
224 262 12
145 146 19
70 249 1
186 209 46
230 256 4
226 263 5
114 238 19
170 243 3
1 263 4
45 50 10
231 263 32
141 177 1
209 209 9
232 256 8
22 261 1
169 183 1
202 233 2
138 224 15
90 143 63
80 97 4
129 179 6
25 211 10
114 239 27
127 236 3
146 161 9
145 232 3
186 198 1
85 89 1
162 255 11
168 261 2
114 164 137
49 161 2
186 256 11
141 243 6
100 191 1
35 134 1
179 236 3
74 161 26
80 170 3
107 125 66
179 226 12
148 246 64
4 114 26
79 151 12
56 141 1
114 225 2
97 97 23
26 162 3
33 211 8
4 50 4
94 136 1
69 78 2
13 140 53
95 229 3
13 143 21
42 141 14
157 229 1
83 132 16
75 88 6
65 230 14
1 88 13
82 173 3
132 147 2
48 157 3
74 194 3
87 232 39
167 232 2
21 230 1
132 260 42
41 186 18
142 146 6
50 244 15
40 142 2
18 235 1
16 132 11
12 65 4
186 255 9
1 229 4
114 142 40
13 141 27
170 242 4
74 181 1
72 100 1
85 132 11
73 261 1
93 113 2
132 191 24
132 218 34
45 226 2
151 243 16
196 234 2
24 141 19
1 158 10
7 75 8
133 133 2
40 186 7
164 166 17
231 238 40
4 261 18
82 163 2
163 195 3
132 188 23
75 168 14
31 142 1
17 140 13
217 237 11
145 158 2
162 223 4
50 148 16
90 263 29
140 259 3
28 233 4
236 244 45
159 263 4
12 140 3
88 249 19
148 262 9
4 7 1
10 261 1
11 132 7
141 145 21
132 203 53
145 230 17
106 232 1
173 260 2
125 142 10
10 216 1
29 132 12
90 145 9
77 233 1
26 161 3
125 209 12
48 223 2
132 222 17
49 132 55
202 260 1
37 138 22
232 233 19
52 112 1
202 234 1
151 161 87
209 232 36
66 125 4
49 113 5
220 233 3
138 228 9
24 186 16
168 232 1
67 140 2
181 188 5
65 113 8
25 231 20
71 97 1
166 249 8
50 215 1
200 236 5
138 250 1
145 161 23
72 239 1
74 140 72
160 236 1
146 209 4
116 132 12
124 129 1
70 70 3
179 229 4
112 144 5
68 256 3
41 170 18
15 132 4
25 48 6
224 246 13
85 85 2
61 205 1
195 230 6
138 235 6
17 80 3
138 252 13
33 107 11
76 162 2
49 229 2
95 95 8
13 75 8
209 262 12
49 170 3
7 151 2
152 152 12
45 170 42
75 233 35
61 137 10
145 170 36
161 226 23
143 261 9
161 195 9
25 195 8
95 196 9
12 114 3
74 138 34
33 233 12
65 170 12
88 238 3
170 226 12
53 132 7
163 224 15
234 244 7
100 255 5
49 234 2
66 97 11
132 259 3
12 45 11
74 234 12
17 237 4
70 129 9
229 261 27
164 195 3
123 132 17
198 237 1
140 244 23
1 79 13
65 68 7
68 244 17
33 75 4
138 255 37
161 217 10
112 234 7
211 255 14
145 162 39
68 232 26
42 43 25
65 148 11
3 50 1
48 195 1
43 70 1
116 137 6
68 127 2
61 141 4
140 181 6
166 231 9
65 106 1
80 234 4
70 161 5
138 192 9
24 170 13
41 159 5
143 243 12
79 228 1
82 260 11
82 198 3
162 195 1
125 162 56
181 195 3
151 170 27
144 256 17
17 228 1
137 217 14
74 92 4
5 132 1
166 261 4
33 79 12
15 138 5
166 229 25
12 237 7
1 211 5
24 74 45
32 242 6
144 262 13
90 106 3
140 232 28
162 232 21
126 132 2
66 107 9
146 170 5
107 216 2
140 252 1
100 209 12
43 159 1
65 224 1
4 262 6
152 243 6
89 132 36
7 141 21
148 237 45
186 228 4
137 256 13
140 160 6
195 237 1
33 49 3
12 142 4
49 137 10
23 135 3
55 137 2
32 247 1
195 239 4
83 100 3
100 195 1
50 137 16
138 147 5
95 161 6
162 256 11
226 237 22
100 223 6
140 223 5
4 13 13
11 11 2
42 140 23
34 65 4
129 229 12
155 155 7
33 209 7
33 52 31
25 85 4
224 261 4
79 257 1
1 90 19
127 127 1
25 217 2
217 232 1
170 181 17
66 239 2
55 79 1
224 231 14
123 246 1
49 142 1
68 151 40
32 252 1
24 233 6
41 137 14
25 65 13
7 262 6
234 255 6
57 129 1
195 233 2
64 64 3
232 246 10
208 263 3
138 212 4
140 179 7
52 65 4
138 160 7
89 161 1
113 263 26
145 164 16
50 88 11
48 202 3
42 114 4
42 234 4
25 161 8
132 150 13
141 168 5
34 162 2
26 163 3
79 226 5
66 189 4
7 98 1
39 132 40
28 261 1
74 229 25
147 147 1
12 48 17
151 246 55
35 197 2
125 195 1
42 249 3
70 237 1
21 170 1
41 234 9
234 238 85
142 195 1
43 195 1
14 14 5
68 116 5
97 132 23
48 232 9
75 172 1
24 114 3
137 198 1
239 243 15
260 261 3
217 231 7
24 162 19
132 168 3
66 100 5
68 168 1
20 235 1
4 246 10
232 262 7
226 236 10
198 229 1
140 257 1
127 140 1
41 144 6
161 243 8
68 78 3
116 236 22
49 52 1
141 231 42
132 235 1
186 195 3
17 138 17
161 179 7
95 140 6
4 224 11
7 260 11
140 260 13
92 138 44
97 232 2
146 162 10
36 97 2
143 146 4
48 120 1
43 235 1
169 235 1
166 242 1
13 37 1
25 97 14
188 188 34
170 195 4
181 231 17
152 249 6
226 249 3
141 255 4
45 194 1
113 209 30
40 68 4
45 166 2
1 141 3
145 261 2
75 217 1
45 137 30
106 186 3
24 152 17
138 243 21
72 85 2
72 91 3
42 100 12
13 52 2
72 138 8
45 114 27
39 202 2
120 263 1
192 205 1
45 255 2
45 256 6
107 169 1
12 107 1
151 244 34
9 132 4
140 209 31
107 129 3
68 195 2
65 181 10
90 260 1
151 164 19
195 231 4
97 158 1
168 262 4
49 186 6
61 170 1
75 244 24
127 170 2
51 174 8
66 229 6
125 237 38
42 168 9
26 137 4
17 107 4
65 195 2
13 65 4
116 249 2
40 90 4
235 263 2
137 145 9
92 134 2
216 216 11
132 252 10
168 230 3
107 116 4
7 140 29
226 238 2
93 229 2
93 263 1
28 87 4
50 262 9
195 195 2
33 125 4
193 230 5
66 66 3
132 228 14
43 243 8
14 138 8
49 68 5
224 232 11
166 258 1
74 143 16
12 261 19
10 130 2
87 143 7
119 229 2
140 261 32
196 215 2
223 230 4
45 239 8
68 74 9
47 132 2
223 238 2
68 134 1
13 226 3
17 263 3
145 193 14
25 209 4
143 219 1
255 260 1
219 237 1
49 236 6
100 226 11
21 232 1
196 223 2
143 144 14
222 233 1
228 230 5
89 148 1
158 166 2
56 162 5
13 238 24
97 161 6
42 50 10
100 151 29
233 249 54
48 129 4
145 260 4
24 224 2
112 196 1
50 141 43
25 140 9
138 175 3
74 223 6
177 180 1
143 224 10
144 206 1
37 162 3
231 244 9
211 224 14
143 232 5
116 161 10
75 249 9
209 229 19
31 211 1
3 226 2
186 223 8
17 137 13
17 125 5
1 231 25
36 233 1
53 92 1
33 158 6
80 163 4
224 263 18
173 196 1
151 211 7
112 249 4
145 262 11
224 237 17
209 211 20
52 79 8
75 129 8
238 247 2
145 233 12
72 75 1
48 224 11
90 232 17
220 263 5
85 186 1
146 211 5
137 255 6
162 181 7
13 14 4
200 230 3
223 262 3
97 224 2
106 146 1
129 226 12
20 79 1
33 164 12
41 168 11
24 107 4
66 137 6
107 256 11
14 77 1
11 137 2
141 256 3
17 49 6
116 143 10
42 169 1
66 196 1
41 143 22
14 15 2
15 135 3
24 68 8
148 255 13
142 255 2
87 195 3
125 143 12
82 164 5
48 247 1
74 230 16
41 48 35
129 141 4
129 146 8
141 232 15
138 215 5
24 243 2
33 181 9
92 146 2
130 163 3
80 164 1
70 260 1
1 45 2
79 145 5
107 166 7
87 190 1
90 262 18
179 230 3
125 232 12
114 143 16
41 243 7
42 137 10
166 243 7
142 256 4
145 246 1
132 149 15
141 193 2
25 262 3
232 237 17
41 246 18
137 146 1
74 247 4
162 189 4
82 129 7
25 234 10
223 226 8
5 76 1
134 211 2
209 236 10
53 68 1
142 226 9
33 68 8
132 253 5
141 202 3
25 148 4
100 166 12
36 66 1
4 237 6
125 238 8
82 161 6
74 129 1
41 126 1
40 89 1
87 224 11
113 255 5
158 255 4
170 255 6
65 249 4
24 100 9
80 217 1
50 125 22
97 162 8
40 249 2
37 170 7
20 242 3
36 138 15
70 175 1
161 223 6
66 223 1
164 256 6
162 168 5
129 173 1
80 261 3
129 237 5
79 256 18
143 158 26
100 116 9
72 164 2
84 161 1
42 68 7
100 106 2
82 239 1
152 170 3
114 255 3
39 95 1
33 161 10
68 182 1
63 76 5
4 88 15
37 186 10
67 132 3
106 113 1
97 148 7
186 188 5
45 125 12
25 246 4
33 163 14
138 152 7
112 113 2
66 140 9
56 148 1
32 186 2
66 132 26
50 75 12
1 247 1
165 236 1
240 263 1
152 158 2
90 247 4
142 145 8
51 183 1
25 164 6
74 107 13
66 211 10
97 261 6
71 236 1
121 132 17
13 95 2
100 129 2
41 100 15
116 263 8
68 243 5
52 163 2
4 158 3
249 255 2
50 209 5
223 246 3
74 148 5
125 141 8
168 223 1
113 145 3
138 253 3
116 170 6
48 121 2
13 262 13
166 170 26
177 181 1
43 223 1
24 211 3
48 112 2
93 158 1
229 255 2
158 224 9
97 181 9
41 211 2
50 144 22
177 231 1
51 242 7
28 238 1
65 232 4
159 159 3
50 145 4
118 138 1
83 260 4
65 190 2
113 256 12
123 123 3
1 43 12
40 106 1
68 254 1
132 155 27
17 114 1
17 97 3
37 97 5
93 255 1
33 216 1
22 236 3
28 231 2
24 234 7
126 213 3
93 143 1
107 226 15
195 229 1
4 138 12
51 166 1
65 234 2
38 139 1
116 116 24
129 148 3
144 195 3
17 236 6
69 141 1
51 138 5
151 248 1
146 229 11
166 220 2
179 186 3
20 41 2
97 255 1
4 100 16
66 130 1
13 263 21
145 234 13
12 79 5
209 234 29
75 220 1
16 138 4
13 243 4
179 246 1
138 196 11
48 146 4
66 181 2
189 211 2
40 230 2
114 141 28
58 138 2
12 25 1
39 161 2
224 224 14
37 48 2
70 192 1
125 233 21
7 233 4
29 261 1
12 12 2
140 241 2
100 244 11
144 225 2
75 148 6
65 262 6
26 48 4
8 151 1
117 138 1
56 68 1
37 113 2
43 226 3
48 226 13
232 236 11
87 262 18
80 161 5
70 144 1
141 217 2
66 157 2
200 238 5
47 75 1
65 165 2
4 75 12
25 229 3
52 232 1
63 79 2
33 239 5
48 83 1
138 185 2
13 25 5
90 181 3
41 164 8
152 167 1
152 246 4
83 141 1
92 262 1
162 228 4
52 88 1
31 42 1
61 97 7
65 88 11
65 114 5
223 234 3
71 75 1
33 189 2
41 50 7
85 246 1
45 102 1
90 256 9
127 138 6
42 243 2
211 263 10
37 148 7
92 161 1
65 89 3
41 261 2
112 112 13
66 90 4
52 186 4
95 100 2
65 263 6
75 146 1
45 209 35
92 93 1
140 171 4
137 181 9
17 148 1
65 80 4
123 150 1
219 219 2
45 181 1
53 145 1
126 238 1
90 179 3
68 152 6
1 238 8
65 236 7
181 263 5
107 254 6
82 193 4
138 182 2
224 239 4
25 189 7
130 162 3
83 83 5
25 54 2
41 88 4
132 227 6
249 256 4
80 112 5
4 4 16
65 67 2
182 186 2
186 235 2
48 243 13
87 213 1
69 229 1
97 163 2
100 250 1
232 239 10
50 95 1
51 186 2
66 237 6
255 261 5
31 239 1
90 127 2
13 200 1
130 236 2
145 231 6
100 174 2
7 142 4
182 230 6
181 228 7
181 181 15
94 235 4
211 213 1
33 48 3
54 138 3
79 244 3
90 195 3
25 107 4
25 25 20
93 231 2
13 97 2
82 170 2
33 114 6
106 231 3
141 223 6
145 236 21
107 198 2
7 116 1
52 144 6
41 162 34
129 162 8
23 40 1
107 157 4
35 100 1
102 132 7
43 45 4
68 85 1
138 171 9
138 149 2
75 147 2
212 263 1
28 79 3
65 107 9
112 163 8
61 140 5
138 241 4
94 94 2
232 263 10
128 151 2
149 210 5
215 231 1
112 261 1
66 138 11
28 170 2
56 164 5
37 114 2
193 237 7
179 262 3
132 179 12
153 241 1
13 152 1
22 132 7
132 160 12
43 93 2
10 231 3
80 226 2
82 196 7
38 219 1
65 149 2
144 145 4
14 142 3
168 168 38
207 207 57
145 224 9
220 244 11
209 226 2
18 161 1
128 244 3
100 136 1
132 247 2
80 255 4
75 90 10
186 189 3
48 127 3
10 138 7
121 152 1
4 125 7
80 228 1
102 138 6
140 195 1
244 246 8
162 200 3
200 200 2
133 233 4
50 93 1
14 35 1
134 140 1
181 237 5
146 262 3
26 91 6
22 87 2
74 189 1
81 162 2
179 238 2
4 230 3
72 162 3
227 237 3
69 263 5
25 198 1
102 140 3
137 243 13
33 230 4
48 106 1
127 237 6
97 137 8
143 165 1
168 236 8
89 137 4
37 256 6
112 233 7
93 163 6
165 170 6
140 198 3
223 237 6
17 233 1
29 55 2
107 255 5
43 210 1
68 206 1
67 186 1
137 244 7
4 140 13
70 74 5
159 243 2
48 130 3
36 137 1
174 236 2
47 168 1
127 246 2
237 257 2
126 234 2
116 262 2
17 209 1
75 197 4
138 191 4
42 159 5
88 224 7
146 260 6
208 234 1
227 227 2
1 100 19
52 181 7
15 23 2
42 71 1
151 261 6
48 227 1
138 157 5
62 189 1
35 85 1
74 89 1
7 68 3
119 138 4
134 239 2
12 88 3
157 162 2
4 211 19
230 255 8
223 231 10
47 78 2
236 260 5
68 112 6
143 152 7
79 89 2
228 228 7
129 143 3
161 255 8
255 255 6
137 197 3
130 161 4
7 100 9
85 138 3
200 220 7
129 223 6
98 98 7
75 261 3
171 196 1
164 223 3
93 237 3
7 92 1
197 233 4
69 170 2
68 70 1
186 226 12
37 107 5
50 220 3
4 161 13
42 230 16
83 237 3
25 68 5
128 220 2
134 230 2
7 148 3
26 164 2
100 146 4
11 26 2
7 202 4
17 90 3
26 237 3
53 230 1
77 170 1
51 74 1
186 218 2
90 225 3
33 106 2
113 195 2
88 152 2
48 65 5
68 123 1
43 220 1
87 95 3
129 202 1
82 83 3
161 193 1
132 173 7
75 158 12
137 260 4
141 220 3
10 229 1
181 229 5
1 132 14
162 179 4
90 152 2
60 231 1
200 263 2
97 234 12
181 225 2
159 236 2
195 234 2
68 97 2
97 246 3
52 113 2
49 225 4
88 193 1
115 192 1
209 217 2
90 215 2
132 154 6
129 231 3
33 141 13
216 246 2
122 138 1
42 162 12
75 130 3
170 217 11
89 216 1
237 258 1
87 157 6
256 262 3
198 236 4
26 90 2
82 157 3
142 185 1
7 261 1
53 146 1
95 231 4
138 177 4
51 212 1
43 217 4
231 247 2
182 183 1
25 149 1
108 210 1
42 182 1
14 170 5
3 138 1
112 162 8
34 170 1
83 146 1
217 217 2
141 224 12
41 81 2
138 232 14
93 162 13
43 244 24
53 225 1
80 211 3
235 247 1
129 192 1
92 129 3
36 100 3
205 205 6
95 135 3
93 135 1
1 97 1
150 210 8
83 226 6
16 100 1
205 215 1
133 137 3
40 65 3
39 97 2
186 202 3
52 231 5
102 236 8
230 247 6
112 137 6
14 22 3
106 227 1
146 242 1
107 220 3
94 186 1
10 164 3
97 237 4
11 227 1
168 239 2
96 233 1
80 236 1
127 132 5
142 179 2
183 262 1
161 248 1
48 181 4
116 140 6
100 145 11
33 140 18
93 166 3
141 260 6
107 243 4
242 263 1
162 217 2
70 209 1
67 100 2
17 231 6
29 233 1
97 227 4
150 233 1
243 263 5
224 238 4
145 223 2
223 260 4
225 232 3
7 80 1
25 75 3
159 237 2
140 192 1
68 247 5
50 69 1
171 231 1
181 238 3
42 231 10
93 144 2
129 193 6
39 234 4
34 249 1
67 203 1
82 186 3
223 247 1
24 78 1
33 39 6
138 219 2
32 78 2
127 263 4
117 209 1
155 210 3
25 40 14
75 231 20
33 229 2
116 162 5
7 231 2
14 135 3
140 193 8
35 188 5
63 134 1
17 217 3
22 143 1
141 157 1
114 200 1
66 209 3
167 169 2
47 141 1
141 192 1
83 162 2
61 68 2
76 227 1
60 141 1
3 252 1
53 138 14
185 236 2
220 234 2
92 164 1
186 216 3
140 196 3
134 237 1
163 179 1
74 136 4
75 209 3
126 168 1
9 98 1
35 72 4
22 231 6
144 244 1
236 243 13
141 200 5
198 226 1
29 244 1
128 236 1
17 256 1
26 89 6
140 256 7
74 119 3
68 136 1
188 261 2
48 145 5
67 107 1
49 114 3
81 213 6
181 236 11
17 65 5
125 229 13
86 86 1
68 146 6
139 261 1
165 257 2
69 237 3
34 261 1
10 74 1
122 132 2
61 231 2
33 203 1
25 144 7
80 197 1
107 119 1
74 158 2
47 164 2
163 255 7
75 235 1
116 141 6
170 173 1
229 260 3
136 159 1
142 165 2
137 151 14
220 230 1
97 166 2
33 246 4
35 137 4
134 234 1
31 230 1
80 137 7
65 142 2
97 142 2
13 129 3
162 197 3
1 223 2
49 163 2
7 74 1
28 243 1
39 91 6
192 192 3
101 192 2
101 175 1
52 237 2
42 69 4
10 125 1
25 210 3
29 210 3
48 55 1
40 234 5
33 255 4
140 213 5
106 138 5
155 163 1
39 236 1
114 151 5
76 195 2
39 39 10
25 39 2
82 95 2
8 202 1
56 82 1
56 95 3
77 222 2
56 224 2
82 92 2
61 211 2
166 200 3
78 113 2
146 223 5
164 196 3
108 132 7
75 112 1
170 196 3
113 116 5
151 235 2
87 181 8
19 131 2
208 233 1
32 236 1
237 243 13
33 244 1
14 181 2
82 125 2
68 82 3
40 188 1
26 132 4
162 215 1
51 236 6
112 145 6
62 231 1
157 157 1
209 225 3
61 123 3
132 192 15
132 184 1
155 227 2
75 211 6
52 158 2
160 160 1
37 234 3
112 237 6
52 257 1
52 106 3
127 234 2
95 237 6
148 226 1
152 262 1
186 225 4
42 127 2
63 132 12
178 181 1
173 226 1
52 66 5
80 88 1
14 66 1
74 246 5
100 119 1
63 107 1
166 233 6
86 134 1
56 83 1
122 131 1
24 226 3
4 244 2
43 214 1
65 189 2
168 247 4
55 238 1
31 107 1
145 209 5
160 230 1
33 112 3
80 140 2
238 261 8
137 225 6
61 225 5
53 236 1
218 223 2
228 255 2
25 233 4
14 233 2
50 260 1
152 229 3
70 164 2
39 188 1
107 241 1
100 121 1
52 170 5
143 247 2
231 255 7
10 234 2
106 164 3
164 243 4
179 263 3
123 233 1
87 243 7
175 175 3
33 228 1
119 142 1
149 165 4
82 117 2
78 186 1
127 244 6
41 87 2
9 38 1
100 171 2
152 263 5
189 231 3
161 202 2
5 229 1
152 233 2
113 130 1
233 241 1
125 140 15
82 143 1
215 226 1
213 234 2
52 138 13
190 211 3
136 140 5
33 100 2
219 236 1
100 198 3
113 166 8
39 138 3
25 45 5
71 133 1
87 112 3
28 192 2
53 64 1
37 188 3
82 231 2
17 87 4
11 233 1
170 198 1
15 98 2
112 158 3
130 144 1
226 262 4
93 261 2
141 259 1
89 164 2
43 196 1
93 115 1
72 77 1
13 244 6
140 157 2
233 244 5
7 170 9
100 243 2
4 236 6
40 66 3
28 163 1
127 137 1
14 177 1
145 163 14
88 218 3
14 162 1
56 100 3
95 236 8
101 137 1
138 207 10
230 260 2
186 257 2
114 257 1
246 256 5
69 119 1
25 90 6
146 196 1
61 142 7
69 168 3
21 138 1
159 186 3
220 231 2
126 186 1
174 244 2
123 181 2
93 233 3
56 170 3
42 229 5
217 230 2
127 166 3
12 75 1
155 177 2
165 238 2
7 207 2
130 130 13
129 140 8
17 45 1
143 226 3
151 181 1
89 181 2
61 95 1
47 161 2
238 242 2
138 208 4
168 170 2
25 72 2
33 232 4
220 220 4
237 255 7
89 162 5
93 239 2
121 140 2
135 236 1
113 149 1
34 164 1
79 188 1
18 141 3
163 194 2
160 231 1
69 151 3
68 93 6
95 102 1
170 216 1
57 138 2
129 144 1
101 164 1
90 136 1
52 107 6
42 247 4
37 137 7
239 242 1
12 125 5
94 241 1
170 244 6
97 112 1
18 168 1
224 244 2
227 228 1
97 197 1
163 223 6
101 135 2
106 229 4
119 161 4
215 239 1
61 121 1
66 233 5
40 97 2
52 148 4
161 168 2
76 188 10
145 249 6
9 95 1
189 249 2
37 164 2
100 228 2
125 145 4
146 249 3
14 236 2
54 164 1
144 157 2
74 81 2
148 217 2
62 137 5
22 161 1
161 247 1
88 123 2
151 226 1
24 164 6
191 237 1
112 232 2
256 261 5
9 161 1
11 65 1
87 226 3
42 145 2
28 98 1
65 158 3
207 260 2
100 258 3
211 244 3
112 164 2
88 143 3
87 257 1
134 229 2
146 236 2
169 220 1
107 228 3
41 113 5
106 261 3
114 243 1
40 239 1
113 226 2
61 261 2
13 56 1
14 249 1
160 237 2
146 230 3
127 229 2
143 242 2
97 225 7
31 68 1
37 75 3
229 242 1
89 209 1
62 236 1
167 244 1
158 262 7
161 235 1
18 41 1
119 237 1
132 185 6
55 132 9
107 244 10
40 231 3
138 254 3
123 138 1
95 170 8
146 233 6
75 177 5
125 202 1
29 170 2
14 75 2
21 210 2
125 224 3
79 217 6
24 79 8
79 169 1
157 230 4
118 137 1
186 241 1
146 216 1
216 261 1
237 260 4
72 89 1
186 220 2
49 148 1
132 178 4
107 217 5
34 239 1
80 113 2
126 169 1
119 247 1
106 106 10
42 136 2
88 147 1
20 138 3
244 247 10
238 259 1
70 163 4
21 186 1
62 65 4
82 140 3
141 241 1
168 242 2
49 239 2
61 177 2
107 160 1
68 133 2
83 140 3
18 138 2
128 162 1
29 65 1
130 230 4
39 261 3
85 137 2
142 174 1
25 126 1
42 177 1
107 225 3
135 226 1
25 225 2
29 100 1
45 75 4
107 152 2
48 98 1
34 186 1
141 214 1
137 155 2
48 251 1
132 190 1
97 144 3
124 138 3
87 210 3
14 137 4
112 140 7
1 234 7
85 177 1
74 114 1
50 129 1
125 166 4
164 179 1
26 234 2
32 69 1
181 233 4
140 200 10
163 217 3
20 152 2
61 145 2
4 217 1
72 205 1
88 130 1
160 196 2
80 95 1
65 125 5
42 78 2
60 242 1
43 168 1
123 170 1
127 141 3
228 234 2
181 227 1
33 195 2
41 158 6
52 142 2
12 232 3
28 186 1
72 76 1
17 75 3
51 142 2
114 189 2
233 256 4
166 224 1
14 215 1
60 208 1
41 82 1
29 140 3
100 168 2
24 127 3
95 107 1
33 117 1
132 171 11
113 177 1
134 170 2
64 67 1
138 169 4
125 181 3
107 131 1
1 50 8
13 145 3
40 195 4
112 229 5
193 232 1
119 186 2
17 211 4
107 251 1
24 231 5
25 125 3
33 37 2
57 132 2
87 244 1
220 237 8
150 236 1
40 140 7
143 196 1
68 71 2
33 190 1
88 225 1
7 211 1
54 231 4
142 168 4
88 181 3
152 261 1
48 189 3
66 263 2
209 256 2
49 51 1
52 52 4
91 222 2
91 91 5
10 48 3
70 234 3
58 213 2
163 256 2
45 223 3
4 43 4
62 263 1
32 234 1
90 93 3
87 145 2
62 186 2
95 130 3
138 258 5
25 188 2
226 244 2
100 196 1
48 177 1
14 33 4
49 115 1
35 49 1
142 232 6
14 140 5
113 152 8
164 174 2
25 141 2
14 48 1
45 195 2
132 194 5
113 216 2
78 78 2
94 132 3
157 170 1
28 158 1
40 164 2
37 61 3
173 232 1
161 174 1
41 149 1
138 174 4
130 237 2
17 26 3
137 168 8
27 234 1
75 260 1
75 210 2
129 145 3
170 256 5
64 132 8
74 231 6
189 239 2
34 68 3
10 238 1
86 186 1
38 138 2
148 188 2
101 210 1
190 236 2
143 255 2
155 165 5
1 262 3
48 82 2
106 237 1
112 146 4
138 155 1
76 225 5
107 196 3
56 92 1
28 148 2
52 230 4
13 196 2
73 138 2
87 89 6
87 151 1
87 256 5
145 202 1
134 162 1
174 240 1
97 233 3
163 220 4
256 256 1
42 262 7
33 43 4
95 260 1
37 225 3
114 166 9
10 226 4
25 261 7
25 87 4
260 262 3
43 146 5
36 262 2
75 254 2
228 232 3
189 233 2
140 189 3
75 193 3
132 213 3
31 87 1
14 25 2
25 49 3
190 231 2
4 41 2
79 243 1
107 146 4
37 249 2
186 227 1
51 235 3
4 74 4
161 181 6
87 225 3
71 181 4
222 227 1
130 186 1
83 216 2
181 257 3
17 43 2
25 224 1
142 159 3
56 230 1
129 167 1
165 181 1
97 151 2
180 197 1
40 228 3
209 255 1
3 92 1
7 83 2
97 249 3
92 162 1
127 161 4
92 179 1
93 260 1
136 138 4
137 242 1
144 151 5
148 190 1
17 66 1
48 179 3
49 164 2
145 151 1
233 255 7
210 261 1
82 258 4
215 230 3
85 125 1
90 146 1
75 195 1
85 162 1
127 243 7
164 260 3
82 229 3
10 140 1
90 226 2
95 226 3
170 220 3
17 195 3
48 197 3
34 225 1
132 182 4
188 222 1
213 263 4
38 244 1
50 74 4
31 236 1
93 151 1
114 181 3
233 257 1
163 216 1
148 166 1
36 48 2
121 234 1
200 237 3
107 112 9
111 211 1
41 114 4
79 258 1
43 181 2
13 190 2
95 234 4
181 226 2
195 198 1
68 145 7
68 255 9
28 164 2
163 181 3
96 261 1
241 262 2
197 226 2
90 124 2
247 263 3
55 163 3
169 169 6
90 243 1
70 230 3
42 213 3
24 90 7
52 256 1
14 113 4
192 230 1
17 162 2
61 233 2
4 142 1
157 161 4
129 238 2
152 234 2
66 238 1
66 68 5
90 194 1
76 148 3
75 167 3
193 233 1
48 200 3
50 232 2
66 246 8
143 256 2
151 247 2
93 249 2
45 189 1
226 231 2
79 195 3
209 263 4
165 229 2
25 80 1
230 241 3
185 262 1
33 34 2
146 263 5
94 100 1
88 257 1
25 52 5
197 237 4
13 228 2
74 179 2
161 188 1
42 129 2
36 224 1
52 263 2
141 152 6
49 62 1
43 61 1
61 189 1
91 162 1
65 65 14
138 165 3
8 74 1
54 88 1
70 95 1
82 226 9
33 142 5
17 255 1
92 243 3
140 255 2
116 211 1
126 230 1
37 79 4
66 114 4
4 66 1
151 232 2
126 138 2
158 195 2
80 198 2
79 190 1
41 182 3
33 262 7
181 239 1
62 188 1
82 223 1
161 177 1
36 148 1
74 224 1
69 166 1
97 238 1
56 75 4
88 93 2
129 142 7
5 210 2
194 263 2
82 148 1
97 262 1
34 49 1
20 132 4
193 246 2
39 70 1
107 189 5
129 249 2
119 262 1
75 228 2
52 228 2
52 236 4
95 230 1
17 61 8
113 181 5
79 202 1
215 262 1
96 132 2
13 135 1
4 256 4
17 246 1
97 133 2
100 193 2
41 231 2
246 250 1
95 143 3
7 95 3
49 107 3
181 211 5
21 231 1
179 256 1
236 255 5
79 106 1
106 228 1
40 261 3
239 247 1
112 142 1
13 93 2
61 181 6
43 145 5
95 193 1
13 257 1
61 239 2
45 49 3
25 100 2
186 242 1
162 198 2
90 129 1
17 113 1
29 162 3
31 186 1
11 237 1
22 211 1
225 230 1
78 262 1
68 260 2
93 93 2
209 238 3
48 56 3
151 240 2
6 261 1
191 205 1
82 246 1
193 260 2
155 161 2
226 256 1
93 148 2
48 133 1
142 235 1
132 201 4
188 231 3
65 90 5
17 77 3
62 106 2
112 230 2
77 162 1
52 140 2
65 74 2
10 170 4
146 255 1
152 161 2
87 238 2
173 186 1
7 157 1
49 228 1
62 237 2
148 244 2
145 238 5
87 166 6
142 181 2
189 261 4
20 48 1
112 246 2
140 152 4
74 220 1
37 255 1
75 125 3
106 181 4
89 89 9
33 263 7
223 229 4
61 188 7
37 140 7
92 163 1
137 167 2
47 238 1
9 82 2
29 48 2
144 166 4
152 241 1
75 226 4
45 224 7
100 220 2
129 239 2
130 157 1
232 238 6
163 260 3
140 165 6
129 186 4
161 189 2
113 223 1
74 174 1
43 189 2
152 231 2
61 61 9
48 173 1
65 246 4
61 230 1
123 235 1
80 202 2
75 93 2
12 138 5
13 181 6
94 138 1
174 262 2
70 231 2
138 257 5
151 209 1
235 235 2
151 182 1
41 107 5
228 246 1
16 16 4
65 212 3
188 233 1
191 215 1
69 244 4
108 261 1
40 211 7
1 209 3
25 66 8
24 134 1
143 153 1
47 138 1
49 61 6
202 209 1
119 132 3
181 261 5
220 239 2
88 228 2
18 151 1
101 143 1
42 87 3
38 131 1
1 138 3
62 170 1
28 50 1
217 244 1
224 226 4
75 179 4
26 68 1
128 243 1
14 261 1
127 151 5
7 230 7
132 242 6
97 263 1
140 254 3
161 260 2
36 186 4
24 249 2
34 237 1
14 52 1
17 79 2
138 218 1
152 186 9
50 194 1
209 239 5
140 215 1
92 198 2
42 223 2
26 138 2
232 260 4
34 66 2
93 262 3
134 163 2
151 168 7
47 235 1
169 231 1
83 186 2
82 141 3
86 132 3
161 171 1
92 137 1
107 127 1
40 209 1
50 169 1
164 258 1
152 162 1
193 234 1
28 230 7
22 165 2
252 262 1
25 88 2
100 159 1
92 144 3
217 236 10
45 247 1
40 74 1
148 196 1
116 243 9
116 144 1
79 189 1
198 239 1
157 231 1
4 37 1
151 200 2
241 241 1
79 168 1
66 112 2
163 193 2
41 205 3
159 164 1
25 239 2
17 35 3
79 223 2
69 159 3
135 192 3
24 137 5
186 192 1
55 188 3
100 225 2
14 68 2
128 138 1
33 90 5
5 246 1
170 247 2
49 141 2
229 241 1
79 247 1
89 91 4
7 56 2
10 202 1
66 106 1
129 234 7
34 97 1
47 119 2
98 175 2
90 173 1
109 229 2
40 223 1
19 140 2
93 186 2
124 143 2
130 231 1
17 50 2
48 61 4
56 216 1
42 242 2
95 141 1
76 142 2
50 181 1
41 249 3
217 261 3
12 180 1
7 87 2
88 178 1
226 246 1
60 166 1
61 88 2
147 185 1
25 61 4
82 236 2
22 162 1
146 256 3
211 217 1
166 211 5
10 134 1
89 144 1
35 115 1
186 217 1
40 125 2
157 237 4
7 246 1
87 197 1
157 236 2
61 148 2
48 152 7
28 100 3
162 260 5
14 209 3
164 215 2
43 209 3
25 41 1
120 138 1
242 261 1
82 233 1
28 161 2
142 217 1
73 162 1
7 90 6
203 205 3
42 226 4
4 166 1
35 163 1
42 158 1
49 139 1
68 257 2
55 107 3
17 144 2
139 219 1
135 186 1
101 132 6
181 189 2
207 223 1
205 242 1
137 202 1
145 194 1
89 236 2
140 183 1
6 6 1
157 226 2
75 94 1
129 236 2
48 257 2
14 67 3
7 79 1
138 242 5
28 45 1
45 74 6
208 262 1
193 202 1
193 229 2
28 137 1
141 188 6
137 178 1
95 129 1
97 140 3
76 144 2
134 232 1
9 92 3
170 215 2
90 241 1
82 146 5
48 76 1
129 263 2
82 162 4
128 166 1
12 239 3
38 236 3
25 244 1
25 114 4
121 130 1
19 191 1
162 202 3
51 232 1
39 231 1
29 237 1
77 137 2
10 19 1
164 168 1
186 213 2
17 261 3
22 107 2
49 231 11
132 174 4
140 188 2
41 223 2
181 232 2
32 231 1
180 217 1
66 236 2
137 157 3
79 179 5
29 61 1
65 171 1
26 114 1
55 125 1
127 142 3
35 261 1
14 49 1
70 223 2
15 15 3
40 54 1
137 220 1
236 257 3
86 216 1
32 213 1
193 256 2
5 84 1
141 198 1
196 226 1
73 186 1
65 207 1
17 181 1
127 220 1
131 197 1
225 231 1
89 225 1
71 89 4
92 246 1
10 10 2
35 101 1
137 147 1
87 228 1
159 234 1
138 248 2
34 181 1
74 250 1
81 244 1
88 166 1
182 248 1
48 119 4
74 226 6
129 137 6
97 100 1
100 212 1
134 216 1
37 237 1
50 241 1
25 256 2
37 55 2
37 141 2
10 237 1
51 261 1
37 155 1
173 246 1
125 157 1
180 209 1
28 205 1
69 236 1
127 129 1
93 234 2
155 195 1
197 209 1
85 170 3
32 32 2
7 244 1
66 170 5
29 150 1
118 161 1
193 207 1
50 243 6
193 205 1
71 226 2
39 72 11
141 225 2
45 263 8
138 222 1
97 170 7
188 189 1
164 216 1
130 145 2
33 61 6
158 244 4
52 161 2
72 137 3
168 234 3
40 244 1
64 95 1
132 176 1
149 149 3
234 260 1
21 65 1
25 228 5
174 186 2
106 233 1
137 223 6
162 219 1
33 224 3
101 203 1
112 226 4
72 165 4
133 140 1
106 238 3
165 249 1
17 100 1
70 261 1
40 48 1
75 200 3
13 165 2
20 263 1
10 95 3
17 89 4
54 107 1
136 234 1
160 164 1
85 189 1
121 203 1
66 226 1
74 145 2
80 193 1
42 194 3
124 170 4
146 191 1
28 143 1
87 130 2
77 229 1
61 75 3
13 40 4
71 158 2
229 243 2
85 181 1
49 189 3
33 72 3
47 242 1
79 192 1
128 238 1
134 161 2
89 140 5
80 209 3
244 261 1
147 174 1
88 97 2
121 122 2
131 168 1
220 229 1
102 239 2
35 97 1
7 8 1
25 106 5
89 230 2
55 116 1
130 170 5
76 244 5
213 244 2
69 169 3
188 249 1
179 231 4
137 188 3
28 134 2
68 217 2
22 228 2
95 137 5
218 231 1
224 260 1
99 132 1
14 45 1
112 114 1
93 167 1
137 228 1
24 125 2
175 263 3
10 113 1
95 162 3
100 133 1
218 230 1
146 207 1
160 186 1
11 67 2
94 238 1
142 260 3
83 129 4
234 257 3
130 134 3
48 210 1
216 229 3
142 259 1
47 254 1
168 244 1
125 256 1
194 236 4
116 220 1
160 263 2
166 168 1
95 160 1
78 241 1
65 196 2
75 241 1
24 144 2
165 233 3
146 173 1
69 116 1
220 262 2
21 140 1
160 161 3
160 171 1
133 161 1
43 97 1
164 220 3
175 249 1
135 252 1
14 252 1
82 113 3
69 137 5
13 195 4
164 193 1
170 225 2
69 74 2
54 137 1
68 208 1
137 173 2
6 141 1
142 257 1
121 192 1
40 88 1
48 216 2
14 90 1
24 47 2
169 170 1
197 197 6
91 137 4
40 113 1
161 200 3
194 238 1
113 257 1
71 225 2
14 231 6
23 84 1
80 229 1
86 189 1
259 263 1
188 190 1
64 138 3
65 127 1
138 194 3
32 42 1
62 107 3
25 76 3
4 42 5
74 259 1
107 247 1
52 261 4
100 134 1
75 76 1
127 262 1
189 234 6
17 189 1
143 223 2
186 247 1
62 90 1
33 175 1
91 138 1
88 195 2
216 262 1
7 235 1
48 169 2
50 254 1
129 163 3
154 162 1
39 100 1
16 218 2
159 247 7
86 185 1
134 142 1
14 163 1
92 261 1
159 244 2
9 138 3
45 116 1
93 137 1
56 87 1
95 239 1
38 203 3
113 244 7
80 87 1
80 146 2
49 162 1
230 242 1
26 106 1
69 75 8
160 239 1
12 90 1
28 74 1
14 40 2
7 158 1
158 226 2
129 256 1
76 231 4
143 260 1
48 52 1
138 139 2
89 188 7
79 146 3
3 51 7
140 206 3
162 169 1
48 97 3
43 152 2
121 237 2
40 148 3
112 141 2
52 211 2
149 234 1
49 246 3
137 189 3
112 198 2
136 238 1
55 90 1
52 249 2
112 143 1
69 140 2
45 145 1
51 161 1
163 228 1
161 216 1
66 151 1
92 142 1
162 242 1
100 247 1
232 255 3
135 254 2
67 141 1
52 97 2
24 72 1
107 179 3
6 138 1
134 246 1
41 247 2
68 226 3
170 227 1
129 230 2
160 170 1
127 164 3
41 224 1
50 223 2
132 169 2
52 68 1
118 234 1
258 258 1
150 231 1
130 164 1
114 145 2
113 189 1
148 151 2
40 192 1
159 215 1
36 65 1
4 80 1
25 232 1
80 177 1
95 164 3
164 244 5
220 236 1
7 50 2
92 170 1
12 97 1
40 158 4
18 262 1
55 169 1
14 87 1
216 230 4
153 238 1
170 213 3
47 74 3
45 257 1
80 100 1
127 200 1
141 189 1
37 261 2
220 261 1
4 151 1
73 132 1
228 231 1
48 256 3
10 197 2
181 209 1
82 100 3
52 262 1
144 188 1
49 87 3
75 83 1
127 230 1
41 148 5
56 226 3
236 241 3
148 189 2
10 107 3
61 238 1
127 163 3
22 113 1
42 164 2
94 166 1
94 129 1
97 107 2
37 209 3
43 198 1
33 42 1
72 177 2
226 239 2
144 216 1
239 255 1
186 260 3
24 113 1
166 209 1
37 144 2
152 200 2
12 151 1
10 262 1
37 229 1
145 198 1
169 229 2
116 148 1
109 132 1
132 220 3
24 145 1
16 243 1
51 151 1
43 127 1
186 259 2
48 51 1
26 232 1
166 223 2
150 211 2
132 159 1
127 238 3
16 143 1
34 211 1
95 238 1
196 249 1
145 211 3
74 88 3
42 90 4
69 249 1
50 256 1
48 171 2
49 90 4
180 233 1
49 249 2
211 226 1
14 239 1
25 113 3
128 262 1
257 257 2
41 232 2
100 152 3
54 261 1
142 241 1
37 177 1
161 228 3
36 144 1
142 194 3
36 80 3
10 100 1
48 94 1
75 126 2
200 239 3
24 37 1
66 228 1
166 194 1
47 79 1
97 239 1
25 163 1
98 140 1
41 119 3
21 55 1
52 87 4
147 152 2
50 65 1
28 28 4
8 163 1
93 211 3
56 70 2
51 163 1
57 68 1
132 214 1
28 239 1
78 161 1
55 75 3
56 135 1
225 261 2
68 89 1
37 197 1
4 239 2
88 129 2
44 44 1
44 210 1
42 148 3
78 136 1
116 234 1
41 188 1
113 193 1
113 215 1
157 246 3
79 82 1
239 260 3
25 35 6
13 260 1
40 107 3
241 244 2
14 234 1
26 225 1
138 180 1
26 236 3
7 152 1
69 142 1
135 158 1
40 144 2
7 216 1
106 170 2
210 228 1
56 147 1
202 249 1
137 235 1
61 158 1
75 97 2
127 135 1
32 48 2
100 130 2
26 246 2
113 147 3
10 79 3
74 113 8
33 36 1
189 209 1
39 76 4
7 23 1
72 140 4
45 93 1
157 249 1
61 234 1
18 79 3
68 160 1
141 213 4
61 169 1
147 205 1
227 230 1
128 239 1
20 262 1
10 162 1
97 256 2
7 37 1
76 170 4
48 182 1
18 174 1
74 120 1
181 249 3
68 157 2
1 116 1
1 140 7
33 95 1
82 142 1
87 223 1
95 218 6
95 205 1
69 69 2
89 100 2
17 164 2
54 234 1
68 189 1
28 237 1
129 161 1
55 55 2
49 158 1
14 129 1
231 242 1
100 257 1
217 257 1
79 93 1
28 107 1
33 91 3
132 207 1
82 209 2
18 246 1
71 188 3
70 186 3
79 215 1
62 62 2
161 250 2
223 261 2
22 138 1
35 177 4
14 26 3
81 142 1
90 217 1
77 138 1
49 106 1
19 64 1
25 151 2
88 127 1
117 201 1
178 237 2
39 89 5
61 237 2
14 21 1
22 26 3
121 162 1
21 22 2
11 29 3
40 237 1
135 219 1
126 220 3
83 213 1
40 87 1
89 213 1
22 181 2
82 263 1
50 146 1
18 78 1
135 141 2
92 226 2
75 160 2
83 234 1
170 257 1
186 196 2
62 140 6
92 160 1
65 155 1
14 101 1
140 258 2
166 167 1
150 237 1
155 222 5
85 124 1
107 195 4
65 134 1
90 197 1
43 178 1
74 127 1
45 69 2
76 76 13
116 128 1
232 244 2
170 222 3
61 113 2
76 140 3
75 89 1
51 230 2
121 170 1
235 244 2
20 78 1
51 250 1
72 149 1
39 150 1
23 170 1
62 113 1
39 177 1
29 89 1
164 241 1
42 70 1
61 62 6
33 55 3
38 89 1
80 89 1
171 179 1
65 108 1
87 215 1
36 237 2
75 145 3
198 234 1
61 108 1
210 210 4
62 154 1
40 163 2
48 212 1
169 236 2
223 252 1
233 243 1
54 239 1
80 80 5
166 182 1
9 141 2
93 114 2
158 216 1
80 107 4
88 112 1
37 262 1
41 70 8
88 210 1
191 216 1
220 243 5
170 218 1
159 168 3
130 211 1
134 197 1
55 261 2
144 152 1
37 163 3
52 61 3
127 153 1
43 136 2
53 252 3
95 142 1
18 74 1
131 134 4
26 170 4
4 12 1
186 205 1
152 164 1
79 177 1
137 165 3
107 133 2
15 216 1
33 227 2
12 263 1
112 161 1
137 171 1
113 179 1
155 170 6
12 141 1
71 141 2
42 144 3
7 144 1
142 228 1
35 91 2
40 141 2
52 137 4
158 220 1
107 121 1
37 100 1
87 250 1
34 125 1
67 231 1
14 108 1
47 68 3
9 9 1
52 89 2
71 76 5
97 188 1
138 245 1
91 216 1
185 247 1
158 189 1
24 148 2
95 249 1
146 231 1
93 236 3
48 203 1
65 129 1
35 61 5
143 160 1
42 248 1
88 98 1
42 45 1
216 231 1
49 232 2
76 89 2
117 124 3
125 189 1
49 262 1
43 134 1
169 244 1
152 211 1
146 152 1
54 148 1
28 43 2
217 246 2
87 217 2
98 162 1
113 217 1
10 142 2
10 148 2
161 165 1
197 225 1
49 149 1
54 87 1
147 186 2
49 226 1
10 209 2
101 101 1
132 248 1
94 143 1
50 128 2
13 24 1
129 151 1
55 71 3
68 215 1
34 87 1
131 137 1
4 65 2
66 75 1
100 256 1
34 34 1
87 124 1
49 233 1
26 26 2
75 80 1
77 98 2
149 162 2
140 168 3
147 246 1
75 242 1
12 92 1
102 137 1
68 197 1
119 243 1
159 262 1
93 196 1
70 79 1
75 95 2
73 196 1
91 155 4
23 44 1
40 137 3
49 238 1
39 65 1
68 179 1
47 231 1
36 170 1
94 161 1
12 181 1
20 246 1
16 98 2
126 261 1
158 243 1
202 262 1
247 262 1
118 233 1
120 142 1
73 233 1
163 182 2
255 262 1
25 203 1
34 255 1
43 247 2
87 178 1
43 82 1
61 90 1
90 167 1
98 170 1
48 196 1
14 223 1
61 100 1
165 231 3
80 82 1
193 231 3
12 229 2
233 252 1
107 134 1
142 200 1
164 198 1
136 237 1
14 158 1
185 242 4
126 247 1
53 95 1
178 233 1
80 142 2
170 248 2
106 141 1
169 186 3
145 166 1
182 182 3
7 53 1
32 244 1
45 217 1
136 136 1
162 196 1
130 219 2
13 49 3
116 130 1
92 141 1
9 100 1
45 242 1
17 158 1
231 243 2
65 238 3
126 249 1
210 233 1
49 166 1
163 173 1
124 137 1
107 136 2
149 231 1
4 238 1
142 216 2
50 127 1
153 244 3
26 44 1
165 261 1
162 182 1
91 177 1
142 203 3
216 239 2
195 249 1
75 189 1
162 243 4
236 256 2
107 215 1
170 200 1
181 190 1
25 55 1
14 76 3
164 257 1
33 134 1
60 60 1
60 159 1
130 261 1
91 228 8
65 239 2
146 224 1
23 118 1
200 262 2
128 163 1
188 234 1
3 74 1
148 191 1
164 189 1
36 163 2
56 140 2
55 237 1
78 151 1
89 143 2
173 237 1
127 136 1
13 146 1
152 240 1
244 254 1
79 178 1
146 238 1
33 89 6
106 188 1
89 158 1
119 141 2
107 242 1
56 163 1
125 134 1
33 80 1
178 228 1
242 242 1
93 145 1
49 49 2
86 209 1
63 225 1
162 216 2
61 107 3
13 189 1
112 149 1
143 209 1
17 225 2
152 168 1
47 81 1
137 160 2
74 87 1
68 223 2
186 219 1
8 193 1
13 223 1
4 143 1
100 157 2
134 238 1
61 112 2
164 255 2
127 128 1
128 200 1
143 145 1
61 262 1
86 131 1
16 95 1
65 225 2
3 146 1
97 114 1
186 215 1
62 158 1
21 249 1
112 225 1
51 239 1
210 241 1
48 255 2
75 82 1
40 190 1
17 142 1
213 250 3
82 238 1
106 230 1
52 114 1
79 254 1
161 197 1
37 49 2
37 88 2
45 188 1
41 209 1
247 247 1
80 233 2
42 183 1
20 159 1
143 200 3
34 79 1
82 234 2
31 32 1
112 231 1
70 92 1
33 116 1
134 145 1
80 246 1
80 262 1
18 140 1
202 229 1
61 144 1
179 255 1
71 205 1
125 190 1
180 230 1
80 256 3
163 221 1
18 116 1
97 229 2
254 262 1
112 181 1
102 198 1
42 119 1
26 228 1
4 177 1
68 198 1
168 231 1
133 142 1
17 134 1
147 232 1
8 132 1
69 143 1
100 122 1
189 230 1
43 112 1
88 256 1
151 223 1
88 151 3
208 208 1
66 224 1
4 24 1
116 229 2
189 236 1
97 230 2
64 141 1
164 219 2
116 129 1
36 164 1
152 247 1
37 87 2
138 259 5
49 100 2
41 194 2
42 193 1
127 134 1
74 144 2
49 143 1
157 260 1
230 248 1
52 195 2
132 250 2
97 190 2
52 90 1
50 89 2
107 159 1
141 159 2
17 17 3
82 145 1
26 144 1
69 132 1
4 61 1
24 261 1
32 226 1
133 262 1
25 236 1
41 45 3
20 236 1
74 146 2
55 232 1
43 126 1
113 202 1
14 91 1
48 49 2
135 135 2
155 231 1
135 162 1
10 38 1
169 239 1
3 100 2
64 183 1
22 183 1
216 238 2
135 263 2
47 107 2
36 37 3
87 251 1
17 91 1
40 246 2
10 239 1
98 246 1
43 89 1
33 226 1
55 114 1
24 220 1
236 242 1
17 229 1
49 211 1
112 211 1
34 132 1
91 97 2
237 248 1
113 165 1
214 221 1
17 143 1
158 228 1
7 125 1
160 238 1
88 223 1
94 243 1
50 224 3
48 235 1
61 255 1
189 246 1
225 237 1
243 246 2
7 190 1
100 216 1
166 208 1
215 234 2
12 137 1
29 238 1
93 107 1
74 83 1
60 225 1
31 170 1
189 263 1
60 140 1
54 163 1
162 247 1
107 185 2
191 191 1
71 71 1
239 258 1
82 114 2
25 108 1
234 247 1
42 224 5
134 226 1
57 74 1
42 260 1
25 130 1
7 181 1
136 152 2
20 75 1
34 163 1
12 50 2
92 231 4
127 188 1
129 164 1
47 100 4
70 97 1
26 88 1
101 170 1
137 205 2
168 238 1
12 159 1
106 161 1
48 215 2
137 218 1
38 205 3
74 261 2
8 48 1
227 236 1
148 168 1
21 216 1
142 215 1
92 233 2
45 243 1
77 87 1
129 209 1
47 244 1
9 16 3
107 210 2
81 136 1
75 256 1
7 36 1
68 225 1
23 145 1
71 91 4
25 226 1
51 140 3
26 140 1
49 217 1
78 235 1
41 226 1
161 169 2
28 130 1
154 261 1
231 235 2
42 82 1
20 43 1
202 263 1
18 169 1
97 106 1
21 181 1
80 145 2
34 106 1
168 237 4
37 231 2
43 49 1
191 228 1
230 257 1
159 177 1
137 196 1
193 239 1
14 186 2
149 261 1
76 230 1
138 206 1
131 161 1
12 262 1
134 179 1
10 45 1
70 238 2
163 189 1
107 193 2
88 134 1
155 209 1
89 261 3
29 249 2
163 210 1
209 219 1
113 190 1
197 223 1
75 247 4
92 234 1
69 235 1
28 209 1
140 225 3
29 231 1
93 141 2
114 260 1
100 215 2
94 246 1
66 155 1
198 258 1
121 135 2
196 233 1
58 238 1
178 234 1
39 61 5
1 181 1
62 209 1
130 215 6
164 217 1
69 183 2
85 144 1
3 220 2
126 166 1
36 107 1
5 14 1
48 134 1
17 230 1
196 236 3
52 100 2
113 225 1
92 223 1
34 234 1
46 132 1
202 236 2
146 192 1
7 82 2
113 159 1
35 164 1
133 257 1
124 166 1
35 76 5
151 250 1
106 163 1
76 181 4
29 262 1
208 252 1
3 132 1
189 190 1
127 241 3
138 217 2
49 261 2
140 173 1
69 238 1
13 36 1
70 146 2
53 69 1
54 140 1
194 237 1
113 133 1
33 258 1
188 209 1
47 212 1
129 258 1
106 144 1
95 116 1
74 130 1
25 71 4
154 209 1
134 233 1
130 238 3
101 236 1
83 137 3
73 237 1
81 208 1
46 75 1
65 179 1
47 152 1
57 223 1
23 107 1
69 97 1
137 195 3
135 233 2
217 238 1
208 209 1
160 262 1
27 132 2
137 159 3
201 238 1
126 161 1
5 68 1
122 122 1
78 212 1
136 148 1
119 244 2
90 91 1
178 178 1
17 249 1
61 79 1
52 74 1
5 22 1
71 72 2
91 188 3
45 82 1
48 95 1
36 205 1
68 150 1
61 76 6
26 149 1
146 158 1
74 209 2
135 161 3
124 236 1
14 161 2
17 212 1
202 231 1
45 146 1
93 125 1
141 248 2
117 117 3
140 210 3
56 231 1
92 95 3
95 157 3
76 186 2
196 260 1
70 162 1
45 152 1
129 261 1
21 113 1
40 45 1
133 165 3
186 252 1
40 229 1
134 236 2
25 158 1
14 88 1
15 236 1
61 227 1
15 75 1
127 224 1
75 120 1
16 171 1
205 236 1
56 79 2
148 223 1
62 181 2
54 100 1
116 158 1
79 134 1
11 170 1
33 222 1
69 88 1
179 232 1
69 230 2
39 123 1
107 149 2
122 231 1
167 229 1
9 107 1
217 256 1
186 212 1
130 255 1
136 183 1
32 75 1
177 261 1
14 17 1
78 170 6
72 155 3
74 167 3
137 183 1
170 212 1
185 254 1
28 145 2
225 225 1
167 236 1
51 254 2
28 162 1
132 167 1
89 229 1
88 202 1
140 242 4
190 233 1
159 161 1
133 234 1
16 261 1
186 250 1
49 88 1
162 174 1
210 230 1
75 169 2
18 234 1
174 248 1
87 188 3
91 230 4
127 143 1
202 223 1
133 246 1
162 218 1
50 139 1
69 262 1
76 149 2
22 55 2
123 155 1
86 138 1
91 100 1
7 43 1
97 217 1
17 196 1
87 189 2
130 197 2
36 77 1
119 231 2
82 88 1
28 226 1
102 237 1
48 208 1
163 200 1
41 83 1
179 209 1
50 242 1
4 145 1
241 263 1
175 226 1
25 43 1
113 192 1
144 149 1
152 159 1
213 262 2
140 185 2
17 141 1
113 213 1
28 141 2
117 205 2
125 129 1
123 210 2
97 164 1
24 32 1
29 35 1
250 252 1
68 235 1
29 75 1
89 133 1
195 261 1
97 244 1
35 146 1
7 232 1
119 119 6
5 109 1
51 209 1
75 127 3
14 107 1
13 67 1
170 189 3
4 10 1
97 111 1
16 186 1
51 159 2
17 88 1
26 186 1
84 137 1
13 39 1
151 212 1
170 185 1
92 186 1
1 41 1
61 85 1
1 12 1
112 209 1
133 230 4
159 167 1
128 142 1
161 196 2
50 112 1
87 106 1
130 233 1
170 219 1
107 223 1
35 190 3
21 155 1
22 239 1
165 165 2
9 64 1
241 250 2
212 213 1
14 188 3
68 106 1
4 131 1
215 222 1
71 177 1
17 76 7
76 77 5
81 220 1
106 254 1
32 137 2
69 213 1
159 169 1
69 234 1
53 198 1
77 188 2
212 230 1
51 69 1
49 237 3
212 234 2
41 212 5
83 198 11
35 71 3
161 205 1
28 198 1
37 89 1
149 225 1
48 62 1
76 177 3
24 136 1
62 89 2
49 222 3
29 165 7
33 123 1
168 228 1
61 71 3
3 137 1
29 123 1
136 212 1
47 69 7
108 228 1
69 242 5
26 217 4
130 216 1
107 252 2
91 227 1
22 148 1
69 107 1
116 174 1
45 244 1
73 140 1
79 218 1
22 91 1
76 234 1
43 258 1
10 222 1
32 192 1
131 135 1
41 128 1
41 208 1
41 235 3
71 239 1
235 254 1
16 92 5
95 192 1
51 51 11
58 141 1
121 252 1
74 112 1
17 78 1
198 260 1
113 129 1
33 129 1
225 239 2
48 135 1
22 31 1
148 220 1
19 134 1
47 48 1
14 195 1
45 76 3
62 87 1
208 242 1
32 174 1
64 92 1
75 215 1
49 140 5
42 51 3
37 183 1
10 42 1
137 175 1
35 37 2
49 209 3
86 137 3
168 193 2
223 232 1
140 147 1
213 242 5
178 238 1
169 243 1
22 54 1
39 162 1
13 55 1
76 237 1
170 235 1
42 102 1
29 181 1
134 137 2
166 226 1
83 124 3
22 124 1
162 235 1
139 205 2
258 263 1
78 208 3
25 37 1
35 225 2
47 188 1
10 215 1
205 216 3
28 56 1
80 92 1
75 122 2
133 228 1
10 135 1
140 167 1
201 258 1
26 165 1
71 149 1
173 197 3
35 81 1
73 258 1
179 242 1
91 106 1
170 202 1
26 188 2
61 117 3
91 234 1
74 235 3
28 102 1
7 21 1
116 235 2
85 133 1
117 263 1
55 200 1
119 216 1
47 153 1
35 155 1
32 263 1
32 240 1
31 136 2
144 177 1
134 223 1
77 89 2
70 148 1
56 192 1
168 182 1
29 91 1
74 97 1
56 241 1
215 218 1
100 203 1
3 179 1
165 239 1
3 174 1
86 218 3
76 86 3
63 246 1
33 76 4
147 254 1
123 133 2
107 178 1
16 175 2
85 100 1
74 216 1
68 180 1
11 140 1
127 162 1
55 61 2
101 186 1
42 61 3
165 217 1
198 222 1
71 222 1
29 119 1
147 167 3
39 69 1
25 91 3
95 145 3
161 241 1
91 225 2
133 236 1
164 247 1
42 85 1
19 98 1
15 223 1
61 69 1
23 133 1
35 230 4
182 252 1
35 35 2
42 76 1
72 188 4
61 91 1
165 177 5
72 262 1
185 260 1
70 117 1
89 141 1
143 174 1
168 248 1
61 72 3
215 225 1
56 137 2
26 123 4
10 205 4
68 95 2
10 247 2
42 200 2
151 254 4
68 91 2
29 225 2
57 137 2
51 262 2
66 143 2
71 137 4
100 210 3
153 242 3
64 101 2
237 251 2
131 229 2
49 263 2
19 101 2
11 181 2
250 259 2
42 209 2
203 226 2
202 254 2
76 137 2
79 95 2
50 126 2
205 213 4
47 140 2
170 205 2
43 155 2
11 165 3
21 88 2
119 234 2
35 45 2
53 209 2
156 163 2
77 152 3
47 241 2
70 229 4
32 90 2
131 234 2
148 247 2
95 186 3
62 178 2
52 72 2
143 181 2
136 233 2
219 249 2
125 150 2
171 216 2
94 169 2
134 258 2
71 228 2
90 188 3
64 218 2
86 107 2
91 195 2
107 124 2
62 244 2
35 107 3
76 113 3
55 76 2
152 213 2
62 232 2
35 42 4
183 185 3
85 178 2
35 161 2
188 223 2
62 161 2
122 236 2
87 129 2
26 33 2
125 131 2
133 237 2
78 238 2
20 213 2
135 196 3
134 196 2
31 65 2
69 130 2
130 258 2
161 258 2
22 67 2
35 174 2
171 215 2
15 140 3
76 107 2
22 140 3
119 242 3
49 85 2
97 134 2
69 200 2
49 256 2
170 188 3
45 241 5
139 139 2
32 220 2
53 231 4
10 188 3
16 73 2
39 83 4
51 137 4
205 231 3
11 151 5
88 213 5
76 150 2
42 49 2
3 254 3
32 81 2
125 244 3
213 237 2
108 165 2
150 229 2
48 188 3
161 198 2
35 182 2
129 232 2
66 71 2
63 137 3
10 141 2
170 258 4
79 127 2
28 33 2
143 250 2
98 135 4
21 29 2
164 188 2
65 72 2
164 182 2
14 178 2
62 68 2
14 154 2
107 259 3
196 256 2
196 196 2
76 143 2
55 209 2
91 181 4
29 72 3
76 97 4
11 162 2
108 216 2
35 48 2
90 168 2
185 263 2
86 142 2
47 159 7
72 90 2
37 63 2
166 259 2
52 71 2
163 259 2
89 113 2
141 178 2
137 191 2
76 222 4
85 90 2
87 235 3
113 212 3
89 237 2
74 123 2
165 248 2
194 231 2
51 231 2
33 188 3
3 197 2
242 254 3
124 196 2
217 262 2
133 170 2
107 248 2
237 254 2
164 210 2
163 171 2
73 92 2
35 258 2
63 181 2
91 170 2
86 135 2
45 168 3
47 229 4
55 151 3
86 191 2
7 220 2
152 225 2
237 250 2
35 231 2
47 182 2
69 208 4
62 76 3
16 101 2
7 250 2
3 242 2
91 165 4
4 54 2
69 76 4
76 79 2
22 198 3
95 148 2
91 140 2
97 222 2
33 71 2
14 117 2
192 231 2
10 124 3
162 259 2
14 237 2
9 155 2
51 237 5
29 76 2
188 191 2
49 165 2
188 229 2
7 252 2
39 227 3
86 165 2
150 188 2
130 218 5
10 131 2
97 235 2
210 237 2
23 137 2
62 165 2
69 220 2
31 140 5
53 213 4
10 196 3
89 163 2
220 259 2
47 208 2
179 198 3
167 263 2
63 197 2
197 205 2
121 182 2
3 182 2
35 181 2
26 112 2
170 191 2
18 137 2
126 148 2
137 258 3
139 196 2
107 205 3
142 188 3
140 247 2
39 155 8
119 169 2
42 65 2
139 175 2
64 137 2
64 175 2
90 240 2
48 72 3
123 263 2
55 162 2
127 209 2
26 142 2
38 162 2
43 188 2
80 102 2
145 225 2
34 39 2
123 237 2
39 74 2
77 77 5
81 233 2
140 197 2
15 173 2
51 247 2
125 243 2
170 206 2
183 254 2
53 129 2
117 216 2
74 208 2
95 114 2
24 95 2
83 90 2
39 85 3
17 145 2
238 260 2
216 263 2
63 126 2
85 188 4
147 168 2
225 234 2
117 197 2
119 168 2
7 130 2
21 76 2
51 185 2
98 200 2
213 248 3
94 213 2
61 165 2
20 182 2
10 179 2
123 225 2
4 248 2
152 220 2
89 249 2
74 78 2
40 114 2
47 230 2
130 205 6
85 164 2
179 252 2
71 164 2
151 179 2
39 81 2
18 220 2
101 230 2
86 101 2
188 230 2
123 149 3
48 89 3
70 134 2
133 143 2
173 234 2
16 223 3
3 194 2
60 107 2
124 180 2
168 212 2
49 66 2
62 86 2
124 198 2
146 198 2
78 191 2
50 61 2
32 92 2
70 73 2
35 89 3
107 222 1
88 198 1
15 252 1
47 76 1
97 173 1
17 29 1
169 263 1
131 139 1
121 197 1
122 205 1
76 85 1
113 241 1
82 87 1
91 231 1
142 177 1
35 140 2
9 121 1
171 192 1
29 149 1
174 254 1
159 174 2
91 237 1
35 142 1
259 261 1
177 237 1
9 70 4
42 205 1
39 210 1
146 159 1
33 247 1
168 213 3
14 225 1
95 124 1
144 243 1
125 219 1
26 178 1
19 82 1
107 184 1
25 89 1
107 188 2
15 171 1
76 197 1
170 210 4
79 171 2
140 212 1
147 242 2
117 140 1
39 163 1
108 137 2
39 71 2
142 219 1
87 169 1
56 76 1
79 136 1
119 260 1
14 155 2
55 228 1
18 51 2
130 147 1
37 130 1
127 231 2
139 163 1
76 117 1
72 170 1
72 150 1
72 210 1
42 261 1
7 249 1
180 216 1
15 237 1
203 219 1
161 252 1
32 170 1
39 137 2
183 247 1
82 197 2
121 215 1
100 179 1
60 137 1
157 197 1
32 237 1
171 257 1
33 256 1
77 97 1
35 36 2
135 140 1
168 254 1
26 141 1
81 174 2
123 209 1
61 178 1
41 78 1
148 235 1
142 153 1
9 73 1
63 124 1
140 216 1
208 220 1
178 226 1
90 165 1
92 192 1
51 213 1
131 231 1
74 241 1
147 244 1
196 216 1
7 254 1
90 248 1
141 227 1
130 131 1
140 184 1
91 232 1
101 122 2
19 130 1
56 142 1
35 170 2
161 259 1
97 165 1
17 188 1
49 131 2
69 87 1
143 182 1
63 95 1
212 242 2
37 165 1
50 165 1
17 232 2
71 140 3
26 133 1
37 174 1
95 139 1
7 102 1
92 252 2
174 174 2
39 107 2
130 171 1
9 53 1
18 94 1
169 208 2
77 155 3
86 249 1
63 72 1
136 244 1
17 166 1
113 134 1
95 175 1
28 95 1
64 170 2
53 244 1
51 145 1
62 150 1
36 177 1
37 91 2
33 35 1
205 262 1
10 218 3
113 198 1
101 140 1
79 123 1
35 233 2
236 258 1
180 228 1
136 215 1
144 227 1
163 198 1
47 137 1
189 210 1
10 174 1
235 238 1
17 222 1
37 77 1
61 89 1
113 168 1
89 239 1
17 184 1
7 101 1
62 177 1
78 220 1
26 55 2
43 222 1
165 178 2
39 242 1
55 262 1
168 226 1
213 239 1
35 123 1
92 92 4
174 213 1
63 234 1
139 191 1
174 212 1
119 137 1
203 215 1
124 219 1
56 238 1
165 216 1
188 227 1
102 107 1
14 89 2
18 45 1
17 48 1
65 188 3
63 139 1
98 107 1
76 163 1
70 253 1
3 140 2
90 213 1
121 186 1
19 83 1
123 137 1
41 213 1
177 225 1
35 242 1
148 219 1
21 165 2
198 198 1
102 157 1
95 173 1
164 167 1
19 261 2
136 151 1
133 155 1
91 149 1
24 168 1
90 235 2
130 234 1
28 82 1
197 215 1
90 155 1
181 201 1
140 208 2
93 238 1
39 203 1
42 86 1
159 235 1
183 223 1
89 246 1
86 112 1
101 205 1
70 215 2
13 178 1
39 49 1
39 225 1
64 171 1
95 108 1
163 208 1
4 250 1
24 108 1
127 147 1
200 235 1
49 81 1
68 196 1
74 248 1
203 230 1
249 257 1
26 179 1
133 254 1
42 256 1
182 193 1
219 222 1
80 91 1
136 232 1
106 222 1
28 113 1
182 203 1
117 242 2
89 146 1
124 218 1
236 248 1
53 136 1
78 250 1
32 212 1
142 222 1
82 232 1
129 177 1
39 140 1
18 81 1
35 117 1
36 36 1
95 224 1
129 212 3
139 230 1
71 88 1
47 126 1
135 262 1
50 136 1
3 143 1
14 210 2
191 234 1
17 37 1
200 244 1
7 177 1
91 144 1
51 238 1
39 149 1
62 228 1
163 248 1
18 50 1
17 177 2
144 160 1
55 233 1
69 246 1
47 148 1
56 196 2
65 133 1
17 165 1
21 45 2
21 178 1
22 22 1
228 239 1
141 182 1
25 235 1
71 130 1
35 90 1
182 242 3
137 254 2
18 69 1
127 254 1
9 197 1
41 248 1
39 141 1
37 198 1
102 192 1
39 165 1
3 168 1
49 188 1
135 137 1
10 171 1
17 163 1
86 92 1
149 170 1
53 137 1
89 262 1
137 222 3
134 263 1
150 203 1
234 259 1
135 191 1
70 131 1
98 198 1
29 142 1
92 263 1
61 202 1
210 225 1
62 71 1
213 236 2
14 97 1
165 190 1
242 250 1
185 212 1
25 223 1
25 74 1
196 229 1
124 124 1
51 164 1
220 242 2
39 178 1
85 148 1
193 263 1
241 254 1
136 254 1
45 149 1
107 123 1
119 230 2
140 182 2
39 237 1
76 100 1
43 182 1
137 215 1
76 131 1
140 191 1
72 223 1
61 236 1
35 143 1
140 155 1
177 188 1
51 198 1
224 225 2
16 141 1
71 124 1
135 157 1
29 178 1
31 51 1
42 202 2
247 248 1
131 192 1
39 48 1
72 181 1
61 168 1
61 116 1
205 218 1
39 195 1
90 189 2
7 76 1
17 25 1
42 215 1
169 242 1
82 160 1
162 210 2
78 140 1
70 90 1
77 91 1
106 165 1
89 149 1
178 236 1
87 241 1
252 252 1
29 137 2
123 125 1
63 216 1
32 250 1
92 130 1
61 166 1
125 210 1
108 232 1
50 198 1
182 213 1
140 159 1
89 210 1
97 228 1
15 179 1
60 116 1
162 175 1
25 182 1
43 131 1
36 198 1
92 208 1
122 247 1
102 177 1
168 240 1
17 213 1
196 225 1
48 117 1
76 216 1
42 155 1
180 231 1
3 186 1
74 205 1
159 226 1
69 179 1
210 239 1
39 181 2
45 210 1
87 179 1
42 232 1
92 121 2
22 195 1
16 252 1
235 236 1
129 215 1
90 119 1
60 259 1
61 229 1
76 249 1
92 173 1
147 188 1
100 180 1
213 259 1
56 62 1
51 78 1
123 140 1
79 117 1
7 9 2
64 145 1
55 141 2
3 166 1
60 244 1
33 225 1
101 121 1
188 196 1
49 75 1
69 79 1
86 224 1
63 233 1
36 161 1
174 200 2
50 228 1
55 155 1
55 186 1
72 113 1
87 247 1
22 144 1
55 161 1
87 205 1
77 261 1
127 196 1
163 222 1
136 153 1
39 63 1
37 161 1
95 216 2
75 165 1
78 209 1
127 232 1
131 205 1
89 107 1
48 160 1
159 261 1
47 51 1
48 92 1
16 211 1
108 123 1
26 29 1
85 225 1
62 213 1
68 165 1
40 236 1
155 228 1
10 219 1
213 231 2
215 233 1
83 149 1
191 203 1
179 196 1
71 232 1
88 89 1
220 250 1
39 170 1
16 196 1
188 225 1
35 62 1
75 225 1
71 234 1
24 182 1
157 198 1
61 235 1
88 254 1
26 189 1
89 177 1
32 107 1
157 234 1
228 233 1
29 188 1
69 136 1
209 235 1
125 205 1
142 208 1
87 259 1
7 215 1
81 231 1
239 248 1
174 237 1
36 215 1
20 51 1
136 168 1
149 244 1
37 258 1
76 258 1
53 72 1
205 225 1
121 218 1
127 130 1
70 140 1
135 143 1
70 83 1
66 91 1
88 191 1
69 90 1
107 257 1
71 219 1
65 76 1
37 134 1
164 177 1
37 217 1
174 235 1
16 121 1
55 144 1
202 238 1
61 232 1
162 193 1
89 178 1
28 196 1
193 196 1
61 161 1
174 185 1
119 238 1
113 203 1
65 126 1
83 134 1
25 28 1
164 235 1
139 171 1
75 92 1
102 242 1
165 237 1
195 205 1
87 196 1
185 213 1
37 215 1
130 173 1
94 242 1
32 114 1
51 263 1
122 203 1
29 133 1
21 161 1
11 21 1
139 203 1
108 140 1
7 121 1
4 60 1
76 232 1
166 213 1
79 152 1
140 235 1
123 178 1
208 231 1
140 222 1
71 231 1
21 97 1
25 196 1
31 97 1
218 261 1
167 231 1
119 263 1
167 170 1
241 242 1
143 213 1
130 193 1
25 213 1
188 232 1
26 259 1
20 88 1
111 161 1
