79 140 166
140 140 161
132 153 4
79 148 973
162 237 724
48 162 737
90 230 512
50 186 273
90 229 145
48 186 1128
75 141 159
114 161 255
68 161 431
164 237 263
113 186 375
145 145 85
142 236 951
164 170 635
138 237 103
48 238 633
230 230 587
238 239 878
75 238 184
132 231 103
107 137 403
255 255 25
48 249 669
100 186 287
161 249 423
100 142 190
144 158 139
74 158 8
25 138 58
43 142 374
138 230 289
48 230 1163
68 142 393
130 132 168
132 232 51
129 138 170
125 249 201
138 196 14
50 132 70
132 236 152
83 138 9
138 236 152
79 236 171
170 249 485
50 143 135
90 236 120
80 170 17
79 138 127
211 232 43
162 231 177
68 170 472
162 164 507
141 141 411
132 262 126
231 237 111
87 138 78
237 238 347
142 233 164
41 166 101
137 236 97
132 132 370
90 132 102
229 237 594
179 229 19
132 238 155
66 132 37
28 137 2
239 239 365
151 239 495
161 230 1097
79 137 732
48 107 337
48 79 431
68 162 326
107 229 420
141 148 104
113 236 145
138 160 14
43 238 173
45 107 54
7 138 124
138 213 10
230 237 694
229 230 796
162 186 686
186 237 323
48 211 129
48 68 1532
161 237 926
138 239 131
161 239 437
163 233 165
229 246 91
132 141 149
161 170 772
114 211 155
68 113 327
42 249 25
236 236 656
75 236 304
7 146 56
113 138 54
50 144 45
79 87 246
229 263 500
37 132 96
170 229 573
68 249 777
48 116 101
161 238 290
74 161 99
90 246 321
186 256 32
186 229 366
141 262 390
7 157 2
236 239 765
24 238 164
100 163 350
107 163 216
132 140 83
132 209 35
138 164 127
142 143 480
143 236 147
43 236 286
239 263 354
93 132 270
90 186 412
13 100 61
132 237 105
161 229 607
97 132 91
138 197 11
137 170 336
186 230 1824
138 138 102
106 138 7
142 145 43
48 48 837
48 170 558
162 170 673
162 234 440
186 249 612
132 181 202
25 249 47
13 132 55
132 228 23
141 236 779
162 263 446
113 125 109
163 164 366
142 237 995
125 234 115
48 144 162
186 231 274
107 211 177
162 230 1031
164 230 997
164 229 358
72 132 35
141 142 613
158 234 278
79 189 48
181 195 2
143 163 293
75 148 20
137 137 75
107 170 847
49 132 108
68 234 619
163 237 556
126 236 1
113 263 80
107 107 253
90 238 100
230 239 749
70 79 4
13 233 46
141 233 298
229 233 306
81 90 1
158 239 83
79 231 442
75 233 35
50 239 194
170 186 882
138 229 145
48 75 115
75 166 44
79 114 726
143 166 56
45 68 36
163 229 425
141 241 5
142 230 1011
162 224 84
79 144 531
186 262 144
137 234 264
113 211 191
100 237 137
74 162 54
68 97 22
236 237 1705
148 170 248
87 161 136
140 229 350
140 262 303
87 231 285
100 230 783
48 164 586
79 249 1143
230 234 693
113 231 320
231 249 712
137 144 71
107 113 389
113 166 24
132 143 71
68 68 458
170 261 62
36 79 26
90 249 697
142 231 134
45 230 42
43 239 229
163 163 204
24 140 8
166 166 93
33 125 24
233 249 136
229 236 415
7 132 110
162 163 448
76 177 1
163 230 1002
79 224 128
113 114 273
50 230 461
75 125 2
130 239 3
249 262 62
142 238 1029
48 224 45
79 90 577
142 163 661
68 263 128
75 234 64
24 249 24
4 249 114
230 231 352
61 181 27
151 237 125
97 161 39
148 246 95
148 230 249
140 141 381
43 230 321
50 224 7
161 234 658
186 236 316
237 262 379
88 230 58
4 88 20
88 140 25
132 234 103
138 170 166
141 186 372
79 100 213
238 263 246
43 43 132
152 238 35
151 166 144
137 162 349
42 116 48
107 142 227
133 143 1
48 234 577
48 148 147
4 79 287
140 161 286
233 262 71
68 230 940
80 113 27
141 230 581
114 230 280
88 186 52
107 140 171
142 239 1315
236 262 417
107 233 354
107 234 467
45 234 32
74 238 70
143 239 535
143 237 191
236 263 609
113 230 385
141 161 642
17 186 19
41 186 56
137 141 247
75 151 102
179 260 3
137 138 54
48 100 525
68 100 294
142 161 647
230 261 110
129 231 9
138 238 135
87 186 160
90 164 278
48 138 169
164 164 166
164 236 208
107 132 141
233 263 226
143 186 166
141 239 302
88 249 47
40 132 62
37 138 37
75 132 80
68 90 501
68 79 504
16 138 18
170 170 353
132 137 72
161 233 332
125 164 54
100 164 240
211 234 202
211 261 71
89 261 9
209 249 73
42 186 45
24 142 137
233 261 28
186 227 2
148 255 96
68 107 383
48 231 265
186 233 334
107 161 530
50 234 147
100 161 511
25 65 20
4 75 5
224 232 10
79 113 623
140 170 220
28 132 142
142 158 127
7 230 158
49 113 27
90 233 83
188 249 16
79 107 1112
186 225 9
68 163 320
107 237 299
107 158 175
79 230 618
24 186 29
41 48 178
41 41 133
7 262 3
166 263 34
142 151 378
141 237 713
143 161 206
48 182 11
161 211 142
24 236 51
48 50 561
79 79 620
43 163 166
68 186 505
163 186 532
56 230 9
68 137 153
237 263 572
74 263 233
41 74 141
170 230 1047
223 230 65
100 113 129
108 186 2
143 233 39
107 246 205
79 95 6
132 239 164
90 161 313
79 164 543
43 161 205
164 263 143
13 79 147
41 152 34
261 262 13
79 246 234
68 164 365
79 170 946
24 43 35
107 239 147
146 162 36
141 170 488
43 162 122
113 170 337
10 236 3
87 132 97
170 209 42
79 234 855
75 186 86
79 142 218
234 234 294
138 263 154
164 233 261
132 189 80
90 158 284
50 100 170
144 234 246
170 236 331
234 263 223
107 138 111
132 187 1
246 246 158
162 229 435
48 90 614
100 170 473
48 163 704
48 161 871
114 256 58
138 260 37
138 244 48
142 262 326
112 177 1
75 163 68
52 163 9
145 162 127
186 263 242
4 48 56
50 68 334
148 249 449
14 132 62
100 144 111
48 152 39
114 143 71
223 234 24
7 7 88
132 255 168
162 211 66
141 249 188
234 261 77
87 261 68
100 100 121
137 186 421
137 140 99
90 168 1
74 262 51
74 151 59
90 114 326
79 97 51
138 246 26
116 166 83
49 209 6
10 132 312
127 238 23
88 262 19
211 229 46
48 262 152
67 140 2
129 144 5
48 142 1257
87 88 41
151 249 53
238 244 90
107 216 1
45 114 35
148 239 58
170 234 866
107 186 694
138 234 87
42 107 15
137 249 166
145 237 53
132 218 79
43 138 48
138 256 63
89 132 87
163 170 350
13 48 169
130 138 13
53 186 1
246 249 378
166 230 76
157 256 1
41 138 57
138 179 37
33 87 23
7 249 35
146 179 27
87 142 47
114 158 237
116 249 17
138 231 66
45 162 19
249 249 300
132 146 36
140 260 7
74 230 89
74 75 237
79 232 235
132 229 118
48 143 663
132 215 88
28 75 3
140 142 260
75 262 83
41 238 121
137 151 10
132 151 74
74 239 78
45 224 5
151 163 86
181 238 9
230 233 452
79 141 354
144 163 84
48 229 486
140 162 287
140 163 161
40 161 28
138 141 176
68 132 152
144 148 219
211 249 311
107 164 442
239 262 214
4 229 28
142 234 324
243 261 3
50 244 31
144 230 232
33 211 35
33 186 43
100 239 144
211 230 178
263 263 264
24 75 34
75 173 2
12 13 18
90 263 69
42 236 45
148 211 201
132 263 123
137 230 243
112 138 66
129 132 72
132 258 37
82 260 8
43 164 99
230 256 39
261 261 36
158 186 288
158 231 292
33 230 114
132 219 160
48 263 248
100 262 73
158 261 66
13 88 59
132 142 126
90 231 239
113 163 173
80 255 30
107 114 402
107 162 559
24 24 21
41 42 139
76 89 9
144 237 80
100 234 289
7 137 29
125 148 83
152 239 31
48 158 339
138 140 101
164 186 315
50 145 10
148 166 12
144 211 160
48 113 296
138 223 113
164 231 196
24 239 125
148 186 247
148 163 91
68 146 9
112 181 7
226 260 14
7 145 39
7 82 9
138 171 9
68 143 184
48 246 758
161 163 563
93 138 8
170 237 419
230 263 386
43 229 112
230 238 513
74 142 69
237 237 781
79 186 745
162 262 210
87 230 227
143 143 133
4 132 41
209 211 41
166 238 213
132 220 22
161 186 828
48 137 155
138 217 20
114 247 2
90 107 435
143 230 425
87 164 108
141 238 216
100 263 82
4 170 69
140 263 478
90 142 174
148 234 301
262 263 303
42 138 55
100 138 90
4 13 19
164 249 338
186 211 148
49 65 34
158 164 188
224 229 64
132 256 118
146 246 2
229 229 160
168 229 9
14 260 1
144 249 391
179 193 8
170 224 107
145 234 43
113 144 228
143 238 328
107 230 559
79 132 153
237 249 212
186 239 205
66 158 9
41 151 118
68 246 544
189 230 23
38 132 17
45 132 18
161 164 611
75 142 133
75 247 4
137 229 377
132 230 256
87 170 163
132 180 24
137 233 224
79 211 324
238 238 255
151 236 143
161 161 427
186 241 5
79 237 187
65 230 54
132 177 24
48 239 904
142 162 479
24 132 22
132 216 151
170 233 346
48 87 107
100 162 347
138 145 87
140 186 167
249 261 110
75 263 308
87 228 5
88 88 23
54 138 6
138 142 116
124 132 40
179 186 24
142 186 306
138 249 68
63 132 20
132 164 169
112 161 51
79 233 391
146 176 1
234 249 681
100 179 15
141 145 40
48 237 495
16 230 1
148 224 63
79 229 440
163 262 135
113 164 270
113 113 102
143 263 88
79 256 133
89 138 19
100 238 100
41 132 75
132 166 84
42 163 56
33 48 65
68 231 330
43 48 232
161 162 529
158 163 128
51 213 1
186 234 621
132 138 85
42 132 49
61 132 170
48 74 75
151 234 61
24 151 56
116 127 9
127 244 5
132 149 15
231 231 248
186 261 106
68 141 152
42 239 52
152 186 21
151 238 351
25 66 11
107 133 4
164 239 143
25 225 6
75 75 130
233 236 113
142 229 433
229 238 104
230 249 562
114 114 138
33 132 105
225 255 8
144 164 146
68 211 186
132 203 52
26 234 2
114 249 461
79 238 108
100 132 94
166 236 109
90 256 24
75 159 11
41 230 150
132 163 138
68 243 24
41 68 62
186 224 114
25 137 27
100 114 114
79 255 89
113 256 36
113 148 227
45 148 63
87 100 53
50 151 50
87 113 87
229 249 178
162 249 308
151 244 34
113 137 159
163 231 117
224 234 143
140 164 127
114 163 128
113 161 353
50 163 229
114 186 309
186 255 46
43 79 51
125 228 2
48 236 376
24 74 31
140 151 41
116 239 70
230 246 460
7 223 52
7 260 23
107 148 375
107 141 308
143 162 162
236 238 520
40 137 5
141 162 625
140 209 21
107 209 68
181 186 45
13 68 129
68 188 6
132 188 83
50 88 25
57 132 9
164 246 274
41 116 55
61 138 39
141 263 1056
238 262 99
90 170 359
48 244 157
137 164 252
65 79 37
74 79 49
75 140 87
113 141 117
66 163 14
74 186 35
75 138 70
138 161 132
239 246 148
158 170 162
162 233 202
79 261 113
141 224 42
142 244 112
163 239 418
90 239 154
7 186 50
144 186 191
13 164 64
163 249 255
65 186 31
13 144 78
132 165 29
234 237 342
229 234 286
75 239 100
4 231 51
100 151 42
116 142 64
163 223 27
143 170 109
113 234 441
53 138 12
42 237 47
114 137 132
107 249 651
137 263 190
74 143 12
140 238 92
68 88 49
141 229 707
90 148 187
186 238 128
132 249 99
141 164 253
140 237 427
132 170 201
45 170 17
71 132 32
137 148 206
114 162 190
132 161 141
25 113 25
48 132 222
132 240 2
42 152 25
144 161 165
163 211 61
141 246 73
148 233 105
113 158 219
107 261 54
140 239 145
25 107 28
127 138 18
243 244 20
100 140 94
132 145 145
121 163 4
68 244 43
88 162 37
87 162 132
87 239 38
100 107 211
148 164 176
50 142 275
239 244 56
138 192 8
62 138 19
232 234 79
48 168 7
100 246 218
142 263 382
138 262 133
114 144 248
138 247 8
158 166 14
166 244 54
116 194 3
33 40 21
17 33 6
25 170 21
4 148 143
45 49 11
80 132 115
100 229 246
68 144 158
13 230 171
4 256 7
113 249 418
230 260 28
237 239 483
148 256 135
48 151 248
68 77 1
95 132 139
45 87 62
87 148 161
170 263 369
140 236 342
231 255 31
74 237 92
114 234 416
88 246 44
138 233 101
230 244 88
100 225 8
132 155 29
108 132 4
50 236 66
13 161 73
25 25 17
43 50 37
50 238 117
114 231 360
82 132 55
151 170 46
143 234 120
37 114 9
114 233 112
181 181 69
224 238 4
186 257 10
125 246 54
138 158 38
79 125 153
75 79 76
25 52 33
161 246 195
144 209 53
68 261 79
162 162 291
48 226 31
145 161 147
25 239 6
125 138 34
140 233 131
66 113 10
43 231 25
144 231 277
125 255 18
161 236 857
132 139 35
68 138 105
87 107 166
87 147 4
233 255 14
217 255 4
90 224 65
211 231 226
225 231 9
148 262 45
186 209 50
43 237 319
98 132 19
48 141 312
113 246 142
132 154 7
113 151 43
24 48 74
18 48 4
162 236 566
90 234 410
161 256 40
114 148 365
132 157 39
89 263 1
68 152 12
43 186 103
162 246 157
4 186 93
50 249 161
90 232 35
170 246 235
50 166 34
151 211 12
260 260 17
215 238 2
33 107 36
132 134 57
42 164 32
65 132 72
209 230 71
100 231 108
41 142 162
186 189 23
47 48 2
49 186 27
186 216 3
42 145 7
125 230 122
48 88 52
7 141 97
100 222 1
127 186 16
138 252 23
97 138 34
79 162 600
79 163 228
68 148 242
161 232 61
151 186 69
17 132 99
161 224 102
224 231 25
125 144 74
113 132 80
13 163 60
43 152 6
79 262 145
141 143 129
132 233 109
50 229 62
17 138 33
68 114 302
48 200 14
163 166 48
163 238 258
41 239 160
116 151 45
148 231 271
82 82 7
33 138 44
186 235 2
75 229 76
134 138 13
74 141 113
100 243 25
148 263 88
125 163 41
229 262 258
132 211 69
75 231 11
163 260 17
10 107 5
100 148 84
75 81 1
43 158 32
66 112 3
113 237 180
48 125 107
20 68 2
43 246 26
145 230 119
138 191 6
107 143 72
95 246 4
129 141 30
151 164 50
107 263 216
179 202 2
33 164 28
43 113 71
132 148 107
33 233 10
142 211 79
68 229 213
144 170 195
87 220 4
137 142 90
113 142 191
43 151 59
68 151 71
7 48 71
137 224 77
41 170 32
158 246 247
140 244 17
138 150 3
42 151 34
43 166 39
43 141 147
125 186 109
14 138 21
102 132 17
24 41 69
133 186 8
132 196 51
42 134 2
45 90 30
45 45 14
145 186 53
140 202 2
132 191 24
43 136 1
39 132 46
163 263 224
249 263 114
78 262 3
79 112 85
13 186 125
114 125 74
141 220 1
209 256 12
114 244 19
162 239 271
114 261 73
141 163 382
4 234 86
186 188 12
37 249 22
181 249 83
231 263 86
4 244 1
233 237 168
90 90 159
79 80 59
48 80 14
42 238 56
35 91 5
186 246 405
132 223 76
230 236 594
234 262 149
186 208 3
97 230 41
79 239 131
164 234 471
75 107 55
138 189 30
68 158 431
88 144 34
87 246 69
132 144 67
50 237 84
7 100 51
138 181 83
142 261 40
186 232 57
45 261 28
211 237 65
211 224 20
132 168 10
28 95 2
132 186 84
75 230 127
17 114 10
228 231 7
132 197 62
164 226 26
42 166 52
151 263 77
114 181 56
87 114 122
132 183 5
166 239 187
24 230 75
162 232 40
132 160 21
4 230 80
68 237 194
186 244 31
33 114 50
159 168 4
42 48 118
100 112 22
48 233 239
14 137 1
112 132 137
43 223 6
138 216 10
170 238 97
161 181 50
48 65 18
83 230 2
45 186 24
74 113 14
151 243 31
140 231 52
164 261 41
112 249 32
161 209 36
122 132 13
236 259 3
138 225 27
90 163 151
229 239 134
79 161 559
49 138 43
48 129 26
33 195 2
144 263 43
37 141 9
7 229 75
143 151 120
152 244 30
74 100 46
234 246 312
114 164 237
1 142 1
140 234 149
138 143 78
1 48 3
100 211 52
37 80 9
132 162 146
75 137 28
68 238 200
148 236 52
68 74 34
66 186 13
148 188 12
41 76 1
230 232 74
102 142 1
1 132 14
146 193 12
75 170 71
80 161 20
236 249 175
161 231 245
223 249 8
68 233 121
91 113 2
74 220 1
50 233 34
211 236 57
148 237 74
141 244 17
132 205 43
7 170 70
7 237 127
112 142 21
95 141 19
138 148 53
40 107 13
48 223 44
166 262 19
158 229 53
116 186 27
158 249 393
107 144 248
48 181 64
24 116 24
42 42 70
148 162 156
41 246 37
116 238 104
143 262 34
7 163 97
12 246 4
239 243 47
13 66 17
79 179 19
234 238 165
48 261 85
133 249 11
129 249 7
90 113 311
158 211 126
127 151 5
146 230 44
100 249 236
142 181 36
75 164 56
138 163 127
82 170 6
132 252 31
45 249 51
79 158 328
87 90 84
33 142 43
68 75 47
125 231 157
168 263 13
170 262 182
179 230 46
47 74 10
229 260 19
90 100 226
29 234 1
151 231 30
42 100 19
140 256 6
140 232 24
37 186 16
88 232 32
114 229 124
45 48 28
90 141 108
13 234 110
82 138 24
142 170 367
83 261 1
138 146 35
163 261 49
143 229 81
148 161 169
22 132 10
11 76 3
36 132 59
35 100 3
82 237 23
28 83 1
181 231 77
132 260 32
95 138 63
161 226 59
137 211 46
164 241 1
37 148 30
125 190 1
141 261 25
37 255 18
234 239 249
90 181 40
4 238 27
49 61 10
181 210 1
224 249 76
93 143 2
25 132 98
43 132 44
25 114 24
231 232 81
13 113 84
132 135 34
13 114 103
52 144 8
224 230 123
243 246 18
116 152 31
230 262 270
41 237 74
132 257 36
132 224 43
116 132 44
50 95 2
43 75 50
107 224 129
170 211 121
24 161 38
163 234 353
61 113 20
65 138 40
164 250 2
17 79 31
238 246 109
132 179 50
174 230 3
132 198 52
114 177 2
132 225 78
161 263 379
142 142 376
88 141 29
106 132 11
231 261 190
74 140 42
186 223 25
40 186 19
25 133 3
50 263 41
97 159 3
41 229 28
100 236 98
90 255 21
59 141 1
13 142 72
68 255 24
75 246 29
156 156 1
141 215 1
230 255 68
112 186 40
87 125 44
80 138 41
17 230 24
142 164 241
158 161 163
161 215 3
194 239 1
145 148 16
49 79 54
97 97 31
158 233 37
61 186 19
68 166 37
151 261 13
138 215 5
112 164 30
145 226 14
148 228 8
75 161 156
75 146 7
43 234 98
68 239 234
13 239 36
87 158 101
144 256 67
68 226 21
68 140 86
100 158 111
114 238 74
45 209 25
48 166 122
262 262 105
138 151 45
78 138 5
144 162 133
56 132 72
151 152 24
226 229 35
80 249 23
148 209 69
36 144 7
29 132 16
142 243 105
10 129 1
24 263 26
97 114 17
138 255 63
112 255 50
48 140 158
50 113 54
137 161 313
78 174 1
142 166 188
28 141 7
69 132 9
50 65 2
90 137 154
137 143 32
25 90 13
164 256 26
148 229 106
97 186 29
40 49 1
134 263 2
143 246 122
137 237 99
141 260 13
42 168 7
148 148 169
234 236 316
41 75 83
91 132 35
97 181 22
25 216 2
90 138 53
134 161 6
50 246 263
114 170 354
158 237 104
143 148 30
249 256 64
125 161 60
18 186 6
76 132 69
42 167 2
33 143 2
50 161 200
117 132 8
25 148 38
25 97 23
114 142 129
239 249 186
45 141 18
37 209 5
137 262 79
101 132 8
24 143 37
75 90 26
114 239 111
95 158 3
116 138 31
138 243 46
40 97 9
35 61 8
138 173 12
8 132 4
76 261 1
10 232 2
15 132 16
74 93 1
138 198 15
114 255 41
158 226 4
158 230 302
43 262 73
119 140 1
162 181 49
138 211 28
100 137 150
68 209 36
13 138 49
145 170 61
53 132 12
4 100 49
163 221 2
144 232 67
132 226 110
113 162 225
132 208 11
244 250 2
137 145 22
112 112 21
138 257 15
100 181 18
138 261 66
42 233 10
69 186 6
87 211 72
114 263 76
45 137 21
151 230 211
48 82 13
121 138 12
33 79 82
60 132 2
48 243 141
132 210 26
60 74 2
13 13 56
74 132 37
54 132 15
28 230 7
87 87 65
75 237 218
42 75 46
74 223 7
226 239 6
166 186 43
132 217 10
50 74 9
116 116 30
233 234 257
100 141 144
100 261 36
102 138 5
88 209 26
42 141 16
113 233 71
140 246 37
48 66 17
234 244 30
42 230 109
75 220 1
80 256 13
161 243 30
138 207 5
196 229 7
50 231 59
52 211 5
143 244 25
52 114 11
52 113 16
116 237 27
4 66 2
161 262 278
24 60 4
179 223 16
151 151 92
113 229 155
132 173 12
14 246 7
114 141 94
80 230 39
4 137 49
88 229 33
68 91 1
164 262 110
202 237 14
133 229 4
142 223 20
90 262 69
238 243 47
87 140 35
13 52 11
113 133 3
51 132 6
90 116 19
45 236 9
43 140 62
100 196 7
152 164 7
52 161 14
13 141 57
88 158 26
50 116 22
50 211 28
79 181 108
185 261 1
209 261 29
43 170 105
220 238 16
45 100 16
47 132 2
141 151 60
162 261 51
170 239 201
10 229 4
79 217 6
80 217 1
231 262 52
137 196 5
87 262 28
41 236 73
181 230 87
74 234 26
170 231 205
16 132 29
211 211 57
125 261 38
74 229 47
72 188 4
52 170 12
224 237 31
231 246 189
13 125 73
112 170 36
132 243 37
62 209 1
61 161 12
151 162 65
25 142 14
45 231 88
137 231 67
87 249 219
42 143 15
13 231 305
244 246 16
45 138 14
28 249 1
13 107 81
88 234 38
107 236 220
41 164 33
163 246 198
88 224 11
148 232 125
48 114 254
121 161 5
144 261 70
52 107 19
239 261 26
162 256 21
132 246 64
161 235 1
125 132 43
79 228 8
90 211 152
93 145 3
14 113 9
113 235 1
68 236 192
79 226 22
70 132 42
4 113 95
4 209 28
79 209 113
170 202 6
43 249 76
114 138 41
87 141 50
4 144 69
116 230 55
90 140 64
141 243 11
42 244 20
48 196 11
163 236 438
79 166 29
48 213 2
4 164 59
129 143 3
132 244 43
202 262 5
28 239 2
7 88 13
209 232 29
114 132 50
230 243 100
107 262 135
41 113 18
231 238 72
4 114 95
68 87 137
223 231 19
209 231 91
142 246 221
90 144 164
18 138 6
14 106 3
231 236 103
164 179 26
68 89 11
13 92 2
134 233 3
54 114 6
82 231 3
50 50 81
50 164 159
107 231 265
106 231 12
40 164 13
231 234 390
74 236 164
52 234 21
45 65 12
41 107 19
106 230 4
88 231 93
33 90 32
138 166 51
125 158 113
4 90 52
33 140 25
95 170 26
161 202 12
142 224 46
48 255 33
74 249 23
114 237 145
142 152 28
200 230 8
232 249 78
90 143 76
113 239 129
75 114 29
179 234 22
24 163 34
164 211 112
83 236 6
141 234 293
138 227 3
209 239 10
43 263 121
48 193 4
107 171 3
226 230 62
42 174 1
13 33 28
33 161 58
135 140 8
52 87 8
148 238 31
161 255 88
50 125 29
4 161 82
144 229 57
74 233 30
87 236 40
148 198 7
13 87 132
25 79 50
146 168 3
13 195 4
40 140 1
132 202 18
141 250 3
238 241 1
50 107 65
63 138 4
224 262 11
226 238 3
143 211 26
168 237 5
50 90 148
52 88 7
170 220 8
41 88 5
220 239 10
144 246 76
132 200 14
42 144 4
236 246 90
125 195 4
141 231 93
52 140 2
79 151 54
234 257 9
226 226 30
145 263 12
145 223 12
237 246 100
79 263 256
7 140 17
140 143 56
162 243 15
166 249 28
232 256 13
125 263 17
12 163 2
48 232 35
66 230 26
13 170 70
151 161 109
158 162 129
142 148 68
112 162 38
80 246 16
80 89 2
164 244 15
25 195 10
45 142 10
13 116 2
220 244 5
25 140 4
33 249 79
112 230 57
69 167 2
140 158 21
75 162 124
95 230 75
7 43 12
138 162 202
140 249 85
152 263 11
170 223 23
186 200 11
19 164 2
90 189 15
164 238 104
74 169 4
114 189 23
41 231 17
45 79 97
107 166 21
230 241 3
234 256 34
116 244 57
137 179 9
141 256 5
227 227 2
100 143 92
14 48 30
65 100 9
116 236 25
42 213 3
13 148 83
79 143 84
112 137 17
95 237 42
116 234 19
48 179 20
65 141 3
33 170 36
90 209 23
45 113 44
90 226 14
161 179 28
146 237 28
90 254 3
51 254 1
137 256 17
61 170 14
52 238 2
163 244 41
13 263 40
239 260 4
148 261 70
152 243 22
114 166 20
138 188 17
40 231 42
36 138 25
166 246 27
226 263 22
166 243 24
50 170 141
50 148 42
140 148 66
61 107 15
188 234 9
42 158 13
25 262 1
151 229 38
113 238 99
90 220 4
54 231 15
143 231 76
129 164 15
224 233 51
166 237 56
162 166 31
102 230 2
24 234 11
48 247 8
237 243 18
68 198 4
107 247 1
43 68 72
37 113 11
146 170 16
138 224 40
229 255 12
48 256 30
40 113 16
129 140 15
74 116 32
249 255 65
17 107 24
233 244 14
13 249 244
24 90 23
50 262 14
41 163 71
170 232 64
33 148 41
68 145 37
88 97 13
163 243 38
70 223 3
25 33 38
4 158 24
25 87 15
100 232 35
41 148 15
92 132 52
223 238 8
129 161 45
75 244 16
228 249 5
236 256 3
113 209 33
37 79 45
7 161 109
15 138 12
211 233 33
68 95 22
107 151 35
13 224 19
102 239 2
170 244 18
236 255 8
45 144 43
107 202 7
100 169 3
7 179 42
246 261 55
142 249 224
25 234 38
82 83 3
221 262 2
151 246 52
116 162 16
40 165 1
48 167 4
13 162 85
62 132 40
68 223 13
41 140 15
238 249 118
209 236 16
229 231 91
189 261 15
164 257 13
62 79 10
66 231 56
65 168 1
65 88 13
49 97 38
7 234 62
43 66 4
249 259 2
127 132 19
136 142 1
224 224 13
107 181 54
25 161 39
159 237 5
13 76 9
132 261 54
232 236 7
24 168 1
211 246 73
125 239 27
113 255 35
162 238 156
112 231 16
140 230 272
89 113 10
30 132 4
52 249 21
158 179 6
116 163 28
24 164 18
33 227 4
43 74 28
97 255 11
7 107 40
216 219 3
132 152 12
125 143 21
79 165 7
71 144 1
7 144 13
46 161 2
24 220 5
90 176 1
11 143 1
133 138 10
24 152 17
74 163 35
66 233 11
13 236 27
70 260 3
239 255 6
68 220 6
33 231 92
87 137 64
75 113 27
7 75 7
161 241 1
50 141 48
163 228 7
186 260 10
132 227 16
235 250 2
4 43 5
41 234 44
80 107 23
143 226 6
114 224 38
170 255 34
87 177 1
68 125 114
137 238 31
49 161 31
246 262 31
52 164 14
181 237 38
79 88 108
163 226 50
55 114 2
4 141 23
123 132 23
163 209 25
13 54 4
61 79 35
213 244 12
49 230 41
113 232 58
107 112 39
87 263 48
188 224 1
61 189 9
170 200 4
87 234 181
79 218 3
48 97 27
107 238 100
121 132 20
112 229 27
232 232 27
70 161 6
42 162 18
114 262 56
86 132 34
231 239 90
45 211 26
90 162 240
141 144 68
13 232 28
224 255 4
152 234 5
12 231 16
52 186 13
37 230 10
40 162 20
181 234 66
68 127 21
114 140 48
97 148 45
4 37 1
40 65 4
4 236 11
226 234 24
141 226 54
49 257 1
68 181 50
188 232 2
7 113 26
41 232 2
43 143 97
37 211 7
12 142 4
68 189 12
14 249 19
13 158 138
211 255 30
13 238 28
232 233 27
69 263 6
88 137 41
141 232 14
80 148 60
223 262 3
88 133 3
98 230 2
246 263 72
82 263 7
209 234 58
4 138 31
50 162 168
70 186 3
69 116 4
100 129 13
42 146 3
43 90 57
146 164 14
255 256 37
79 129 15
87 144 134
164 255 57
152 236 8
97 113 17
33 232 4
45 158 17
65 223 2
138 168 9
163 232 26
33 234 57
14 79 23
127 152 11
42 161 72
65 255 2
69 212 1
16 142 9
82 239 2
68 165 5
45 246 4
162 260 24
74 138 35
50 87 27
50 137 22
138 226 44
41 233 14
68 224 48
42 246 28
236 250 4
47 195 2
22 50 3
7 142 50
14 234 8
68 116 38
244 263 18
80 237 7
43 243 11
138 165 12
13 256 13
90 244 32
41 168 14
74 74 115
58 163 2
89 161 19
89 181 19
40 211 8
87 181 44
61 249 29
52 231 25
233 246 62
144 224 26
37 107 16
237 244 25
144 257 7
80 90 10
74 152 24
75 116 20
75 223 8
41 161 79
41 244 25
211 227 1
114 151 31
137 217 7
48 61 15
68 82 4
41 50 24
146 239 13
45 232 17
65 249 28
25 237 16
198 234 13
137 228 3
158 158 98
164 224 53
43 95 6
132 133 21
89 190 2
161 252 2
145 231 15
178 181 5
141 258 2
181 246 23
74 87 6
148 158 168
168 241 2
152 230 21
82 162 21
48 209 40
116 209 5
13 90 91
161 171 4
208 237 3
181 227 5
87 151 9
166 229 21
66 138 23
42 43 35
65 211 12
211 244 6
135 138 27
65 66 10
113 224 56
161 261 50
13 211 75
88 107 37
88 164 23
114 129 12
116 161 33
142 144 72
152 161 13
153 230 2
228 228 2
191 197 2
65 158 5
65 148 28
40 234 21
100 224 39
133 230 11
13 50 34
13 196 2
238 250 2
92 138 50
236 260 13
93 141 3
123 239 1
107 127 5
36 230 5
50 138 41
158 236 81
88 235 1
90 243 22
10 74 2
166 231 20
146 226 14
163 255 21
42 74 78
25 189 20
52 132 33
42 140 10
42 142 94
112 163 29
42 148 11
50 149 1
81 186 3
166 235 1
140 181 9
50 114 66
129 223 16
158 181 19
50 79 90
113 262 42
45 233 12
48 202 7
36 141 6
48 127 50
70 138 51
70 82 2
13 246 96
169 230 4
144 144 70
142 187 1
138 157 18
164 203 1
211 262 21
22 114 4
177 217 1
186 186 133
24 162 20
113 181 44
43 100 61
161 166 58
242 247 1
197 237 2
48 145 54
151 233 8
144 255 47
75 243 2
33 246 29
56 113 4
148 150 2
213 230 2
35 132 23
45 238 9
157 162 5
28 100 6
107 116 12
183 223 13
100 200 10
227 255 1
90 261 49
41 100 36
140 261 18
41 249 44
127 243 6
132 212 7
100 127 11
39 60 1
112 226 11
33 162 72
112 237 22
75 100 34
50 158 84
37 68 9
65 161 27
70 230 3
52 138 13
200 246 1
24 138 28
243 249 21
10 234 3
13 17 4
61 177 2
48 52 11
97 189 7
33 97 18
79 145 39
65 189 8
25 230 44
50 260 5
160 226 3
164 232 44
89 231 13
48 106 7
21 132 17
97 239 6
225 230 12
125 211 45
211 225 5
137 158 46
80 125 9
157 239 1
244 249 30
144 244 5
48 212 3
41 87 7
90 125 102
100 233 166
186 226 26
74 127 7
64 132 19
100 152 13
42 229 15
49 170 11
145 229 59
135 229 2
260 263 7
158 262 26
62 148 8
100 182 8
162 196 18
114 236 106
132 158 53
102 226 6
138 152 8
170 226 50
79 146 14
68 262 80
35 68 1
24 166 61
151 158 23
138 232 32
132 174 3
93 262 5
7 164 44
41 43 57
223 236 11
130 142 5
115 132 2
7 151 2
140 224 22
90 129 12
168 193 1
116 164 10
10 68 2
88 260 6
114 225 9
157 249 4
244 248 3
144 181 38
17 37 9
160 162 9
165 186 5
25 100 19
210 249 2
114 226 6
164 209 37
4 217 2
55 132 13
93 158 3
112 148 73
132 167 4
69 107 2
129 237 33
132 222 9
100 209 24
40 229 5
43 125 6
61 158 11
170 181 50
151 247 3
223 229 36
193 193 82
215 231 2
158 232 22
113 216 1
33 238 13
226 233 10
107 260 5
95 161 53
239 241 4
24 68 40
160 232 1
75 167 1
80 189 3
138 144 33
88 261 45
67 132 10
168 230 13
161 257 7
89 168 3
162 202 19
13 181 24
33 113 37
114 179 9
164 227 4
144 145 8
119 238 5
243 243 15
45 189 3
43 107 69
41 162 53
48 69 5
78 263 2
186 202 8
43 116 22
182 263 1
157 236 2
49 114 30
129 229 17
7 79 45
144 233 68
100 134 6
142 259 4
29 114 1
100 228 3
224 263 23
87 123 3
211 226 4
25 106 3
145 164 60
41 263 54
141 179 17
88 143 10
73 229 1
113 145 16
95 249 7
66 97 11
230 252 4
171 237 1
10 48 2
224 239 13
144 236 59
90 151 43
12 144 5
13 140 24
246 256 11
107 125 80
163 200 2
158 238 45
97 240 1
179 236 10
146 234 11
114 246 126
36 211 3
80 260 1
146 238 1
171 230 3
4 107 103
131 140 1
48 76 2
12 66 1
125 248 1
32 79 1
12 68 2
143 224 6
68 228 9
90 247 2
113 228 7
40 249 37
161 244 31
140 144 27
75 185 1
25 61 19
87 232 39
158 224 18
113 116 18
186 228 12
45 88 14
24 141 17
70 142 1
90 223 6
14 186 13
232 237 17
25 256 8
126 141 3
89 148 18
71 88 1
179 191 1
87 229 59
68 248 3
129 137 3
116 170 19
230 257 14
7 255 7
107 145 36
14 25 1
141 159 3
179 263 8
237 261 17
142 226 28
24 262 17
49 62 2
41 143 32
137 163 103
88 90 25
52 246 10
148 244 14
52 229 11
14 229 5
88 263 28
138 209 23
90 237 162
14 114 8
42 137 11
42 61 3
7 158 12
41 262 18
48 83 8
223 223 14
160 230 9
230 258 3
88 237 15
202 229 20
43 209 4
100 244 35
232 243 4
45 237 7
95 162 60
127 148 6
193 236 1
7 193 26
237 260 14
51 138 7
113 146 3
36 80 6
141 211 53
50 152 7
33 106 3
14 148 7
4 68 58
14 141 4
6 132 2
232 255 19
13 229 34
13 262 18
79 220 6
45 50 9
146 249 5
197 258 1
231 233 67
237 241 3
244 244 47
230 254 1
80 112 20
162 223 40
41 243 5
112 211 13
106 186 5
106 164 9
40 188 2
158 209 30
48 49 17
255 263 9
181 232 8
50 243 15
235 259 1
65 231 37
127 237 6
137 243 5
107 256 42
75 224 6
65 256 5
112 256 11
129 142 19
233 239 64
107 232 72
13 26 1
12 113 7
37 163 2
142 247 5
4 239 8
68 174 2
138 220 17
25 49 10
33 229 32
4 232 35
161 212 1
195 234 4
97 107 20
232 261 14
142 202 13
127 209 1
44 230 1
4 263 19
4 61 4
113 195 2
48 189 17
112 140 6
54 90 1
74 107 40
74 144 6
229 235 1
144 262 25
144 151 11
13 65 9
85 138 3
72 234 1
114 209 65
42 50 18
113 243 20
116 141 8
246 255 21
90 225 20
226 249 9
181 211 33
234 255 73
143 164 85
231 243 14
152 152 14
75 144 10
83 102 1
50 200 1
89 142 9
161 198 4
129 230 49
127 161 13
43 144 24
137 157 2
68 225 5
63 79 7
148 257 5
161 223 30
29 90 1
68 128 5
65 65 14
87 224 24
119 244 4
17 249 14
142 232 26
88 117 1
198 237 3
168 249 4
13 188 6
202 230 25
97 249 41
42 79 33
140 226 14
88 163 10
162 226 29
160 229 4
61 100 13
132 194 3
259 263 1
37 162 10
164 195 2
25 233 4
211 239 47
22 249 1
112 141 10
48 185 2
40 48 18
148 181 55
40 88 11
127 230 20
36 97 2
21 209 2
4 211 35
87 127 4
89 133 3
17 161 18
87 233 39
211 256 34
17 113 21
152 166 52
162 189 12
25 164 23
66 224 2
162 259 4
95 113 17
80 164 20
17 140 3
33 209 16
158 223 2
138 172 1
144 238 22
141 146 16
79 152 9
142 256 10
193 234 1
4 233 24
40 87 16
4 168 1
24 50 21
37 225 4
236 244 16
163 168 5
74 90 27
255 261 13
90 179 4
4 87 38
48 95 31
100 202 15
133 181 9
49 229 6
238 254 2
54 186 8
158 190 1
137 246 39
141 181 10
78 166 1
42 45 2
36 37 6
114 146 14
99 173 1
61 144 11
143 158 68
25 231 47
106 189 2
161 216 1
87 238 24
4 142 20
7 263 22
90 228 8
33 137 16
1 249 2
75 136 4
114 232 73
13 209 42
33 181 22
18 249 2
24 158 6
198 249 4
39 170 1
25 144 29
142 157 2
127 142 30
145 163 52
1 230 3
234 254 1
89 163 6
10 100 3
43 148 30
82 229 18
158 263 38
93 230 12
100 145 25
90 133 3
14 142 5
226 236 18
89 107 7
18 107 1
82 262 4
111 151 1
114 165 2
65 234 21
41 254 3
162 209 45
37 170 15
7 92 6
80 137 7
144 168 1
24 42 26
41 127 2
140 145 17
91 186 4
152 158 8
4 145 3
185 230 3
160 237 6
71 230 6
125 170 61
43 233 29
89 186 15
69 230 14
123 123 2
94 100 1
49 107 26
189 246 10
166 256 1
138 218 3
143 249 95
183 259 1
131 132 20
132 169 6
241 249 1
66 246 4
74 168 19
170 247 5
164 178 1
24 233 7
84 132 3
256 263 7
203 225 1
78 225 2
168 244 4
19 163 2
74 166 46
97 233 7
144 239 51
64 138 16
79 225 19
160 249 3
33 68 31
125 237 28
12 114 2
225 256 4
49 225 4
181 229 18
61 209 6
82 234 3
138 186 74
80 186 32
209 224 9
80 100 17
224 236 20
32 263 1
22 138 6
219 261 1
7 90 21
24 237 45
25 186 36
88 173 1
40 148 21
49 164 18
161 193 3
229 256 11
100 124 2
95 148 8
140 223 10
79 116 23
143 152 8
4 18 2
4 162 41
66 237 4
43 114 48
48 235 4
145 246 17
62 258 1
48 153 4
127 127 11
233 238 26
75 143 30
37 144 6
233 243 7
25 181 42
225 239 3
138 210 2
142 220 27
61 230 26
62 234 6
170 179 23
232 246 14
256 256 14
129 163 28
141 202 11
7 236 23
39 75 5
7 125 3
60 232 1
42 263 34
85 100 2
85 132 19
114 198 9
36 48 4
10 237 2
43 56 1
113 226 10
74 170 39
196 263 10
195 249 6
79 188 19
89 237 2
17 225 2
112 144 27
146 229 25
141 212 2
87 143 16
66 263 5
145 196 2
65 246 6
141 158 61
21 186 2
49 249 34
40 230 35
125 145 2
28 170 4
100 226 24
79 223 20
127 163 8
112 224 7
22 165 2
12 166 1
129 170 7
13 261 57
125 243 7
11 172 1
25 211 17
179 179 13
164 166 28
166 234 32
140 255 7
74 232 7
74 114 14
132 195 7
164 223 18
114 243 10
24 137 4
7 129 24
125 238 23
7 68 22
163 257 7
157 233 3
25 158 7
49 88 23
75 193 3
10 244 2
74 224 3
236 261 20
39 89 1
151 173 1
33 163 36
88 238 17
83 255 1
95 164 21
226 246 5
125 162 28
181 228 10
37 181 9
52 65 4
66 144 14
28 138 10
79 149 1
41 79 30
113 185 2
148 151 16
211 238 34
40 181 16
181 239 14
43 87 17
62 114 6
89 89 10
50 129 5
36 236 2
132 171 20
181 257 14
128 132 1
211 263 28
88 233 17
159 236 2
42 159 3
41 144 16
144 260 2
87 209 42
66 211 17
61 164 11
33 61 7
137 202 3
189 234 21
132 190 8
33 189 9
198 230 6
61 193 1
36 231 10
227 236 1
83 163 7
174 237 3
145 238 4
217 232 1
68 232 40
148 189 22
127 166 8
20 42 3
82 230 13
4 246 11
113 198 7
80 211 12
63 184 1
72 72 1
166 194 1
100 133 2
186 220 8
14 107 8
171 196 1
93 224 4
85 186 2
61 142 4
39 43 1
52 79 24
33 33 21
107 157 6
88 181 26
24 248 1
196 230 14
100 165 6
65 179 1
145 193 9
87 188 13
112 234 32
148 258 1
45 164 19
4 163 20
75 168 9
95 145 22
95 134 2
95 112 2
45 161 30
88 161 44
107 189 16
4 237 21
56 138 12
21 231 3
45 163 14
125 125 22
82 114 5
62 249 9
41 45 4
83 161 11
96 132 2
82 146 10
17 145 1
129 145 5
20 262 1
131 237 7
67 141 1
97 144 22
7 143 7
116 242 1
197 229 3
121 226 2
14 261 15
4 4 21
82 161 10
137 160 3
129 212 1
88 100 15
9 132 8
142 255 21
24 79 19
48 78 1
49 260 2
49 226 1
41 90 29
50 226 3
163 259 2
114 145 10
3 138 4
88 170 54
233 256 10
50 112 4
48 56 3
102 229 2
97 225 7
7 246 17
225 234 11
119 137 1
148 217 1
40 79 28
107 129 10
82 145 8
140 196 2
162 255 45
179 237 33
83 229 7
83 179 1
58 138 3
132 213 6
168 262 3
170 260 15
65 262 5
163 179 26
65 236 1
88 142 7
32 143 1
106 181 14
192 233 2
143 243 31
161 196 10
33 236 9
157 170 6
106 249 8
135 142 4
97 142 22
70 100 1
88 114 35
143 232 3
83 142 4
95 229 25
7 226 43
89 114 10
89 246 4
36 186 8
75 177 1
4 125 14
125 141 17
49 181 19
138 169 6
45 97 5
141 193 3
95 163 37
56 92 1
61 148 30
40 138 30
87 237 39
24 89 1
233 260 7
25 166 1
195 232 2
137 166 3
129 239 9
45 83 1
90 95 4
112 225 2
89 141 3
33 65 7
233 233 83
163 197 1
72 229 4
90 112 17
133 142 7
17 144 17
82 157 3
186 243 40
129 196 2
50 209 7
113 189 14
41 189 1
137 239 40
229 232 25
125 232 17
137 226 7
107 255 37
83 162 11
95 211 1
40 142 13
79 198 12
33 50 6
144 146 7
4 41 2
49 144 29
164 189 15
230 247 6
48 121 2
66 100 7
52 230 21
74 248 3
151 226 3
14 144 3
188 211 3
100 166 23
42 68 42
33 52 18
223 237 56
36 162 4
162 193 7
146 163 17
83 145 3
129 162 26
125 209 22
114 133 5
189 189 9
61 61 6
58 132 1
7 162 105
238 261 17
25 257 4
109 161 1
56 145 2
13 166 3
66 236 4
66 258 1
54 79 12
35 148 1
49 148 33
18 170 1
209 233 20
129 263 12
90 257 11
69 144 1
79 190 3
116 231 12
143 144 29
42 113 17
36 100 6
49 234 29
13 255 14
56 229 1
88 132 21
12 25 3
154 154 1
93 236 2
223 263 14
146 198 1
202 249 4
71 90 2
37 234 15
132 150 11
41 95 1
145 233 22
79 133 3
41 114 18
75 152 11
82 95 5
162 252 2
79 157 7
234 260 12
255 257 2
124 230 8
116 255 1
193 230 11
100 135 3
136 138 1
185 256 1
113 244 7
116 247 4
106 257 2
89 170 4
50 140 22
232 263 11
95 226 5
39 138 4
80 129 1
202 238 1
43 244 22
17 68 14
75 249 35
83 141 2
83 132 8
85 234 3
38 230 1
4 262 12
137 255 16
231 256 33
1 107 1
125 181 27
142 160 3
66 79 32
95 100 25
107 152 3
83 100 2
112 246 15
33 224 3
43 129 3
85 107 2
24 127 3
88 148 40
13 151 9
88 179 7
198 263 4
68 168 5
107 200 1
45 67 1
7 65 1
48 146 23
170 173 1
209 238 12
79 257 19
235 263 1
158 225 4
130 162 10
135 162 7
209 229 14
69 237 10
107 146 9
125 142 42
151 262 38
143 261 15
7 114 13
196 239 3
138 208 7
88 196 2
76 142 9
74 137 17
171 179 1
65 237 10
148 174 1
95 239 6
106 234 8
29 246 1
48 126 1
160 233 4
65 114 13
181 255 10
164 173 3
220 262 3
164 260 8
142 188 6
113 140 57
24 211 4
66 148 24
193 229 4
140 146 9
50 223 7
11 262 1
41 224 3
7 83 5
24 229 11
162 168 4
173 237 3
224 228 2
40 40 5
17 163 4
140 259 2
82 142 5
65 143 4
1 100 1
7 233 12
196 226 2
22 113 2
113 261 54
232 238 5
83 175 1
9 170 1
14 151 3
17 80 4
137 181 15
189 231 27
65 125 13
161 203 2
93 261 2
65 162 13
225 249 15
82 90 2
33 263 7
127 239 10
127 170 5
108 138 1
125 236 21
82 100 5
65 142 12
88 129 2
48 89 9
137 232 38
68 129 10
61 114 16
49 86 1
47 230 6
80 234 34
169 232 1
163 169 1
35 221 1
66 91 1
202 239 2
144 166 8
133 162 3
81 259 1
93 186 4
125 229 17
113 129 12
106 106 4
83 232 1
82 141 6
28 161 10
14 230 26
41 167 4
37 246 4
4 82 1
88 255 14
75 227 1
112 193 1
116 263 19
218 237 1
42 225 3
145 173 1
125 256 14
209 255 7
141 209 21
188 246 3
177 188 4
91 188 2
26 87 8
194 263 2
36 107 10
83 95 1
133 158 1
138 200 18
49 162 15
151 209 3
100 193 7
22 186 2
162 244 15
95 179 2
116 148 12
140 225 3
36 161 4
95 146 16
93 239 4
61 80 2
148 152 6
13 45 17
161 225 6
36 163 2
24 113 13
49 231 40
66 142 9
43 232 3
83 129 3
10 49 1
40 170 14
10 218 2
41 69 2
7 56 2
194 262 2
142 168 3
40 236 5
106 116 1
17 148 20
100 256 18
41 182 1
52 148 10
91 236 1
129 148 12
32 138 5
142 257 15
129 234 17
32 238 1
68 112 26
48 242 1
54 158 3
33 88 22
162 179 29
138 202 18
90 259 2
61 68 13
157 229 2
17 49 4
132 182 5
140 211 29
138 190 3
61 255 6
135 141 3
28 125 1
10 170 7
56 162 5
129 226 15
87 256 13
129 146 13
48 93 7
69 138 11
163 202 9
79 243 11
61 125 4
146 173 1
45 229 15
88 138 18
148 210 4
146 223 20
142 146 13
135 196 1
36 255 8
209 246 19
14 231 23
157 181 1
66 82 1
56 100 4
28 232 2
7 211 7
97 234 30
87 163 55
65 170 20
142 179 13
107 155 2
162 197 2
148 179 13
56 107 5
75 194 2
144 194 1
215 262 1
83 144 1
132 259 4
113 130 1
112 261 11
132 185 7
114 242 1
107 130 2
71 138 4
88 211 18
138 228 14
216 230 1
92 229 3
36 249 10
153 239 2
49 90 22
72 138 8
80 144 23
134 236 2
124 138 4
112 263 5
25 68 14
159 164 3
100 149 2
53 173 2
94 132 1
70 70 4
93 244 1
166 228 1
25 229 11
132 193 16
95 95 7
95 181 1
113 143 69
107 193 8
43 137 18
52 141 3
54 148 4
198 232 3
82 233 6
90 145 17
79 227 5
189 257 8
17 231 27
24 170 12
132 147 1
24 114 8
37 256 10
48 112 28
69 170 3
146 263 10
186 197 1
4 116 2
26 95 1
25 42 3
193 223 4
162 173 2
247 263 4
41 141 36
213 229 1
37 74 4
137 159 1
114 127 2
129 260 13
23 132 2
137 261 26
124 149 1
152 262 4
45 112 4
29 230 1
127 211 1
36 232 4
40 42 1
145 158 5
42 212 1
142 173 1
129 193 13
4 112 2
123 144 1
70 140 1
52 223 1
112 238 3
37 158 3
83 231 3
130 219 1
10 166 3
28 130 1
65 87 17
36 246 5
141 166 28
80 80 9
229 261 23
256 261 15
78 148 1
45 75 3
112 113 22
33 49 7
141 152 7
97 232 6
28 237 3
132 242 3
145 249 18
229 243 8
131 138 16
66 114 23
259 262 2
161 247 4
95 129 3
68 106 8
112 143 7
68 202 4
74 164 24
100 146 13
61 137 5
74 244 13
132 192 6
107 244 10
39 145 1
42 234 33
22 234 6
4 140 22
97 216 1
79 196 4
35 138 4
37 146 5
127 158 1
45 248 1
69 164 5
19 48 1
196 233 1
80 114 26
12 162 3
148 168 3
75 119 1
107 226 21
76 138 4
49 163 18
138 177 9
200 249 4
48 257 6
188 230 20
209 262 12
79 212 2
79 202 6
3 132 6
107 223 32
39 218 1
68 80 14
62 164 4
12 249 9
49 100 8
143 250 1
159 169 1
4 166 3
50 82 1
75 255 3
138 182 6
107 228 11
39 39 3
32 48 13
43 82 4
48 157 8
132 235 6
188 261 6
7 70 2
83 186 6
80 145 3
81 205 1
130 158 1
97 133 3
10 239 2
46 151 1
65 195 3
177 230 2
14 239 5
62 225 1
132 241 6
120 132 1
65 75 3
49 246 9
186 247 5
95 223 2
28 229 1
48 259 7
65 112 1
56 87 2
116 213 1
138 254 4
112 114 43
125 224 5
42 262 11
40 158 6
173 173 1
101 129 1
72 158 1
60 163 2
93 170 8
50 228 1
63 170 4
174 241 2
138 139 3
166 215 2
26 132 14
93 193 1
78 141 1
13 237 32
182 186 1
160 161 6
234 243 19
168 238 9
43 220 2
4 45 13
100 260 7
49 202 1
90 123 2
87 215 2
80 232 7
193 231 5
181 215 1
41 158 18
14 170 10
35 70 1
153 163 3
130 237 3
148 226 18
135 170 3
18 244 2
182 212 1
93 142 2
82 223 2
107 168 5
35 89 2
97 228 18
239 256 9
56 75 2
81 138 4
25 162 27
138 203 2
48 260 17
42 211 5
175 234 3
179 233 8
37 261 5
223 239 9
129 173 1
142 209 20
22 87 15
112 236 9
33 190 1
33 237 29
25 141 12
138 178 2
80 83 1
123 163 1
53 218 3
138 219 7
49 87 12
80 162 23
11 151 2
42 88 4
260 262 2
165 229 3
163 181 24
55 113 1
161 242 3
61 211 5
225 246 5
69 88 2
202 202 7
4 52 4
89 234 13
42 231 17
17 234 17
163 256 13
13 75 10
13 24 1
100 255 20
166 233 11
90 188 6
146 260 3
48 130 1
17 87 8
200 259 1
164 181 35
235 241 1
181 190 3
17 142 8
52 142 7
11 11 1
116 243 13
140 252 1
145 260 10
83 226 7
24 231 11
10 249 5
25 238 4
17 137 5
164 222 3
132 245 2
65 90 14
82 129 7
134 234 5
66 107 16
88 248 1
34 234 1
43 211 18
22 107 1
52 100 8
22 170 3
95 261 6
7 33 3
7 231 15
22 143 6
51 230 4
186 242 2
209 209 19
52 97 6
14 14 6
79 89 12
164 198 3
37 232 4
181 236 12
80 263 7
49 68 15
141 255 8
153 235 1
24 241 1
145 146 8
56 89 5
26 161 2
65 68 13
163 258 1
66 87 10
209 257 5
45 125 17
238 247 4
140 166 22
127 263 3
37 45 5
61 163 14
51 168 1
42 170 23
13 25 8
79 258 4
13 89 10
140 189 6
46 46 1
185 244 1
40 262 3
152 249 9
25 236 5
50 127 4
119 252 1
97 158 10
79 248 2
243 247 1
125 137 23
168 239 4
243 262 10
133 163 4
112 233 8
50 261 18
13 137 32
61 106 3
55 138 2
116 235 1
113 257 9
35 65 1
61 97 9
141 173 5
43 179 1
61 180 1
175 231 4
68 149 2
24 243 9
163 254 2
43 127 6
129 238 7
151 220 3
138 174 3
123 231 3
67 148 1
74 240 2
14 161 17
142 200 9
159 230 3
50 61 2
24 246 10
144 243 2
198 198 1
152 162 6
25 209 2
32 152 1
114 223 7
97 231 45
81 174 2
87 145 13
134 162 11
41 159 4
37 87 6
166 211 6
95 186 25
112 145 17
146 161 28
40 228 5
113 223 8
21 100 2
48 188 6
75 209 3
98 100 2
87 152 2
74 261 6
69 163 4
33 158 25
42 90 24
132 247 8
68 256 19
18 151 2
213 250 1
152 231 6
52 112 1
62 115 1
54 65 2
41 261 7
181 188 14
121 231 2
132 254 4
106 246 5
95 263 6
18 147 2
237 257 2
163 225 5
186 195 7
138 259 3
36 87 5
126 138 2
178 234 1
89 188 5
106 137 1
166 182 1
138 180 2
39 164 2
50 193 1
48 62 7
61 162 8
82 186 8
219 233 1
146 146 13
142 182 1
39 261 4
160 186 10
13 143 25
159 170 2
91 138 6
12 90 3
59 168 1
82 246 2
217 217 8
181 225 3
87 97 14
70 239 1
261 263 15
62 107 1
78 132 4
50 256 3
43 112 5
53 225 9
17 65 5
88 151 6
36 234 9
150 186 2
63 256 3
138 167 5
159 166 1
177 177 1
79 244 17
87 106 4
65 144 25
68 190 2
247 250 1
33 223 3
11 132 8
22 45 1
19 132 10
48 198 3
189 236 5
37 231 10
129 129 25
93 232 1
188 189 3
97 162 14
13 41 11
181 189 22
54 87 3
29 211 1
91 231 2
7 148 17
79 106 7
24 244 13
181 224 4
116 220 3
52 158 4
65 261 6
173 246 3
249 257 13
4 25 8
170 243 13
49 50 2
45 63 1
120 262 2
17 229 9
49 52 3
33 261 20
140 155 1
200 261 1
66 234 20
66 257 2
4 228 5
33 244 2
22 230 6
11 161 2
68 241 4
170 175 4
79 102 2
143 153 2
125 233 15
68 259 2
241 254 1
215 229 3
14 181 7
241 241 4
79 195 7
214 230 1
181 256 9
163 224 31
32 142 1
65 107 10
79 127 7
87 112 10
100 195 1
82 143 2
49 233 4
35 76 3
188 229 3
163 189 7
74 209 4
22 26 2
89 123 1
48 258 2
39 219 1
165 181 4
155 164 1
50 97 4
45 262 9
51 237 2
90 127 10
62 246 3
100 220 3
202 226 1
50 69 1
189 211 10
89 211 2
220 246 3
75 145 2
165 231 2
80 158 2
54 142 3
208 230 3
181 261 28
82 196 2
88 236 12
52 68 11
141 223 23
144 220 1
190 234 2
101 161 2
231 244 10
200 244 2
75 87 13
26 230 3
146 261 5
137 189 2
83 88 1
165 236 1
152 229 5
166 209 3
13 74 3
49 125 12
113 127 7
145 236 9
157 246 4
52 181 14
65 164 13
114 171 1
75 82 1
75 260 5
17 61 9
89 137 11
85 164 2
65 97 25
26 138 12
17 170 14
160 234 2
42 94 1
67 186 3
127 236 9
40 61 6
114 227 6
80 87 6
39 168 1
89 91 1
146 233 6
106 170 5
173 263 3
196 196 5
97 164 19
140 220 2
62 87 7
49 142 16
40 141 5
95 142 17
52 261 6
231 257 16
100 126 2
138 183 4
167 246 1
152 220 5
170 189 13
5 263 1
80 181 5
31 31 1
100 102 3
148 260 3
79 216 2
80 231 21
116 200 1
74 88 1
66 161 15
95 107 8
200 238 11
61 152 1
102 141 1
100 223 23
50 181 5
14 87 4
24 45 1
117 117 1
17 209 1
137 223 6
62 256 1
97 119 1
181 262 2
18 146 1
62 161 2
37 219 1
65 233 4
163 216 2
162 198 3
236 243 19
121 148 2
192 226 3
43 224 7
24 107 15
172 261 1
37 61 6
114 188 7
49 237 11
66 249 34
90 169 1
166 232 10
226 237 26
217 256 7
116 143 17
228 256 2
79 242 1
50 55 1
41 137 9
159 239 2
66 170 11
89 164 6
4 89 3
21 138 1
67 163 3
65 209 9
79 173 3
35 129 1
161 228 6
74 241 1
149 238 1
71 142 2
95 234 15
226 243 1
236 247 6
17 48 12
92 249 1
173 231 2
25 246 12
224 246 20
69 151 2
69 166 4
143 181 6
17 54 2
223 233 16
48 155 1
79 93 4
51 164 2
122 138 2
100 116 20
61 223 1
148 243 5
66 66 6
170 192 1
144 188 9
40 125 12
186 259 2
213 238 1
143 223 4
244 247 4
86 165 1
37 236 3
42 114 18
117 138 1
100 168 3
168 168 5
97 170 23
174 243 1
93 162 7
164 235 1
97 256 8
82 160 1
12 79 4
17 162 6
186 193 1
17 97 16
90 97 17
43 153 1
38 138 3
147 162 1
146 186 13
13 82 1
45 66 7
13 36 5
12 186 3
42 66 2
82 144 6
10 230 6
90 165 4
45 145 5
68 134 3
4 65 3
92 100 1
82 164 8
164 196 4
32 132 5
133 141 1
237 255 15
138 159 5
123 261 1
54 262 1
41 223 3
52 262 1
145 211 6
17 158 2
91 238 2
182 209 1
45 181 15
189 224 1
89 249 9
8 239 2
237 256 9
88 112 7
41 65 3
209 219 1
121 170 2
106 163 1
141 147 3
56 137 1
85 261 1
66 88 5
62 231 6
125 262 11
114 134 5
48 133 7
67 236 1
246 257 2
158 243 5
108 165 2
209 237 8
16 236 1
10 148 3
50 179 4
131 230 1
33 144 35
107 196 1
123 234 2
106 113 4
9 48 1
13 40 10
80 261 6
48 228 8
226 231 6
247 247 6
169 241 1
210 234 2
143 255 4
40 255 2
238 255 4
127 220 4
65 232 6
211 258 1
88 118 1
40 90 10
25 40 22
157 230 6
128 151 1
151 223 1
145 261 7
50 75 16
61 87 4
40 144 15
127 181 1
57 170 1
132 159 4
24 100 15
112 189 4
129 211 4
35 170 2
25 163 13
170 259 4
107 179 20
67 234 1
1 151 1
125 155 1
234 241 1
220 263 4
150 163 1
133 233 1
127 246 5
55 79 1
93 137 3
17 217 12
17 100 10
137 180 3
133 246 2
161 165 8
56 170 3
232 239 8
223 255 2
100 125 37
244 256 3
25 88 11
164 243 11
57 74 1
189 249 24
140 168 6
161 175 2
13 243 4
68 69 1
90 242 2
61 234 23
256 262 4
100 160 3
238 256 3
36 90 7
89 230 18
97 106 2
136 243 1
174 186 2
116 140 16
149 261 2
29 261 1
61 229 8
132 175 13
164 201 1
182 236 1
83 148 4
4 49 2
52 90 14
140 188 3
113 260 5
36 88 2
108 170 1
108 239 1
87 133 4
100 247 3
148 193 1
230 250 2
100 157 3
34 79 2
79 200 1
61 256 7
195 195 1
49 256 5
201 249 2
97 163 11
61 261 12
161 260 16
70 162 2
87 225 5
7 99 1
61 88 9
66 162 21
170 225 8
140 217 5
40 106 5
17 125 4
63 246 1
149 170 2
198 229 4
91 137 2
14 164 14
25 125 13
75 158 9
224 261 12
40 50 2
164 168 1
16 161 3
179 246 2
22 162 3
80 233 1
125 165 2
107 188 7
195 227 1
133 164 2
10 93 2
128 200 1
77 140 1
98 175 1
138 193 5
181 233 16
215 237 1
79 207 1
127 233 2
69 158 1
88 152 1
43 145 3
162 216 1
123 138 10
137 209 17
97 195 3
141 247 2
148 223 9
12 230 3
151 168 2
144 189 10
87 255 17
33 66 13
14 162 5
159 262 1
112 146 3
122 233 1
114 116 6
55 170 1
144 165 1
162 217 1
152 170 7
42 200 1
62 211 2
25 48 20
84 186 2
193 233 1
132 136 3
106 162 6
216 248 1
114 259 2
37 125 2
83 262 8
7 74 3
23 222 1
66 229 5
189 255 2
200 239 7
89 100 8
62 181 5
188 231 9
145 239 16
127 215 1
28 231 3
93 148 3
56 239 1
50 255 5
4 97 7
10 88 2
40 45 4
97 125 17
185 208 1
179 197 1
140 179 5
52 162 11
114 257 10
13 133 3
127 262 1
39 238 1
56 226 4
151 215 1
56 234 2
152 163 10
146 211 4
65 198 3
56 164 1
106 228 3
33 100 12
17 52 1
45 198 2
157 163 7
14 100 5
49 137 2
68 215 3
164 220 5
177 255 2
21 88 1
87 166 2
49 158 15
28 234 1
135 239 2
163 196 9
25 54 9
75 88 8
134 151 1
57 138 4
136 220 1
84 230 1
170 228 3
130 233 5
62 100 4
76 186 2
97 166 1
145 179 10
202 224 1
170 256 15
91 91 1
62 230 11
28 224 1
122 230 1
45 93 2
93 249 2
66 85 1
61 71 3
73 230 1
65 113 15
61 65 7
162 220 7
37 88 2
26 217 3
13 43 9
11 239 1
64 100 1
97 112 7
106 209 2
168 246 3
127 137 2
36 164 3
231 254 1
201 233 1
17 262 1
205 234 2
7 50 8
173 229 1
77 132 12
74 246 12
49 151 2
98 142 1
28 262 2
145 256 4
79 147 1
87 257 3
161 168 8
97 246 7
50 212 1
142 169 1
151 200 1
50 80 4
74 167 4
49 49 15
36 166 1
97 211 19
88 243 3
162 175 2
135 164 5
10 138 11
13 62 2
25 45 8
12 261 1
82 97 2
90 166 14
80 229 9
65 181 12
29 142 5
198 226 4
202 234 2
127 234 9
223 246 6
97 100 12
186 217 3
13 145 4
209 243 2
13 14 7
49 211 12
170 208 3
113 128 1
61 231 34
62 112 1
89 162 6
180 231 2
64 162 3
13 189 7
166 220 8
230 259 3
142 228 2
88 116 3
152 159 1
125 140 11
4 106 2
220 237 4
163 241 1
151 224 2
151 167 4
69 75 3
241 263 1
212 262 2
25 232 1
129 209 3
25 50 2
88 113 12
37 37 5
228 261 6
100 108 1
98 163 3
129 233 5
61 90 10
247 249 2
36 61 3
24 256 1
33 45 10
157 161 2
75 241 5
36 148 11
45 223 2
161 258 4
182 231 1
132 253 3
243 263 11
79 259 1
161 188 10
181 263 7
172 231 4
65 239 5
80 224 2
106 158 5
173 179 1
102 234 2
158 244 9
164 212 2
33 141 20
200 243 2
76 237 1
125 127 1
22 236 2
244 262 6
119 239 2
73 138 9
52 233 7
95 135 1
164 248 2
86 138 4
16 87 1
141 197 1
205 230 7
95 233 5
162 195 4
198 236 1
144 195 1
132 178 9
4 261 9
177 186 3
174 239 1
138 258 5
79 260 9
112 125 10
5 229 1
201 234 1
18 69 1
113 123 2
65 163 7
132 201 8
74 231 6
87 226 11
64 161 1
9 231 1
200 231 7
140 254 2
166 170 14
69 69 1
137 168 3
86 117 1
143 247 2
50 220 2
24 148 5
17 143 2
18 230 4
78 125 1
65 229 8
80 88 11
4 17 4
35 186 4
41 179 2
52 111 1
229 244 3
12 48 6
146 236 4
66 83 1
13 226 4
107 191 3
49 166 2
92 181 1
107 243 7
210 230 3
116 246 20
162 191 6
14 68 13
88 125 15
226 256 5
37 142 3
36 237 4
37 198 2
165 237 1
29 161 2
87 189 8
40 195 6
10 10 6
43 260 1
87 260 4
49 239 3
89 226 2
7 87 11
186 196 7
62 162 2
106 144 5
12 211 3
14 163 3
17 181 11
33 239 17
91 107 1
145 151 3
161 191 1
38 192 2
209 263 14
54 113 1
15 148 1
17 233 2
163 212 1
106 148 9
234 258 3
226 244 2
196 262 9
98 138 12
140 160 5
164 228 6
100 174 2
161 227 1
135 148 1
68 260 4
41 226 2
83 260 4
140 243 8
91 161 5
63 97 1
52 256 1
26 162 4
65 225 4
21 79 3
25 159 1
113 126 1
237 247 1
45 127 1
148 195 6
74 260 4
113 178 1
211 223 6
14 90 3
65 238 1
25 248 1
43 247 1
12 238 1
28 162 6
68 130 2
65 137 10
217 231 1
71 231 1
13 227 3
51 68 2
106 107 4
66 143 1
87 195 1
138 241 5
37 100 5
142 260 6
66 198 1
21 161 1
11 50 2
12 234 3
48 71 3
129 236 6
118 170 1
162 165 2
28 164 4
76 230 3
33 225 2
50 247 3
161 250 4
62 68 4
134 249 3
79 130 3
7 239 14
225 237 3
68 200 4
217 246 2
211 257 4
10 233 3
107 175 1
113 225 5
83 237 8
4 129 1
41 78 2
50 227 3
157 234 3
37 62 2
54 162 2
95 231 4
52 61 1
45 143 3
88 169 2
145 181 3
145 255 2
18 237 2
4 80 3
83 160 1
254 259 2
52 263 1
40 246 16
179 249 8
74 148 19
160 170 3
143 179 1
66 68 9
136 238 1
143 209 3
189 237 3
48 134 5
107 131 1
62 113 5
4 255 2
216 237 2
22 88 2
36 181 5
45 80 3
48 220 11
211 228 5
10 144 1
74 147 3
40 68 12
100 188 5
71 170 1
114 195 2
82 113 4
158 189 9
7 78 1
17 261 5
112 198 2
215 230 2
116 262 5
189 239 2
141 168 9
226 257 1
148 160 1
75 218 1
17 255 3
23 48 1
167 263 2
125 189 8
48 159 4
100 213 5
41 211 7
52 226 1
75 242 1
17 141 1
26 231 2
81 244 1
125 219 1
68 197 1
162 240 1
93 164 5
54 170 2
45 168 3
134 163 4
26 48 1
33 80 2
36 209 1
25 255 6
235 256 1
170 171 2
41 209 2
61 237 11
235 246 3
112 239 5
125 166 4
75 261 7
33 256 5
141 200 5
134 141 3
155 249 2
170 257 5
113 152 4
144 225 7
88 157 1
41 235 3
7 209 4
160 209 1
72 113 1
76 181 4
88 160 3
148 225 15
220 236 8
36 146 1
89 151 1
91 234 1
87 179 6
125 223 4
143 196 2
80 142 6
155 181 2
82 163 6
132 206 4
51 75 1
232 262 8
17 74 5
78 237 1
73 161 1
68 257 6
40 237 6
4 40 4
92 161 6
51 233 1
198 256 2
1 161 2
90 152 10
67 230 4
8 10 1
8 8 1
33 43 9
212 234 1
142 196 3
188 233 1
186 248 1
74 159 8
87 223 2
173 233 2
168 170 3
166 168 4
112 223 1
69 261 1
88 93 1
224 256 4
235 238 1
164 202 6
170 250 16
107 197 1
112 188 2
32 246 3
95 143 3
143 260 1
45 225 2
61 263 3
7 181 4
100 180 1
114 152 3
89 97 5
78 163 1
113 188 10
197 234 1
40 209 7
40 52 3
49 232 2
97 209 5
100 136 2
50 189 1
134 244 1
166 195 1
92 218 1
189 229 3
90 147 1
136 166 1
89 106 1
12 125 2
53 162 2
38 100 1
4 226 5
16 48 2
246 259 1
82 148 5
89 90 7
61 76 2
127 140 4
17 189 5
188 239 3
130 263 1
69 236 3
164 221 1
158 215 2
82 236 7
125 257 2
56 90 3
136 186 3
179 239 4
201 247 1
100 191 2
68 183 1
33 42 1
60 186 1
14 65 1
162 174 1
45 61 7
171 246 1
250 262 3
65 263 2
122 170 2
36 65 1
93 144 2
7 112 5
67 100 4
43 80 3
169 250 1
143 205 2
83 233 1
72 231 2
45 256 8
141 157 4
54 107 3
47 100 2
76 234 3
74 78 1
95 114 8
81 239 1
36 114 8
52 232 1
210 227 1
120 164 1
113 247 2
19 138 3
89 238 1
166 241 3
13 127 1
167 237 5
1 138 1
54 181 2
43 49 1
18 162 2
74 256 2
137 260 4
142 208 3
80 209 3
90 91 1
83 225 2
97 236 4
89 257 3
85 114 2
3 186 1
91 255 1
229 257 5
185 186 1
7 13 3
78 114 3
166 212 1
36 158 3
73 132 9
42 93 2
244 261 5
113 157 1
127 247 1
83 249 1
185 263 1
82 258 1
106 114 4
13 61 5
79 81 2
170 185 2
42 108 1
25 261 13
66 217 1
11 163 2
85 231 3
24 125 3
112 129 3
48 225 9
36 68 6
83 107 3
21 141 2
28 43 1
6 138 1
48 215 3
114 260 2
18 132 4
18 18 2
181 209 14
215 244 2
132 172 1
55 230 4
33 255 8
54 125 2
33 93 1
236 254 2
78 159 1
200 236 4
56 151 1
144 175 1
97 229 6
144 152 2
63 76 2
37 90 8
200 254 1
18 74 1
25 143 4
14 50 3
129 247 1
137 146 3
61 140 3
45 263 6
100 212 2
50 93 1
80 166 1
1 162 2
41 97 2
37 65 7
88 189 8
45 240 1
14 237 4
87 129 2
74 181 1
144 228 7
55 163 2
74 95 1
220 233 3
4 224 12
52 195 2
76 155 2
7 41 1
33 72 1
146 202 4
69 239 3
35 46 1
14 233 4
14 210 4
167 182 1
119 235 1
37 161 10
188 198 1
40 226 1
69 100 2
78 210 1
31 186 1
158 210 1
4 235 1
88 195 3
88 251 1
161 208 4
82 166 1
135 230 7
20 137 1
97 263 4
50 190 1
69 234 2
137 174 1
203 254 1
97 137 5
43 226 6
80 239 2
190 209 1
186 198 3
61 225 6
41 247 2
168 236 5
162 250 2
134 170 1
37 66 2
144 223 10
161 194 1
95 236 2
107 177 1
88 155 1
49 263 3
168 231 5
17 66 5
69 74 5
193 237 1
114 210 1
125 151 7
40 163 6
45 52 2
236 257 2
36 261 4
14 211 4
75 147 3
151 216 1
49 112 4
56 161 3
117 248 1
40 43 1
107 257 2
24 144 5
4 181 6
88 239 9
127 143 8
138 205 3
68 227 1
55 177 1
36 227 1
73 114 1
220 231 2
151 208 2
106 211 2
88 145 6
13 97 6
146 148 5
147 246 1
36 198 3
89 144 3
158 217 2
42 242 2
48 54 3
43 62 1
37 239 1
4 215 2
106 237 3
32 151 1
4 7 3
189 256 1
10 92 1
213 246 1
61 156 1
45 106 1
70 85 2
14 158 5
112 158 3
42 179 1
107 165 1
116 229 6
40 114 14
180 249 3
62 143 1
19 259 1
42 232 4
79 85 3
100 123 3
215 215 2
74 92 1
17 108 1
42 147 1
78 230 2
163 247 2
71 136 1
33 228 1
75 127 4
75 181 2
50 232 3
75 77 6
54 144 5
38 219 1
37 48 7
107 198 9
100 216 1
181 260 1
4 12 1
132 248 3
17 90 4
25 228 2
54 211 4
36 112 3
143 235 1
74 119 1
177 195 1
225 226 5
37 49 1
50 168 8
48 216 4
177 261 1
130 234 1
4 143 7
162 225 4
100 120 1
79 171 1
173 226 1
223 260 4
74 194 3
10 162 2
20 132 6
37 233 3
95 196 4
93 173 1
50 83 1
28 263 3
79 83 2
123 142 1
142 217 1
203 216 1
1 148 1
194 194 3
79 134 2
138 153 2
97 261 8
62 142 1
40 100 6
82 173 2
225 229 2
7 173 6
45 257 1
80 124 1
142 165 1
114 202 1
37 143 1
100 130 2
18 163 3
141 196 4
216 261 1
143 175 1
78 143 4
197 236 2
29 186 1
47 237 1
51 243 1
42 248 2
146 151 2
151 179 2
80 163 5
163 210 1
42 69 7
143 178 1
70 146 1
88 228 3
215 239 4
134 186 3
49 189 12
157 157 2
141 150 1
142 193 3
26 142 7
25 43 6
162 247 1
174 233 1
48 190 2
130 145 2
130 164 1
122 130 1
257 257 2
75 130 1
85 228 2
1 219 1
130 231 1
20 138 2
10 243 1
79 108 2
93 163 2
49 177 3
93 237 4
76 76 1
75 211 10
9 138 6
4 130 1
107 195 3
47 236 1
18 148 2
97 238 3
79 82 2
116 250 1
129 232 4
129 186 9
193 246 2
248 261 1
90 177 3
93 238 2
126 162 1
35 141 1
215 232 1
82 238 1
93 229 3
10 263 2
215 236 1
132 250 6
158 228 1
196 211 1
101 138 2
93 130 2
28 233 1
93 263 4
70 197 1
10 79 3
141 219 2
48 248 4
92 92 1
138 212 2
185 226 1
1 163 1
90 93 1
223 244 2
230 248 1
7 197 1
21 230 1
67 107 2
28 152 2
10 90 2
231 260 3
138 195 3
93 93 1
50 169 1
15 186 2
125 168 1
68 179 9
90 157 2
68 157 1
56 238 1
143 219 1
62 239 1
28 240 1
18 68 2
95 140 8
10 87 5
116 126 2
43 261 8
36 140 2
49 141 5
129 246 2
236 242 3
140 167 1
196 246 2
43 189 6
76 164 1
140 165 2
95 193 16
108 236 2
82 193 4
129 261 1
28 163 5
161 182 2
127 249 7
52 189 2
33 54 5
36 256 3
66 232 1
114 175 1
178 233 1
61 217 1
91 230 2
100 189 5
25 74 3
50 153 1
45 239 6
113 254 3
81 162 4
28 107 2
21 160 1
169 249 1
1 68 3
130 170 3
140 159 4
82 255 2
127 164 5
100 185 2
137 165 1
48 108 1
83 146 8
17 88 5
83 193 5
146 196 2
162 188 2
100 258 1
165 233 3
142 189 10
65 89 3
8 138 1
38 238 1
164 217 1
48 173 2
124 161 3
45 166 3
145 157 3
144 190 2
162 215 2
55 249 2
237 248 1
12 100 2
102 237 3
68 102 1
83 234 3
82 249 2
91 163 2
66 137 2
193 258 1
39 79 1
189 262 1
80 225 2
131 146 3
135 146 4
149 161 3
79 193 4
88 256 8
13 147 1
88 95 4
189 195 2
130 161 2
36 142 1
35 74 1
24 209 2
127 141 3
160 163 4
167 262 1
88 89 3
158 255 19
74 226 3
12 164 2
49 66 4
32 68 1
152 241 1
49 217 1
14 54 2
137 254 1
61 93 1
84 164 1
149 234 1
197 249 1
95 160 2
79 254 1
7 238 3
7 97 2
50 92 1
146 216 1
54 249 5
135 237 4
26 114 2
93 146 1
133 144 2
71 186 1
52 225 1
91 180 1
80 140 2
76 179 1
67 138 2
116 232 1
17 237 4
107 217 3
125 188 3
41 136 2
94 244 1
118 138 1
170 188 3
116 174 1
70 129 2
88 146 1
157 193 1
118 161 1
42 247 4
102 162 4
112 232 7
135 205 1
216 216 7
66 164 9
225 225 7
37 166 1
159 161 1
34 144 1
37 189 2
25 91 1
93 231 2
75 232 5
134 134 2
17 211 6
196 237 8
69 137 1
157 231 2
138 147 5
75 212 2
65 74 1
75 216 2
16 164 2
7 261 7
64 186 1
136 140 2
89 125 2
135 193 1
226 253 1
145 198 1
192 231 1
76 161 2
23 230 1
90 106 5
43 65 3
144 226 9
190 261 2
45 188 1
13 22 1
97 165 2
42 205 3
74 182 1
205 236 3
4 50 6
81 233 1
131 141 4
143 208 2
87 93 1
35 162 1
134 135 2
88 226 3
92 114 2
68 81 1
161 189 10
164 193 1
157 179 2
128 238 2
66 256 5
79 167 1
45 140 6
140 157 3
161 200 6
41 125 7
61 246 7
62 261 6
191 229 2
164 188 7
72 256 1
116 159 3
121 141 3
89 229 3
148 213 2
106 195 2
197 238 1
161 205 3
137 156 1
164 200 3
42 95 1
83 196 1
100 241 3
138 250 2
174 263 2
88 225 1
162 228 3
41 119 2
74 247 2
100 197 3
62 125 2
27 132 2
28 186 3
152 246 7
220 230 12
26 88 1
26 26 2
260 261 1
153 161 1
52 209 5
244 260 1
162 201 2
208 213 1
177 249 3
163 205 1
170 216 4
158 256 10
189 228 2
13 42 4
33 112 4
141 174 2
34 132 3
179 211 6
91 130 1
40 72 1
54 88 5
138 185 3
161 195 2
10 231 1
51 162 2
31 116 1
20 161 2
63 164 1
151 160 1
225 233 1
7 244 2
166 248 4
228 229 1
158 198 2
68 216 2
48 70 1
52 237 5
36 125 1
130 262 1
195 231 2
195 230 3
121 186 2
40 233 2
159 247 1
228 237 2
28 143 1
42 47 1
82 140 4
56 260 1
182 230 6
35 35 2
157 164 7
25 188 3
157 186 2
17 256 7
148 149 1
78 246 6
193 226 4
107 258 3
133 170 2
133 244 1
76 163 2
50 155 1
134 238 2
54 100 3
162 177 17
33 262 3
61 72 1
128 230 1
66 181 10
65 140 3
11 164 1
35 86 1
137 188 3
151 232 1
100 251 1
100 175 2
255 262 3
112 166 1
123 164 2
133 234 2
142 174 1
22 239 1
50 215 1
11 230 1
171 229 1
205 246 2
168 254 2
62 90 4
45 82 1
141 225 1
87 190 2
216 231 4
131 186 1
148 185 1
230 235 3
137 258 1
165 234 2
80 97 3
18 90 4
22 231 2
88 202 3
220 229 3
42 261 1
88 166 1
107 225 5
48 67 2
19 226 1
17 40 1
22 181 2
37 164 7
143 173 2
100 257 6
228 230 4
82 116 2
152 189 1
203 249 1
48 131 2
141 216 3
67 164 1
22 100 4
65 106 1
87 196 2
15 162 3
162 200 3
189 232 7
40 189 2
43 196 3
112 196 2
16 79 1
48 241 2
45 195 1
51 74 1
56 141 3
39 143 1
93 234 3
227 239 1
167 230 2
161 221 1
106 161 5
13 80 5
41 94 1
177 234 1
197 230 5
25 80 1
16 263 1
124 263 1
8 112 1
66 125 5
140 193 3
190 249 4
52 125 2
100 227 3
6 230 1
152 233 1
37 97 3
13 112 5
68 133 4
119 162 2
239 259 2
68 70 2
144 217 1
61 232 2
112 151 3
116 144 2
17 75 1
12 88 1
180 234 2
163 215 2
249 260 2
13 160 9
34 114 1
52 54 2
54 230 5
70 226 1
75 134 1
161 220 6
68 182 2
144 247 1
61 112 2
163 188 2
146 231 1
80 179 2
69 90 3
164 171 2
160 224 1
83 263 4
22 233 1
61 238 1
248 249 1
100 217 2
28 48 4
14 97 3
88 257 3
162 212 2
49 261 5
225 261 3
25 168 2
67 210 1
203 215 2
152 237 3
78 233 2
136 231 1
9 233 1
164 225 7
31 138 1
80 226 3
56 196 1
197 223 1
17 164 9
189 233 2
93 161 5
29 66 1
31 132 1
134 230 5
90 219 1
106 227 2
188 256 2
33 179 1
164 242 2
18 164 2
13 165 2
17 146 2
56 142 1
143 189 2
10 215 2
114 190 2
17 39 1
57 237 1
141 160 4
66 95 1
165 209 1
123 237 1
55 261 1
8 237 1
65 80 3
80 198 4
170 196 4
66 228 1
100 215 1
48 135 1
32 186 1
183 236 2
210 231 1
14 43 3
65 151 2
140 197 3
184 186 1
14 88 7
28 145 2
163 220 6
87 89 7
96 146 1
200 234 4
93 107 4
13 223 1
112 257 2
54 239 1
85 262 1
100 235 5
40 261 4
149 163 1
54 246 2
50 66 2
178 229 2
137 225 2
89 136 1
133 161 7
61 188 2
34 211 1
10 76 3
186 254 1
169 236 2
223 232 3
143 220 1
91 143 1
10 163 1
119 262 1
37 75 1
67 162 2
53 161 1
223 243 1
140 241 1
167 244 2
22 237 1
16 163 1
113 227 2
213 262 3
165 261 6
62 186 3
220 259 1
186 252 2
49 140 2
120 141 1
143 145 4
20 143 2
13 169 1
87 109 1
180 230 1
89 189 2
126 151 1
125 198 1
170 217 1
130 226 1
155 163 1
134 164 1
127 231 5
22 161 2
12 148 3
164 258 2
18 263 3
36 49 2
16 162 1
133 148 3
182 237 2
82 256 1
68 85 2
137 242 1
226 262 1
153 243 1
13 225 1
177 232 1
22 133 1
62 229 2
165 230 3
132 251 1
27 234 1
54 97 2
71 72 2
48 102 1
31 143 1
143 182 2
257 261 3
136 230 4
124 157 1
88 220 1
43 193 1
29 48 1
159 159 1
89 158 3
102 170 6
239 257 1
33 36 1
179 238 4
241 262 3
90 260 3
74 203 2
186 258 2
37 137 5
246 258 1
24 179 1
116 125 1
26 239 1
163 174 2
215 233 5
35 50 7
208 208 1
102 186 2
97 237 7
15 161 3
62 106 6
141 210 1
118 132 2
41 213 1
49 262 1
47 159 2
173 238 1
64 163 1
97 188 3
158 165 1
36 225 1
131 164 4
46 163 1
138 149 5
22 211 1
69 114 2
50 56 2
13 216 1
80 262 1
166 223 2
226 255 5
36 170 4
107 135 3
43 52 4
43 93 1
149 233 5
66 188 2
137 190 1
37 56 1
165 165 5
98 186 1
3 161 1
65 149 3
130 238 1
62 237 2
100 210 1
16 100 1
67 239 1
114 173 1
130 230 4
119 263 3
7 248 1
120 238 1
95 198 1
161 210 2
16 186 3
147 239 1
52 236 3
191 233 1
37 77 1
72 164 1
126 152 1
223 224 1
88 147 1
24 78 2
106 142 3
158 202 1
125 130 1
182 261 1
193 260 2
50 188 1
87 116 5
74 136 1
88 91 1
7 166 2
13 213 1
32 249 1
75 80 1
56 237 2
7 198 1
18 229 1
174 209 1
173 186 1
33 250 1
85 97 2
24 94 1
36 36 5
216 239 2
28 226 1
12 97 1
195 255 1
63 231 1
161 248 2
56 70 1
47 231 1
155 261 1
145 209 1
36 235 1
141 188 2
145 262 1
74 146 5
153 249 1
61 233 1
170 210 2
136 232 3
4 257 2
152 168 4
170 197 4
212 242 1
212 247 1
165 249 3
186 221 1
12 132 1
49 238 3
69 127 1
127 229 1
31 249 1
58 68 1
157 260 1
3 48 2
4 189 2
29 238 1
194 238 1
186 219 1
85 90 1
90 195 1
119 138 4
236 258 2
100 159 3
48 197 2
43 88 6
131 233 1
190 239 1
75 215 1
69 140 2
166 169 1
223 261 1
15 237 1
88 244 2
5 138 1
114 216 1
235 236 2
28 140 2
151 225 1
106 140 1
10 164 2
90 198 1
54 237 1
202 211 3
127 241 4
39 87 1
94 231 1
65 244 1
48 136 2
146 224 2
117 181 3
178 186 1
127 162 6
142 225 2
140 185 1
95 166 1
142 252 2
35 140 1
92 233 1
45 227 2
89 143 1
70 148 2
158 227 1
129 244 1
179 244 1
198 246 1
217 239 1
202 233 6
68 173 1
21 162 1
45 255 5
238 253 1
10 262 1
46 249 1
75 94 2
194 223 2
89 112 1
195 233 1
90 108 1
25 37 1
72 161 1
169 239 1
130 134 2
74 213 3
93 166 3
137 257 3
138 248 1
33 151 3
227 249 1
181 191 2
106 129 1
228 246 2
138 175 3
142 227 1
74 187 1
212 236 1
113 190 3
32 235 1
40 256 1
41 93 3
67 67 2
25 89 5
135 186 2
74 157 1
135 163 4
159 232 1
107 227 1
80 141 2
28 79 1
157 223 2
87 157 1
92 230 2
195 239 1
41 61 1
45 74 1
142 213 1
220 234 2
65 196 1
9 163 1
116 119 1
55 74 1
52 129 1
109 164 2
48 171 3
70 193 1
220 235 1
186 190 2
134 145 2
61 236 1
7 17 1
83 114 1
61 228 1
76 188 10
25 177 4
66 209 10
51 78 1
17 25 4
28 134 1
82 87 1
152 211 1
119 186 1
223 226 3
40 75 1
42 209 4
20 31 1
43 255 6
61 195 1
94 235 1
19 142 1
108 246 1
130 212 1
193 211 7
186 210 1
37 217 1
182 242 1
39 163 1
144 177 1
63 161 1
17 232 2
102 198 1
74 112 1
186 192 1
11 100 2
24 87 1
42 241 1
68 93 5
102 249 1
17 17 4
138 235 4
235 244 2
100 171 2
55 186 1
130 166 1
48 92 3
93 100 2
82 88 1
10 140 1
4 74 3
102 263 2
174 185 1
61 89 4
100 121 1
129 205 1
227 231 2
61 173 1
35 147 1
49 228 2
55 142 3
35 189 1
77 194 3
94 141 1
13 257 2
18 236 2
37 229 2
26 165 3
140 198 1
28 68 1
79 94 1
69 246 1
90 146 4
75 182 1
114 168 2
32 208 1
65 224 1
41 120 1
243 256 1
112 209 3
108 263 1
161 180 1
26 29 2
42 224 3
140 169 1
4 152 1
142 210 3
42 226 1
82 226 6
57 162 1
174 249 1
94 249 2
39 255 1
4 167 1
16 234 4
42 169 2
32 125 1
178 237 1
151 256 1
176 186 1
75 226 2
97 257 2
11 222 1
52 255 2
71 76 2
126 169 1
138 155 3
3 239 1
39 231 2
69 165 1
38 250 1
130 250 2
80 93 1
107 184 1
136 244 1
91 149 1
25 263 6
68 258 1
142 183 1
145 232 3
39 234 2
72 186 2
66 261 4
191 191 2
41 191 1
68 124 1
42 177 1
14 69 1
82 102 1
146 255 1
35 85 1
37 76 1
130 130 1
70 233 1
56 68 3
10 161 2
77 191 5
93 140 1
177 231 1
12 236 1
70 114 4
64 64 2
93 233 1
82 125 1
124 248 1
129 179 5
113 212 7
22 65 1
29 138 1
114 228 1
71 79 1
167 186 1
135 168 3
136 246 2
146 241 1
100 119 2
135 161 2
34 112 1
46 138 1
47 143 1
71 100 2
87 134 2
178 230 1
125 152 1
54 234 2
62 65 2
135 244 1
113 169 1
47 167 1
69 79 1
22 22 1
20 168 1
72 144 1
174 200 1
227 234 1
48 73 1
48 227 2
120 142 1
167 174 1
167 232 1
25 47 1
159 238 1
45 179 1
186 212 2
138 194 1
17 76 2
47 246 1
161 190 1
21 163 1
13 49 2
39 202 9
158 195 2
35 235 1
86 114 1
51 186 2
119 132 3
116 173 1
93 127 3
248 248 1
13 37 1
69 159 1
41 259 1
217 261 1
10 158 1
213 213 1
30 138 1
198 219 1
49 255 2
43 200 1
66 145 1
96 164 1
134 239 1
85 88 1
75 225 2
92 239 1
134 142 2
97 168 2
146 256 1
67 114 3
41 257 1
129 158 1
87 200 1
62 88 2
134 146 1
174 244 1
70 74 1
89 233 2
52 66 3
89 166 1
229 248 1
128 143 1
68 139 1
141 198 4
61 143 1
95 144 1
198 255 1
87 150 1
246 247 1
133 209 1
87 146 2
97 160 1
16 144 1
210 241 3
214 233 1
14 227 2
75 259 1
95 238 2
116 261 2
225 236 2
61 141 1
48 72 1
69 238 3
88 198 2
142 198 1
14 209 1
41 80 2
125 244 3
170 219 1
97 140 4
77 138 2
126 126 1
126 247 1
93 255 1
138 201 2
163 178 1
20 79 1
37 117 1
170 213 6
170 254 2
26 225 1
48 117 1
137 227 1
42 87 7
141 227 1
161 185 1
112 219 1
92 151 1
166 261 2
15 164 1
92 237 1
234 242 1
135 246 1
29 164 1
60 246 1
241 244 1
34 100 1
52 137 3
72 246 1
85 140 1
87 219 1
128 138 2
165 246 2
107 159 2
19 100 1
56 129 5
164 169 1
35 242 1
36 115 1
39 142 2
37 93 1
125 129 1
170 227 1
148 177 1
28 158 1
212 229 3
33 166 1
37 52 1
39 41 2
28 142 2
185 233 3
60 75 2
220 220 2
100 198 2
254 261 1
182 239 1
43 70 1
137 212 1
93 116 1
55 232 1
28 50 1
93 151 1
13 129 3
16 261 1
10 157 1
108 164 1
36 229 4
72 236 3
11 233 1
85 163 1
32 43 1
9 107 2
13 220 1
16 68 22
190 246 2
76 79 1
62 89 1
36 189 1
19 185 1
217 229 1
45 123 1
115 164 1
80 190 1
60 262 1
107 212 2
60 60 1
25 190 2
100 128 1
123 161 3
98 98 1
62 189 1
113 135 4
144 227 2
66 90 5
81 142 2
155 246 1
107 220 3
73 79 1
18 116 1
179 231 3
119 151 1
219 231 1
24 147 1
161 173 1
91 239 1
54 137 2
48 178 1
138 242 4
60 230 1
173 211 1
170 218 1
160 164 2
42 127 1
37 238 1
35 142 1
68 171 1
164 191 1
161 169 1
15 146 1
182 244 1
60 161 1
87 169 1
193 239 2
97 143 2
87 202 2
34 138 2
114 124 1
37 112 2
100 248 1
200 255 1
213 215 1
14 45 1
149 186 1
141 259 1
150 170 1
54 164 3
125 225 4
196 234 6
1 90 1
51 126 2
148 153 1
168 232 1
69 145 1
94 233 1
175 186 1
12 50 1
66 225 1
52 106 1
90 227 1
145 224 2
55 196 1
130 141 2
119 234 1
194 236 3
43 168 2
56 186 1
28 261 1
54 161 3
1 76 1
202 231 1
25 41 1
48 174 1
107 210 3
197 200 1
28 193 1
237 251 1
24 223 1
1 164 2
80 95 1
91 211 1
185 213 2
136 237 2
200 237 1
173 239 2
158 188 2
42 243 3
200 229 1
70 246 1
208 231 1
97 145 1
41 49 1
65 133 1
20 166 1
144 179 4
164 215 2
130 163 1
68 155 1
96 107 1
69 229 2
72 114 2
170 172 1
48 119 3
51 236 1
87 243 4
52 89 1
63 186 1
236 241 1
129 157 1
46 97 1
75 202 1
201 230 1
92 260 2
46 186 1
48 160 2
14 33 2
166 255 1
43 97 3
174 246 1
142 197 2
142 153 1
54 89 1
11 158 2
1 231 1
76 88 1
189 198 1
106 166 1
66 106 1
43 169 1
168 186 4
151 181 1
34 256 1
127 235 1
1 181 1
227 256 1
97 98 1
142 241 1
91 233 2
197 231 1
54 261 2
61 91 4
17 244 1
43 194 1
148 171 1
162 192 2
87 165 2
97 179 1
39 68 1
153 238 2
143 146 2
37 257 1
143 256 1
54 68 5
162 205 2
52 228 2
170 198 4
51 238 1
131 193 1
70 80 1
11 261 2
87 95 5
189 209 4
140 200 1
78 162 1
121 164 1
170 241 1
95 97 1
48 169 2
62 228 1
156 228 1
181 198 1
97 226 1
106 197 1
168 248 1
26 263 1
31 148 1
158 251 1
113 147 1
32 181 1
135 209 1
113 241 1
43 256 2
209 226 2
50 205 2
151 165 1
90 121 1
164 247 1
21 90 1
4 54 1
21 65 1
49 80 1
87 244 6
11 68 1
142 254 1
82 198 2
215 234 1
41 112 2
144 198 1
107 259 1
143 168 1
93 113 1
161 259 1
70 145 2
48 217 1
106 244 1
66 195 1
21 181 3
198 239 3
90 193 3
76 231 2
95 260 1
224 226 1
39 74 5
76 151 1
143 200 1
85 91 2
114 220 2
138 253 1
114 215 1
68 217 2
133 228 1
119 161 1
127 200 2
33 37 1
195 209 1
133 231 3
69 142 1
48 208 1
68 195 2
136 182 1
92 130 1
197 216 2
35 39 1
95 137 3
246 260 1
147 236 1
13 179 1
20 152 1
92 238 1
24 224 2
133 137 2
42 78 1
141 228 2
76 85 1
21 239 1
145 202 2
68 83 1
33 257 1
228 255 1
54 195 1
13 228 3
37 82 1
145 191 1
48 51 4
148 202 1
41 250 1
125 220 1
74 243 3
38 48 2
45 235 1
130 258 1
141 167 1
102 163 1
157 263 1
41 193 1
62 177 2
147 163 1
211 214 1
20 112 1
74 120 1
47 235 1
100 176 1
7 130 1
148 259 1
97 247 1
227 237 1
217 234 2
113 179 1
129 152 2
128 211 1
53 145 1
68 76 2
37 151 1
113 134 1
102 107 1
60 193 1
41 169 1
147 225 2
17 45 5
56 244 1
25 36 2
157 232 1
175 230 1
26 261 1
64 93 1
147 186 1
52 239 1
198 231 3
48 77 1
164 214 2
169 246 1
47 151 1
140 152 1
87 182 1
160 238 1
134 211 1
131 226 1
39 191 4
136 141 1
177 211 1
49 157 1
157 237 1
90 250 1
42 219 1
49 76 8
209 223 1
69 161 2
40 263 1
250 263 2
76 100 1
229 258 1
7 80 1
89 119 1
129 166 1
212 248 2
116 233 1
247 254 1
244 259 1
126 132 1
173 249 2
43 202 1
74 188 1
162 214 1
230 242 1
166 247 1
40 257 1
219 229 1
13 136 2
68 92 1
6 233 1
219 258 1
75 78 1
68 159 1
74 211 2
52 145 1
92 142 2
112 260 3
55 82 1
13 202 1
85 256 4
22 149 1
45 172 2
46 132 1
101 134 1
13 106 2
69 205 1
128 142 1
68 196 2
79 210 1
129 171 1
3 170 1
207 260 1
90 160 2
135 234 1
40 232 1
83 93 1
34 49 1
74 97 1
25 62 3
116 158 5
128 239 1
32 100 1
80 236 2
43 181 4
202 246 1
179 232 1
49 224 2
130 140 1
71 74 1
83 246 1
14 40 1
82 112 1
129 151 1
190 232 1
9 255 1
97 129 1
10 177 1
35 230 4
216 236 1
137 152 2
35 158 1
75 120 1
134 229 2
79 197 1
21 237 1
7 55 1
36 239 1
42 125 4
73 129 3
38 64 1
89 198 1
64 173 1
155 186 1
242 263 1
123 229 1
116 211 1
33 145 1
193 262 2
29 125 1
14 172 1
149 243 1
71 151 1
166 200 1
4 128 1
34 181 1
133 133 1
61 123 1
43 54 1
7 243 1
163 235 1
198 261 1
56 246 1
158 257 1
19 188 1
69 231 1
13 16 1
13 35 1
71 210 1
163 171 1
29 100 1
226 232 1
163 190 1
217 238 1
42 71 1
140 247 2
80 168 1
119 164 2
180 181 1
148 207 1
228 232 1
128 128 1
253 253 2
243 253 1
252 252 1
27 186 1
45 147 1
7 42 2
241 246 1
79 119 1
173 223 1
179 226 1
72 91 1
68 212 1
85 162 1
114 160 1
168 247 1
80 151 1
123 129 1
145 216 1
200 263 2
79 168 2
13 85 1
137 244 2
51 241 1
51 136 2
10 113 2
49 223 1
22 79 1
60 234 1
129 255 1
42 235 1
20 237 1
70 163 1
144 173 1
13 259 8
126 193 1
144 157 1
117 235 1
188 216 2
92 170 1
11 48 1
89 236 1
162 257 3
250 250 5
92 242 1
13 70 1
236 240 1
90 235 1
147 234 1
93 160 2
4 10 1
77 222 1
62 158 1
82 225 1
90 217 1
116 168 2
87 187 1
116 226 1
17 216 1
212 212 1
107 167 1
93 129 1
138 176 1
93 209 1
26 243 1
100 250 1
74 174 2
50 241 1
129 262 3
14 140 1
137 220 1
210 238 3
248 263 4
150 230 3
156 170 1
98 263 1
88 159 1
68 193 1
135 249 1
190 236 1
101 162 1
25 71 1
126 142 1
37 237 1
48 105 1
181 243 1
146 191 1
43 146 4
153 231 2
17 62 1
213 233 1
166 181 2
234 245 1
32 135 1
66 89 2
195 211 1
47 138 1
67 161 2
7 95 4
45 146 1
65 77 1
14 263 1
227 230 1
62 236 2
162 248 1
36 113 2
136 174 1
169 234 1
75 248 1
90 190 2
87 227 1
68 169 1
35 87 1
166 189 1
12 181 1
11 113 1
202 261 2
10 223 1
74 125 1
208 263 1
71 239 1
161 240 1
123 236 1
228 234 3
35 79 1
149 230 1
183 186 1
41 183 1
42 126 1
243 259 1
26 90 1
210 232 1
66 166 1
12 158 1
7 215 1
81 132 1
69 168 1
132 207 1
67 158 1
93 256 1
113 219 1
165 170 1
117 230 2
239 247 1
106 225 1
93 135 1
181 217 4
6 164 1
43 91 1
67 246 1
170 195 1
186 201 1
143 213 2
174 247 1
107 190 1
10 137 1
37 226 1
113 160 1
43 89 2
18 234 2
79 92 1
40 82 1
62 144 1
50 54 1
51 167 1
89 165 1
167 247 1
142 150 1
10 114 1
37 224 1
80 228 2
49 71 1
78 120 2
97 141 3
61 168 1
68 247 1
202 236 1
123 162 1
159 234 1
131 170 1
63 74 1
18 100 2
67 231 3
116 137 1
85 89 1
145 212 1
186 214 1
106 233 1
145 225 1
22 164 3
6 163 1
37 140 1
50 146 1
68 117 1
163 194 1
24 232 1
48 250 1
231 252 1
15 231 1
15 15 1
163 195 1
82 92 1
35 231 1
90 134 1
32 90 1
39 208 1
66 238 1
26 170 1
119 231 1
188 190 3
64 79 1
131 163 19
168 212 2
188 237 1
183 263 1
9 215 1
155 229 1
231 248 1
33 74 1
134 261 3
119 119 1
13 39 1
114 196 1
14 21 1
41 181 1
70 249 1
39 61 1
39 161 1
136 170 1
32 114 1
113 168 3
80 223 1
106 261 2
87 214 1
34 48 1
111 161 1
29 65 1
130 186 1
96 263 1
20 90 1
162 178 1
98 164 1
39 126 1
68 160 1
160 256 1
147 231 1
188 263 1
12 189 2
34 37 1
185 262 1
200 233 1
56 65 1
65 188 1
1 211 1
119 236 1
25 243 1
43 171 1
72 97 1
70 234 1
188 188 1
7 182 1
92 186 1
63 189 1
5 230 1
97 190 1
14 189 1
119 142 1
4 151 1
48 195 1
98 113 2
190 231 1
92 113 1
73 186 1
133 261 2
87 92 1
69 141 4
161 254 1
54 228 1
64 249 1
206 230 1
168 215 1
163 227 1
189 190 2
50 133 1
64 136 1
43 241 1
25 155 1
175 249 1
66 239 1
43 159 1
159 182 1
40 239 1
61 66 2
95 232 1
173 196 1
70 88 1
234 235 1
71 164 1
146 158 1
235 249 1
92 166 1
63 158 1
48 205 2
70 170 1
148 201 1
62 97 1
111 230 1
164 190 1
11 186 1
210 246 1
61 62 3
117 186 3
131 162 1
56 74 1
39 130 1
123 181 1
35 107 2
88 206 1
13 95 1
79 247 2
12 33 2
179 261 2
136 148 1
136 249 1
38 170 2
66 260 1
162 180 1
97 146 1
41 220 2
102 161 2
77 79 2
181 223 1
32 76 1
22 158 1
39 91 1
39 71 1
71 85 1
85 85 1
64 237 1
28 66 1
78 86 1
163 185 1
56 163 3
97 260 1
123 186 1
112 228 1
204 230 1
125 227 1
14 61 1
134 194 1
67 87 1
68 111 1
74 179 2
114 221 1
131 161 1
20 142 1
11 49 1
43 191 1
135 238 1
232 260 1
65 235 1
107 123 1
87 241 1
43 225 1
48 147 1
88 254 1
121 237 1
163 193 1
217 233 1
162 219 1
195 261 1
226 228 1
17 223 1
107 172 1
134 260 1
148 227 1
71 256 1
47 75 1
185 234 1
88 165 1
98 170 1
36 224 1
9 161 1
68 235 2
29 50 1
10 261 1
78 161 1
17 43 1
24 261 1
66 223 1
140 228 1
216 234 1
75 126 1
165 263 1
168 169 1
177 236 1
83 90 1
7 188 1
235 239 1
125 146 1
113 213 1
162 213 1
65 117 1
85 255 1
157 262 1
221 246 1
97 177 2
65 258 1
82 179 2
249 258 1
67 68 1
121 162 2
170 235 1
83 239 1
49 75 1
155 231 1
227 228 3
7 53 1
164 208 2
17 188 1
113 149 1
77 97 1
49 188 1
73 170 1
72 79 1
91 100 1
55 164 1
8 146 1
170 178 2
196 236 1
34 237 1
183 249 1
134 140 1
79 128 1
136 162 1
25 83 1
10 186 1
66 189 1
89 224 1
210 261 1
76 97 2
75 129 1
161 245 1
88 123 1
65 257 1
65 190 1
209 244 1
67 249 1
85 189 1
141 189 1
25 197 1
125 216 1
26 158 1
43 45 1
65 91 1
61 167 1
188 209 1
195 256 1
43 197 1
160 261 1
163 252 1
229 247 1
72 76 5
155 230 1
85 181 3
95 191 1
177 229 1
60 78 1
24 65 1
68 123 6
74 126 1
7 216 1
211 252 1
71 113 1
109 132 1
173 234 1
4 29 1
67 238 1
13 146 1
114 258 1
95 130 1
47 238 1
65 166 1
133 237 1
73 219 1
204 246 1
139 236 1
60 140 1
43 130 1
36 129 1
94 151 1
48 252 1
71 89 1
166 174 1
141 171 1
68 214 1
22 40 1
137 175 1
148 165 1
231 251 1
124 186 1
92 179 1
82 107 1
18 239 1
213 225 1
45 129 1
187 246 1
31 237 1
141 194 1
161 201 1
128 141 1
16 129 1
113 193 1
167 209 1
55 89 1
75 112 1
162 258 1
167 236 1
7 36 1
18 161 1
7 152 1
170 193 1
90 196 1
35 72 1
97 227 1
72 209 1
128 166 1
17 112 1
3 242 1
1 43 1
79 123 1
83 209 1
10 168 2
146 232 1
128 137 1
183 252 1
208 229 1
163 198 1
35 66 1
89 262 1
25 146 1
26 226 1
188 197 1
86 212 1
235 243 1
130 236 1
123 158 1
114 118 1
24 128 1
96 250 1
1 79 1
17 155 1
77 148 1
10 256 1
151 235 1
52 224 1
140 250 1
37 116 1
31 230 1
132 221 1
49 236 2
237 258 1
186 251 1
70 90 1
169 186 1
88 171 1
42 208 1
100 147 1
21 87 1
57 229 1
74 250 1
130 215 2
100 177 1
21 140 1
169 213 2
119 230 1
89 242 1
168 225 1
40 208 1
39 72 1
77 94 1
63 63 1
70 218 1
79 205 1
173 217 1
90 136 1
237 259 7
179 205 12
19 38 3
81 164 1
61 191 1
77 155 1
26 149 3
77 254 1
48 123 1
86 225 1
108 257 1
10 191 1
45 259 6
117 177 1
246 254 1
3 193 1
17 85 1
155 263 1
126 246 1
39 216 2
76 147 1
10 65 1
121 230 1
47 113 1
210 244 1
163 177 1
28 37 1
126 230 2
133 235 2
10 131 1
90 94 1
238 260 1
77 256 2
35 224 1
95 244 1
80 213 1
18 50 1
85 250 1
157 177 1
219 244 1
20 159 1
15 134 1
155 193 1
62 136 1
3 230 1
108 229 1
37 63 1
26 108 2
26 227 13
63 213 5
39 232 1
163 219 1
22 102 1
63 219 1
61 86 1
26 178 1
159 163 1
26 228 3
162 235 6
136 224 4
17 159 2
14 52 8
43 147 4
71 123 2
61 222 3
196 243 2
192 216 2
35 258 2
9 135 4
64 171 2
64 191 2
191 222 4
74 212 7
93 212 2
70 89 2
71 235 2
93 168 4
62 76 2
22 24 2
186 191 2
225 250 2
237 254 2
9 92 2
79 169 2
157 258 2
39 222 2
91 106 4
41 160 2
51 137 6
14 216 2
7 218 3
37 159 2
61 77 2
51 130 2
116 254 3
56 72 2
81 129 2
61 213 2
55 234 2
35 239 2
168 209 2
91 170 9
51 185 4
47 182 2
76 244 2
22 137 2
69 247 3
36 131 2
116 197 2
51 229 2
71 71 2
34 39 2
164 205 3
14 145 2
92 203 3
186 207 2
140 219 6
79 222 2
17 73 3
35 137 7
51 127 2
55 137 5
63 165 3
114 182 2
51 148 2
11 173 2
56 157 2
71 203 2
61 254 2
121 171 4
90 139 2
41 51 2
210 210 2
51 87 3
67 165 2
61 166 2
222 225 2
77 157 2
66 77 2
18 76 2
121 258 3
62 139 1
123 165 1
154 181 1
26 135 1
56 171 1
39 220 3
81 130 3
77 261 1
164 218 2
35 48 1
177 191 3
53 191 4
91 162 3
210 225 2
193 202 2
18 61 3
90 182 2
155 227 2
121 191 2
148 169 2
60 148 2
131 216 2
136 258 2
117 191 2
83 83 2
213 258 2
188 236 3
33 76 4
171 177 1
41 225 1
126 237 2
17 117 1
36 39 1
72 88 1
69 213 1
7 66 4
70 107 1
146 225 1
50 206 1
100 131 1
63 261 4
213 247 2
61 244 1
91 195 1
74 91 1
139 230 1
101 205 1
91 140 1
23 244 1
56 76 1
9 196 2
37 86 1
71 77 1
77 230 1
119 232 1
72 232 1
117 142 1
48 55 1
11 232 1
174 235 1
77 218 1
35 213 1
9 10 1
11 45 1
76 220 1
69 147 1
56 193 1
208 238 1
36 91 1
63 71 1
21 142 1
37 71 1
137 235 1
35 216 2
121 225 1
38 53 1
81 236 1
17 205 1
10 216 1
34 90 1
48 254 1
56 130 1
123 157 1
126 238 1
130 229 1
102 241 1
4 35 1
76 255 1
45 206 1
55 228 1
76 90 1
82 228 1
102 137 1
33 63 1
10 16 1
207 209 1
49 134 1
60 235 1
63 127 1
76 263 1
3 241 1
77 186 1
10 42 1
123 193 1
48 118 1
96 162 1
134 197 1
18 102 1
173 193 1
39 228 1
77 210 1
200 211 1
46 119 1
159 189 1
36 89 1
21 148 1
46 62 1
168 213 1
45 157 2
80 82 1
77 90 1
193 225 1
41 194 1
74 193 2
49 72 1
33 188 1
82 117 1
131 179 1
62 75 1
39 233 1
39 76 4
155 223 1
168 256 1
49 64 1
76 92 1
79 159 1
14 256 1
9 252 1
63 87 1
55 181 1
91 141 2
13 38 1
82 89 1
135 233 1
235 235 1
205 219 1
164 240 4
22 142 1
70 202 1
188 244 1
18 157 1
129 213 1
89 124 1
194 237 1
60 68 2
17 71 1
56 252 1
39 181 1
86 230 1
89 225 2
69 85 1
64 82 1
134 258 1
77 233 1
171 215 1
85 247 1
81 234 1
17 193 1
15 90 1
43 131 3
179 181 1
117 220 1
119 148 1
69 216 1
148 241 1
50 89 1
51 174 1
75 171 1
94 258 1
129 216 1
17 124 1
135 217 1
76 225 2
9 224 1
29 113 1
197 197 1
77 181 1
137 169 2
137 213 1
96 230 1
18 65 1
36 145 1
180 197 1
79 183 1
130 218 1
69 97 1
76 222 1
35 188 1
59 205 1
70 87 1
168 224 1
121 165 1
121 173 1
91 225 1
15 79 1
35 82 1
137 195 1
72 222 1
72 244 1
70 77 1
63 230 1
72 165 1
91 261 1
35 181 1
42 217 1
219 219 1
21 39 1
75 76 1
41 62 1
25 206 1
56 215 1
92 121 1
77 85 1
151 183 1
85 113 1
36 242 1
37 177 1
48 64 1
